1675718025	1304406007
1851771797	1304406015
1750274377	1304406018
1658484261	1304406025
2014447663	1304406028
1686148663	1304406031
1782215570	1304406036
1802534081	1304406037
2110187687	1304406037
2037122077	1304406040
1789591303	1304406042
1586807115	1304406042
1750818323	1304406046
1775875491	1304406047
1919968314	1304406048
2034716057	1304406050
1957184850	1304406062
1838101195	1304406064
1721835520	1304406065
1847945793	1304406068
1965345663	1304406072
1657137097	1304406072
1803978952	1304406075
2101089815	1304406078
1852978943	1304406078
1793386380	1304406078
1733469032	1304406079
1819518043	1304406080
1171432197	1304406081
1885830341	1304406082
1714196634	1304406089
1770243727	1304406091
1423844973	1304406092
1879091180	1304406093
1462073470	1304406094
1842288274	1304406098
1865502217	1304406101
1775828407	1304406102
1830342332	1304406103
1756606115	1304406107
1405087764	1304406109
1887931754	1304406111
1597565200	1304406113
1917158935	1304406120
2030602871	1304406121
1925333954	1304406122
1872009470	1304406123
1669837923	1304406125
1842523407	1304406125
2012492923	1304406126
1649507901	1304406130
1422985470	1304406132
1047722882	1304406137
1895374813	1304406139
2119730294	1304406141
1883969503	1304406142
1793911325	1304406143
1780597713	1304406143
1856378244	1304406143
1917591523	1304406150
1756463807	1304406150
1626148393	1304406152
1745274392	1304406157
1743952625	1304406157
1809712744	1304406161
1628286921	1304406162
1581939715	1304406164
1884956404	1304406164
1767991730	1304406165
1771502771	1304406166
1656026493	1304406166
1999148871	1304406169
1768655584	1304406173
1737662192	1304406174
1960941453	1304406177
1890187025	1304406177
1892730382	1304406177
1277867103	1304406180
1869018025	1304406181
1214593210	1304406183
1722206927	1304406184
1943102850	1304406185
2121459164	1304406185
1771728533	1304406190
1803547874	1304406193
1823103025	1304406194
1793693115	1304406194
1797773613	1304406195
1910720180	1304406199
1868852674	1304406200
2092769645	1304406200
1575972407	1304406205
1806564994	1304406207
1799413982	1304406208
1797241294	1304406209
1847273632	1304406210
1868475173	1304406210
2109427474	1304406707
1212257361	1304406710
2002036997	1304406715
2032684555	1304406716
1100133210	1304406721
1820278260	1304406722
2059980923	1304406736
1726975902	1304406741
1749836301	1304406748
1759016467	1304406749
1760182965	1304406751
2042311067	1304406753
1191066694	1304406754
1892275004	1304406760
1727379981	1304406761
1884828017	1304406768
2128366524	1304406775
1729570645	1304406777
1626030630	1304406779
1814597621	1304406782
1767618151	1304406782
1929030365	1304406789
1801461081	1304406806
1835064081	1304406822
1783700965	1304406830
1986585924	1304406831
1995904051	1304406833
1297288511	1304406836
1844249045	1304406840
2081514163	1304406845
1865648425	1304406848
2110454563	1304406849
1835311861	1304406849
1878617411	1304406861
1930225022	1304406866
1789113972	1304406867
1892275974	1304406875
1740958342	1304406879
1852101514	1304406882
1762744914	1304406883
1801633597	1304406886
1990947855	1304406888
1842665381	1304406900
1781095583	1304406901
1708894527	1304406903
1041155542	1304406907
2068702127	1304406907
1741417937	1304406911
1865405182	1304406912
1681907845	1304406913
1965630111	1304406919
1794010052	1304406923
1911295581	1304406926
1911295581	1304406928
1772700212	1304406930
1867346722	1304406930
1911295581	1304406931
1920593013	1304406942
2005750321	1304406951
1786239891	1304406981
1966133135	1304406984
1901795507	1304406988
1146364104	1304406995
1682884732	1304406998
1723242512	1304407004
1618339383	1304407007
1954798783	1304407014
1914586393	1304407019
1242932754	1304407030
1889371187	1304407033
1766011362	1304407034
2002565125	1304407037
1787656171	1304407040
1699598311	1304407046
1789390711	1304407048
1796172011	1304407050
1821949010	1304407060
1850623924	1304407061
2040582225	1304407069
1056213520	1304407077
1668391521	1304407086
1899233123	1304407093
1993429855	1304407094
1824487603	1304407096
1989068813	1304407098
1844376000	1304407100
1848996313	1304407100
1297077427	1304407100
1863836004	1304407104
1352192872	1304407109
1957290417	1304407114
1799488621	1304407114
1156816682	1304407120
1987458005	1304407123
1839830797	1304407126
2024770975	1304407140
1760290504	1304407141
1950946201	1304407144
2115709932	1304407145
1699334140	1304407150
1790424755	1304407157
1882468285	1304407165
1923178881	1304407171
2105662674	1304407177
1810456352	1304407181
1721675801	1304407182
1688607530	1304407186
1292968574	1304407187
1645634694	1304407188
1749759580	1304407208
1840064070	1304407215
2102629337	1304407221
1843447115	1304407222
1818256433	1304407223
1861098070	1304407224
1430780347	1304407227
1963569980	1304407231
1886094422	1304407236
1785845951	1304407237
1791425497	1304407237
2063473047	1304407245
1790660314	1304407247
1737675465	1304407252
1837850773	1304407255
1814614560	1304407258
1600822744	1304407260
1760227583	1304407262
1188877244	1304407271
1967106942	1304407272
1739419717	1304407273
1399224742	1304407275
1653012627	1304407278
1725101683	1304407282
1508173171	1304407283
1750911437	1304407284
1653012627	1304407292
1916226951	1304407294
1827670217	1304407298
1898413141	1304407298
1650114553	1304407301
2074509213	1304407315
2034302793	1304407315
1659014485	1304407316
1868434314	1304407318
1801798580	1304407328
2042014493	1304407353
1771017812	1304407359
1932809297	1304407363
1880953935	1304407372
1906850067	1304407378
2030282227	1304407386
1730812327	1304407389
1729994591	1304407402
1705964735	1304407406
2054776607	1304407410
1805024321	1304407421
1343873195	1304407421
1866782501	1304407423
1683589454	1304407434
2034343553	1304407445
1930263512	1304407455
1899377042	1304407458
1775337305	1304407463
1913498983	1304407467
1266725114	1304407471
2095859390	1304407482
1458664301	1304407487
2042757847	1304407492
1791108597	1304407509
1770750322	1304407523
2108600357	1304407527
1786720365	1304407533
1975536971	1304407556
1922619457	1304407558
2086343681	1304407570
1426283503	1304407577
2057563953	1304407584
1732133235	1304407587
1833650211	1304407589
1799811755	1304407610
1913713210	1304407610
1875073432	1304407615
1969847065	1304407616
1683322820	1304407624
2047486533	1304407640
1692498723	1304407641
1942430747	1304407648
1856158700	1304407657
2044778034	1304407661
2010124207	1304407667
1843145827	1304407669
1892658637	1304407679
1671055452	1304407681
1850657364	1304407686
1850069010	1304407688
1861770233	1304407691
1849886041	1304407700
2078809845	1304407724
1951904622	1304407745
1638940212	1304407758
2077938105	1304407764
1766387601	1304407766
1352912383	1304407771
2033217984	1304407775
1919111463	1304407780
1869653674	1304407781
1832308690	1304407821
1964095287	1304407824
2076464501	1304407826
1965630111	1304407827
1779115315	1304407828
2088937447	1304407832
1244931224	1304407843
1828360044	1304407845
1771743927	1304407847
2008396123	1304407861
1856041971	1304407877
1814869674	1304407891
1805263175	1304407901
2033558103	1304407913
1843992057	1304407915
2047042317	1304407922
1858774004	1304407924
1842023727	1304407931
1832277847	1304407955
1808965762	1304407967
2113750111	1304407975
1435756211	1304407980
2020409315	1304407982
1097528662	1304407999
1772233320	1304408014
2060942321	1304408022
1843822453	1304408038
1618514052	1304408050
1815559272	1304408051
2034367804	1304408058
2081596817	1304408067
1807333360	1304408072
1793682990	1304408077
1908244867	1304408103
1280634272	1304408121
1794687060	1304408125
2116000770	1304408127
1486258972	1304408131
2085015137	1304408135
1788451085	1304408135
1704609390	1304408147
2117214102	1304408151
1913334413	1304408153
1924848974	1304408161
1652063767	1304408167
1635219432	1304408171
1827033727	1304408172
1875689357	1304408174
1869487704	1304408180
1766693472	1304408199
1217287964	1304408226
1923928711	1304408232
2047261193	1304408237
1503418307	1304408241
1879890940	1304408250
1731057823	1304408260
1755399907	1304408262
1773865402	1304408296
1736078350	1304408301
1902567227	1304408307
1750310741	1304408308
1242326144	1304408309
1757618995	1304408312
1806960662	1304408317
2034047637	1304408318
1964336283	1304408319
1923657375	1304408319
1465583177	1304408322
2117420010	1304408335
1290083997	1304408349
1929342151	1304408350
1491765424	1304408353
1692229941	1304408357
1864796772	1304408366
1653688164	1304408370
2066282175	1304408375
1819926995	1304408390
2008115217	1304408396
1904352587	1304408400
1916335643	1304408407
1899743141	1304408417
1783941024	1304408419
1884845680	1304408422
1779412445	1304408425
1800283824	1304408436
1813561334	1304408439
2007892877	1304408445
1662395791	1304408451
1987069535	1304408451
1872134531	1304408458
1657559330	1304408460
1918990661	1304408463
1998321747	1304408470
1732084770	1304408482
1873955063	1304408486
1846823512	1304408487
1756685385	1304408516
1826870897	1304408523
1661377667	1304408543
1924431227	1304408548
1907641445	1304408573
1780104175	1304408587
2109573212	1304408589
1786849494	1304408591
1763507511	1304408592
1868538285	1304408610
1760836072	1304408615
1533796194	1304408631
1746336927	1304408645
1883041181	1304408658
2051954375	1304408660
1850338223	1304408719
1752953660	1304408720
2107715697	1304408729
1818423474	1304408741
1805453143	1304408749
2129347034	1304408769
1803955942	1304408784
1583686702	1304408797
1718425620	1304408835
1813627523	1304408836
1690089837	1304408836
1730739497	1304408879
2087975067	1304408898
1871683664	1304408902
2008258783	1304408913
1814781197	1304408916
1807010242	1304408931
1783777061	1304408934
1709279823	1304408939
1400262550	1304408944
1782966537	1304408948
1705903830	1304408962
1911651342	1304408962
2065560037	1304408967
1850461037	1304408983
2059913137	1304408987
2027489871	1304408991
1991344555	1304408993
1928831435	1304408997
2032541411	1304409020
1906446651	1304409021
1929231993	1304409025
2115077385	1304409030
1083991390	1304409036
2096002454	1304409039
2034038120	1304409043
1878640803	1304409050
1969904857	1304409052
1069002520	1304409056
2037233065	1304409063
2129829530	1304409068
1652473901	1304409071
1886782010	1304409076
2000436455	1304409078
1697678367	1304409086
1659601393	1304409100
1975004712	1304409114
1780458085	1304409154
2054291917	1304409166
1004819127	1304409170
1894499635	1304409179
1807008870	1304409179
1708878002	1304409188
1789995544	1304409208
1917332667	1304409210
1064331970	1304409221
1850890540	1304409230
1912728721	1304409231
1795616272	1304409286
1873734314	1304409289
1785918007	1304409293
1728676534	1304409295
1891996673	1304409319
1877569391	1304409340
2101050170	1304409344
2030406035	1304409395
1740983291	1304409407
1826405765	1304409421
2027927377	1304409442
1992006021	1304409454
1674624111	1304409457
1807612601	1304409473
1937364401	1304409487
1967643141	1304409508
2112630975	1304409508
1964220531	1304409508
1768629265	1304409557
1661455052	1304409576
1977828087	1304409588
1219298801	1304409599
1974047115	1304409610
1950589164	1304409611
1785416895	1304409617
2029836531	1304409628
1952458573	1304409628
2012046597	1304409633
1760585925	1304409641
1859128782	1304409650
1794573850	1304409654
1804157715	1304409665
1773347720	1304409669
1846680535	1304409682
1838744413	1304409682
1837089793	1304409686
1796393977	1304409699
1883473084	1304409703
1748339275	1304409711
2045492877	1304409713
1717891152	1304409715
1870656981	1304409717
1080455011	1304409744
1761142695	1304409764
1884948764	1304409798
1916838502	1304409799
1770524300	1304409823
1946274404	1304409837
1752897520	1304409855
1842077631	1304409887
2115898013	1304409889
1916949791	1304409892
1687219322	1304409925
1768306215	1304409971
2028887031	1304409973
1737387987	1304409980
1000225174	1304409996
1914346057	1304410010
1739816230	1304410024
1760763543	1304410025
1734020152	1304410055
1890281675	1304410066
1806519254	1304410082
1236358501	1304410087
1910044005	1304410115
1570345523	1304410121
2127994444	1304410129
1979866757	1304410131
1275020634	1304410149
1870507672	1304410169
2116326083	1304410196
1898411137	1304410215
1669953672	1304410235
1282598895	1304410251
1825215124	1304410252
1877185785	1304410261
1709551107	1304410267
1823584035	1304410278
1656220517	1304410290
2112486165	1304410311
1802898907	1304410319
1868564262	1304410351
2057953730	1304410393
1721371427	1304410395
1822580741	1304410404
1981695067	1304410457
2014002094	1304410467
1844976804	1304410504
1746723060	1304410586
1780301261	1304410606
1826347512	1304410632
1728711364	1304410634
1746381020	1304410636
1781276313	1304410640
2040241321	1304410656
2099038313	1304410671
1987507727	1304410683
1802542502	1304410686
1767186194	1304410724
1891674710	1304410755
1724012424	1304410757
1845572197	1304410765
1835271654	1304410801
1941523805	1304410820
1918888912	1304410825
1760698184	1304410853
1920795581	1304410933
1987055933	1304410943
1699723953	1304410944
1794730952	1304410947
1999800773	1304410954
1924184083	1304410971
1285500073	1304410974
1592408827	1304411031
1897149685	1304411042
1881722112	1304411099
1594478875	1304411106
1661851153	1304411127
1855588417	1304411137
1909211907	1304411143
1748454800	1304411153
1829296297	1304411194
2002690730	1304411195
2078311183	1304411224
2024861202	1304411234
1590006982	1304411243
1919733875	1304411244
1971346613	1304411284
2113089483	1304411360
1955644375	1304411369
2082928605	1304411371
1767542510	1304411384
1717115792	1304411385
1912603982	1304411387
2091180611	1304411394
1934410407	1304411405
2005396441	1304411441
1671194125	1304411442
1864556194	1304411459
1686063313	1304411470
1841716835	1304411536
2047328032	1304411539
2122844614	1304411559
2023694195	1304411577
1880095014	1304411583
1642255864	1304411611
1642434972	1304411639
1822995363	1304411640
1746067322	1304411658
1808251972	1304411663
1939627364	1304411665
1752217484	1304411667
1764116985	1304411697
1761310161	1304411704
1262010067	1304411708
1955087173	1304411730
1782766833	1304411731
2122878604	1304411759
1678371167	1304411761
1931401660	1304411801
2001286131	1304411816
1927754131	1304411849
1297038317	1304411851
1838136807	1304411853
1734100474	1304411908
1657795781	1304411936
1950600191	1304411939
2051193495	1304411940
1725053504	1304411955
2034344991	1304411968
1264996190	1304412033
1677239767	1304412050
2090878675	1304412057
1906153355	1304412070
1973654921	1304412076
1732865767	1304412100
1031430445	1304412106
1842078755	1304412134
1502320904	1304412181
2027607965	1304412185
1775554252	1304412215
1969559767	1304412229
1856764451	1304412243
1286612767	1304412256
1998409712	1304412258
1830286174	1304412267
1916245457	1304412276
2075827767	1304412281
2051314027	1304412291
2027175643	1304412299
2043972284	1304412299
1770543427	1304412316
1864161551	1304412359
1876971047	1304412370
1767347075	1304412376
1996062487	1304412382
1867838374	1304412443
1602553504	1304412448
1660507871	1304412451
1768181210	1304412475
2036213243	1304412493
1806724341	1304412514
1932175675	1304412543
1105070200	1304412570
2099352521	1304412590
1786754861	1304412598
1858737680	1304412620
1826598020	1304412620
2101016891	1304412660
1875784461	1304412663
1935433821	1304412724
2000231433	1304412724
1930276621	1304412803
1885310855	1304412839
1839792922	1304412862
1027672005	1304412863
1817474261	1304412876
1774513381	1304412957
1920022905	1304412984
1972545843	1304413042
1931631661	1304413093
1735653225	1304413106
1396348082	1304413118
1773587594	1304413128
1846343615	1304413195
1893326561	1304413196
1941161273	1304413221
1862183011	1304413226
1296235042	1304413245
1978968422	1304413273
1727375623	1304413297
1987732397	1304413333
1752115874	1304413352
2109312211	1304413386
2032884203	1304413392
2007965825	1304413445
1677201655	1304413448
1944913217	1304413449
1874931871	1304413450
1988548165	1304413494
2101884694	1304413498
1998467182	1304413510
1896420433	1304413538
1997146880	1304413563
1891633081	1304413579
1897689733	1304413602
1882278244	1304413628
2045900505	1304413639
1850580030	1304413665
1752146564	1304413695
1773362691	1304413789
1973465717	1304413858
1750712794	1304413876
2056824947	1304413916
1252478954	1304413936
1913305907	1304414023
1989384571	1304414030
1745748197	1304414034
1774556584	1304414048
1823292461	1304414058
2107102462	1304414074
1843993613	1304414077
1867951617	1304414086
1997074597	1304414176
1735940122	1304414214
1780771465	1304414283
1858427120	1304414308
1863318970	1304414398
1692516627	1304414410
2084092871	1304414419
2123047442	1304414425
1866210780	1304414438
1931814875	1304414444
2093487822	1304414469
2068283933	1304414478
1464542447	1304414498
1840978257	1304414547
1303884430	1304414556
2091250455	1304414589
1771455915	1304414645
1765645605	1304414716
1762859331	1304414723
1913600524	1304414765
1806184863	1304414781
1858514917	1304414788
1644761792	1304414838
1779254073	1304414841
1822299527	1304414858
1988009177	1304414899
1719032413	1304414904
1847354330	1304414922
2098580527	1304414927
1791768955	1304414959
2081680321	1304414991
1692958094	1304415025
1736761067	1304415040
1804919733	1304415052
1789839101	1304415123
1774133843	1304415130
1780399364	1304415143
1577303465	1304415179
1676554873	1304415214
1738003120	1304415225
1664217432	1304415247
1880956182	1304415282
1787569123	1304415308
1841291277	1304415339
1191096757	1304415347
1743625535	1304415378
2055692367	1304415378
1784034824	1304415546
1627681520	1304415549
1801664184	1304415569
2098839603	1304415570
1906159311	1304415604
1769021280	1304415664
1774234760	1304415711
1751109680	1304415744
1768011824	1304415750
1991726845	1304415756
1926247513	1304415758
1759187983	1304415798
1918092007	1304415888
1799120473	1304415897
2020759531	1304415932
1854830077	1304415933
2013047437	1304415937
1738947203	1304415942
1748631215	1304416074
2104334623	1304416088
1633396781	1304416109
272461148	1304416110
1829743175	1304416136
2043924881	1304416148
1848146422	1304416230
1978560247	1304416246
1656985461	1304416268
1835131455	1304416280
1882867401	1304416289
1822986571	1304416378
2005776007	1304416394
1809140684	1304416438
2010976880	1304416482
1944904033	1304416506
1836969043	1304416564
1885504347	1304416613
2099246021	1304416639
1804411877	1304416660
1303020124	1304416732
1936149234	1304416762
1825547057	1304416841
1671469370	1304416857
1954475705	1304416882
1917443185	1304416887
1787906233	1304416921
1931489781	1304416956
1986489433	1304416965
1628982110	1304417080
1993933743	1304417130
1734629351	1304417145
1942693225	1304417264
1723027060	1304417273
2104745267	1304417282
2096766413	1304417333
1352948780	1304417337
2034610637	1304417352
1680166832	1304417360
1909330455	1304417396
1830155764	1304417444
2109950701	1304417458
1881282813	1304417481
1919422563	1304417485
1691588204	1304417551
1800393700	1304417588
1578212225	1304417602
1793055744	1304417616
1091938133	1304417740
1344770363	1304417742
1967007145	1304417773
1613243344	1304417881
1783814760	1304417888
1737909360	1304417901
1824004285	1304417901
2050576743	1304417912
1865449553	1304417981
1947425493	1304418001
1720355842	1304418035
2013226211	1304418102
1766148314	1304418178
2049381637	1304418187
1865639432	1304418202
1850601312	1304418257
2017026733	1304418452
1899311557	1304418535
1857938422	1304418646
1747115810	1304418684
1779565953	1304418712
1829613524	1304418724
2078594795	1304418726
2105325834	1304418736
1789295555	1304418816
1875155480	1304418818
1961644502	1304418907
1687806761	1304418954
1879696500	1304418964
2009670763	1304418968
1840477431	1304418976
1846334717	1304419008
1877870683	1304419010
1841565505	1304419030
1896281342	1304419057
1722760181	1304419067
1780522364	1304419075
2072785735	1304419082
1735810674	1304419130
2048804037	1304419250
1871686453	1304419291
1897778644	1304419403
1846001897	1304419419
1955514031	1304419426
2063008841	1304419473
1933262315	1304419488
2070847324	1304419497
1876086635	1304419597
1935375173	1304419619
1816470161	1304419724
1911822407	1304419726
50153706	1304419730
1910062364	1304419750
1788833141	1304419752
1708007820	1304419795
2111355614	1304419803
2027568451	1304419861
1831524390	1304419894
1390234997	1304419969
1856441942	1304420022
1985403871	1304420062
2102043385	1304420106
1977583274	1304420146
1806105514	1304420174
1821879465	1304420202
1720001844	1304420268
1909280333	1304420364
2017564871	1304420378
2056293691	1304420396
2035256437	1304420471
1919905555	1304420490
1836999610	1304420499
2008670057	1304420526
2100868863	1304420541
1735679572	1304420558
1892326733	1304420584
1704853441	1304420588
1970695353	1304420617
1751022637	1304420861
1997462185	1304420998
2032742611	1304421238
1710852970	1304421296
1919616164	1304421306
2126526090	1304421328
1662384401	1304421339
1843044051	1304421558
1962947837	1304421631
2117700081	1304421687
1784047911	1304421691
1924873041	1304421705
1801630592	1304421751
2120699474	1304421821
1727939291	1304421928
1632929041	1304435108
1708113454	1304435370
1393523702	1304435545
1863648674	1304435763
1748437591	1304435784
2086406181	1304435784
1979540525	1304435850
1845523912	1304436202
1797358383	1304436680
1910133455	1304436840
1813031767	1304436895
1778836105	1304436912
1748330462	1304437197
1307534813	1304437331
1896726851	1304437542
1811291004	1304437642
1781195362	1304437783
2013542997	1304438055
2127719480	1304438315
1880599922	1304438489
1789169357	1304438725
1679393931	1304438751
2038587871	1304439028
1850983972	1304439094
1811251194	1304439294
1133717314	1304439505
1659388470	1304439554
2117981967	1304440048
1840887974	1304440250
1940560285	1304440990
1785994961	1304441082
1948325844	1304441146
1940537702	1304441663
1999765801	1304442126
1532047233	1304442577
1812465685	1304442696
1271662355	1304442774
1883482134	1304443331
1870496055	1304444509
1665341193	1304444820
1725181771	1304447542
1993882302	1304448002
1883215155	1304450703
1761222700	1304452465
2095220970	1304454470
1991053677	1304454596
1881656484	1304460333
1894080371	1304463249
2100406964	1304464354
1778662344	1304467985
1939094913	1304468098
2006751083	1304468792
1760119075	1304471154
2101638473	1304472079
1782819427	1304473092
1746233812	1304474978
1767788880	1304475573
1713403191	1304475974
1405890230	1304476159
1888553173	1304476408
1734725642	1304476522
1870762914	1304477180
1885839814	1304477413
1132824975	1304481708
1999734511	1304483453
1999734511	1304483514
1455668565	1304484094
1726342711	1304484939
1452258537	1304485416
2014560177	1304487408
1851500540	1304487744
1851429751	1304488089
1653326597	1304489062
1544854341	1304489089
1858562472	1304492214
1881727304	1304494198
2018466057	1304496081
1773629807	1304497395
1806724041	1304498253
1758900517	1304502475
2097548271	1304503854
1926978897	1304504704
1895497255	1304505922
1099348994	1304509182
2092718955	1304511400
1793603691	1304512947
1986166742	1304513123
1832731221	1304513507
2132163722	1304514188
1758637967	1304515159
2013840983	1304520910
1812528934	1304522066
1991326207	1304522698
1225480757	1304523010
1861618970	1304528561
1879876943	1304558204
1865556785	1304565159
1777741377	1304577929
1739655707	1304585065
1758399035	1304592410
1727656527	1304592616
1327785650	1304601637
1824230553	1304603746
2102974531	1304606290
1877941423	1304608903
2133186654	1304659953
1748236571	1304683693
2126652624	1304686538
2110002413	1304690136
1823082731	1304731637
1942793345	1304770719
1699662524	1304784818
1883812927	1304838152
1882933477	1305423741
2011885093	1305464671
1944496422	1305635986
2106879755	1305947158
2038278955	1306080922
2007234582	1306245522
1992409677	1306666911
2163016677	1307540583
