1638781994	1308704837
1957120314	1308704854
1311175582	1308704866
1873896675	1308704874
1130384290	1308704874
1734021403	1308704876
1759897821	1308704881
1734021403	1308704886
2009002945	1308704890
1761099620	1308704892
1275918723	1308704909
2012129641	1308704909
1869799807	1308704914
2008099554	1308704922
1973199385	1308704929
1928694381	1308704931
1220588567	1308704946
2048043250	1308704946
1608920295	1308704967
1761117685	1308704971
1679354291	1308704973
1883187457	1308704975
1748352433	1308704979
1813085457	1308704995
1810365085	1308704998
1971267245	1308705000
1742361265	1308705002
1604941871	1308705005
1879464973	1308705008
1832124970	1308705011
2116601747	1308705022
1748188321	1308705027
1764059251	1308705041
1758965327	1308705045
1714602350	1308705046
1733883972	1308705051
1647368753	1308705060
1972184331	1308705063
1700780243	1308705072
1833262842	1308705079
1828129055	1308705085
1784146243	1308705086
1767155324	1308705091
1739998870	1308705091
1143544891	1308705092
1778041683	1308705097
1841500787	1308705097
1983095652	1308705103
1812831404	1308705105
1667880877	1308705106
2012008001	1308705107
1848415653	1308705110
1654725480	1308705113
1247396770	1308705113
1726086725	1308705113
1764772302	1308705118
1797217272	1308705121
1395723643	1308705130
1828756604	1308705134
1725107325	1308705142
1889055387	1308705151
1768816702	1308705156
1796504495	1308705160
1217728280	1308705160
1713879903	1308705169
1933245103	1308705174
1804121347	1308705174
1852479122	1308705175
1920071791	1308705177
1704735530	1308705200
1666926284	1308705214
1972936465	1308705225
1765707804	1308705229
2183853913	1308705250
1959167190	1308705252
1671026871	1308705255
2086203381	1308705294
1030090525	1308705300
1746670632	1308705303
1977983837	1308705306
1735454451	1308705307
2098568610	1308705309
2004890035	1308705324
1832168974	1308705327
1739482152	1308705329
1772305202	1308705332
1882545032	1308705335
1113924523	1308705348
1839552247	1308705349
2096349162	1308705386
1802005221	1308705404
2186823954	1308705407
1642538690	1308705408
1652933973	1308705409
2054365870	1308705442
1802042572	1308705469
1776650417	1308705502
1557911311	1308705517
1920599431	1308705522
1771477442	1308705531
1835064315	1308705544
1910836364	1308705554
1172228840	1308705555
1815572532	1308705565
1654057825	1308705566
1834554801	1308705580
1869224060	1308705598
1738692471	1308705623
1890136240	1308705624
1804121347	1308705665
2047290307	1308705689
1873448870	1308705702
1740547421	1308705710
1855438887	1308705735
2042463867	1308705741
1703789621	1308705750
1836836122	1308705764
1316395884	1308705771
1896290417	1308705775
1888831187	1308705776
1747792747	1308705786
1991309401	1308705792
1911439980	1308705794
1787113235	1308705802
1955067943	1308705804
1073955724	1308705814
1991309401	1308705823
1611723454	1308705827
1654673537	1308705836
1729499523	1308705836
1739823651	1308705840
1407945544	1308705854
1879315253	1308705861
1269161810	1308705885
1794001657	1308705898
1760288543	1308705899
1686892922	1308705906
1733103064	1308705910
1700168253	1308705911
1784710761	1308705918
1674906012	1308705927
1763337163	1308705935
1734744671	1308705955
1826873254	1308705969
2009051591	1308705989
1847426764	1308705990
1729997621	1308705992
1642381814	1308705994
1787430585	1308706005
1882165890	1308706013
1887877145	1308706018
1824609575	1308706022
1847335825	1308706036
1906575975	1308706049
1874553654	1308706054
1752355000	1308706055
1749628281	1308706066
1807609991	1308706067
1731625797	1308706073
1816651167	1308706074
1737164294	1308706105
2047156575	1308706108
1974978893	1308706119
1847200750	1308706120
1971120081	1308706125
1785388693	1308706132
1747237975	1308706133
1681878121	1308706149
1734245005	1308706182
1497011580	1308706215
1604886045	1308706227
1670825030	1308706237
1569155234	1308706260
1846481530	1308706280
1810492553	1308706299
1783026023	1308706310
1838027323	1308706321
1781444441	1308706323
1938979027	1308706331
1276743514	1308706333
1827321240	1308706335
1617394445	1308706359
1889108512	1308706364
1865883653	1308706406
1783660373	1308706427
1802031574	1308706432
2017653591	1308706439
1402583632	1308706451
1735861643	1308706469
1785814650	1308706469
1771190042	1308706495
1885773415	1308706527
1572839894	1308706538
1719695902	1308706551
1868843733	1308706628
1746195765	1308706649
1737616445	1308706653
1700957687	1308706665
1717172763	1308706676
1798304973	1308706678
1790655543	1308706721
1848084867	1308706730
1768231074	1308706754
1940535443	1308706781
1649832543	1308706826
2092915280	1308706843
1806816971	1308706871
1748116671	1308706880
1860551164	1308706959
1064525770	1308706959
1852776744	1308706965
2135942317	1308706976
1677709503	1308706998
1743126713	1308707025
1884672932	1308707087
1909998643	1308707142
1950875341	1308707186
1760420370	1308707218
1706432783	1308707218
2012378897	1308707226
1736923820	1308707332
2131602551	1308707426
1877105887	1308707447
1757862033	1308707488
1798991475	1308707521
2074899323	1308707530
1216373891	1308707584
2105964040	1308707616
1559006597	1308707628
1864271772	1308707629
1878982977	1308707661
1880924222	1308707674
1938574221	1308707688
2139457300	1308707695
1690388404	1308707742
1908309775	1308707845
1963678345	1308707856
1820714133	1308707870
1820875602	1308707879
2143797722	1308707902
1904089067	1308707941
2013184940	1308707986
1062517594	1308708010
1739437914	1308708102
1586944737	1308708103
1730664484	1308708207
1366959371	1308708320
1683279550	1308708372
1871043705	1308708397
1835560105	1308708403
1690948833	1308708462
2034341001	1308708470
2075239621	1308708544
1990895372	1308708566
1869306243	1308708817
1892657662	1308708845
1891499365	1308708892
1885992727	1308708907
1898759030	1308708930
1966088751	1308708942
1142258070	1308708995
1619350072	1308709030
1942308103	1308709396
1841604611	1308709440
1885217860	1308709599
1843741851	1308709632
1889110333	1308709646
2107482895	1308709666
1825892255	1308709688
1758566807	1308709893
1833622324	1308709908
2090768941	1308709943
1745796110	1308709950
1593566881	1308710088
1745485625	1308710114
1069325821	1308710199
1863886717	1308710272
1689598855	1308710272
1780962081	1308710322
1705392235	1308710474
1076704431	1308710620
1847497691	1308710681
1321546012	1308710954
1356455943	1308711076
1843102160	1308711114
2090774202	1308711273
1749971953	1308711294
1632318553	1308711536
2028701050	1308711537
1891126802	1308711585
1801047821	1308711821
1888716073	1308711913
1849322155	1308711981
1291638417	1308711993
1826531170	1308712094
2120928113	1308712099
1792234053	1308712147
1914278601	1308712208
1822233252	1308712274
2157900543	1308712306
2120032071	1308712537
1894084634	1308712565
1281786093	1308712668
1824977067	1308712737
1653473474	1308712893
1694384560	1308713011
1913930957	1308713127
1769918067	1308713149
1246506365	1308713282
1958483385	1308713307
2134537063	1308713340
1968315073	1308714248
1886360474	1308714827
2133233992	1308715190
2018479052	1308715213
1961753701	1308715309
1847706683	1308715826
2078452917	1308715861
1768034560	1308716059
2124887622	1308716381
1822275804	1308716685
1694711447	1308716925
1866860714	1308716963
2026639077	1308717001
1651004714	1308717214
1352294807	1308717330
1905491587	1308718177
1962818881	1308718217
1882676510	1308718303
1913417207	1308718376
2043336921	1308718892
1728178374	1308719209
1994095974	1308719631
1838343880	1308719874
1660228812	1308719923
1168717322	1308720466
1787827142	1308720552
1895929137	1308721162
1237324645	1308721996
1814346817	1308724931
1849727027	1308724940
1053103252	1308726552
1188602824	1308728733
1889080555	1308732363
1843914310	1308737888
1970643822	1308738909
1868821815	1308744199
1864547713	1308753342
2159550110	1308803824
1939342273	1308804708
1785333040	1309100311
