1642088277	1333341505
2286978752	1333341545
2630423353	1333341547
2327079582	1333341547
1869213894	1333341555
1768355701	1333341556
1824858633	1333341564
1798329340	1333341566
1678820754	1333341567
2313615464	1333341574
1654764987	1333341581
1221542911	1333341583
1862577204	1333341590
1887497533	1333341602
1770014904	1333341604
2640505461	1333341607
2143743242	1333341610
1952540713	1333341617
1570933051	1333341623
1759413071	1333341643
1600433084	1333341647
1835443393	1333341675
2502598745	1333341683
2207830933	1333341688
1464562364	1333341699
2166058662	1333341701
1739727084	1333341711
1096533962	1333341714
1405359285	1333341718
1203867581	1333341723
1772572484	1333341737
1910814541	1333341742
2660773853	1333341744
1424398013	1333341755
1897565955	1333341763
2024082153	1333341769
1748915082	1333341773
1977495954	1333341774
1858610320	1333341784
2091252830	1333341785
2579645562	1333341788
1841429632	1333341809
1150981222	1333341811
1713517013	1333341812
1616349763	1333341823
1826649067	1333341833
2035418535	1333341849
1681607120	1333341850
2001912641	1333341866
1262623994	1333341867
1706988114	1333341873
2632214093	1333341891
1910561377	1333341896
1741690583	1333341922
2130907283	1333341923
1673929692	1333341925
1401390110	1333341960
2070972533	1333341968
2122421500	1333341982
2475257231	1333342017
2637161041	1333342064
1879890220	1333342073
1101070964	1333342086
2004254301	1333342090
1930522470	1333342098
2600695255	1333342100
1894994251	1333342107
2279735461	1333342110
1463081867	1333342141
1792946172	1333342177
2262366080	1333342184
1791617187	1333342190
1920198894	1333342252
2679705461	1333342254
1407527847	1333342272
2589268175	1333342278
1065378181	1333342294
2141860683	1333342306
1758895852	1333342334
1836537062	1333342343
2133026001	1333342346
2306427933	1333342375
2632214093	1333342403
1659632960	1333342405
1773247467	1333342417
2303350607	1333342428
1258220657	1333342437
1018814085	1333342442
1171903971	1333342447
1311091987	1333342451
1740864301	1333342460
2303350607	1333342481
2636675337	1333342484
1705967350	1333342519
2287244784	1333342523
1720840981	1333342529
1768347973	1333342546
2478839220	1333342558
1239129677	1333342561
1941330585	1333342574
1659263261	1333342583
1089023742	1333342611
2381799334	1333342625
1869042430	1333342669
1434118945	1333342675
2377409342	1333342683
2119666493	1333342687
1866758175	1333342704
1067586662	1333342711
1952996520	1333342726
1761032412	1333342744
1926118843	1333342792
1197161814	1333342801
1965440244	1333342803
1977518935	1333342820
1648129045	1333342828
1700588850	1333342838
2169179441	1333342847
1676615693	1333342850
2409105924	1333342857
1836673025	1333342862
1821344274	1333342863
1776213303	1333342865
2006901990	1333342866
1790597197	1333342889
1376361860	1333342889
1956514527	1333342890
1110159141	1333342896
1429956243	1333342897
2497253120	1333342898
1903366204	1333342900
1692560785	1333342902
1660890167	1333342905
1434012115	1333342907
1254352814	1333342907
2201513250	1333342908
2690244101	1333342910
1482279622	1333342912
1401168982	1333342915
2115297520	1333342916
2139460835	1333342919
1741735832	1333342921
1447120345	1333342921
2051292311	1333342925
1852855621	1333342925
1931052681	1333342928
1686198524	1333342928
2276240814	1333342933
2619426195	1333342935
2098326434	1333342947
2730491684	1333342947
2091631963	1333342947
1857367780	1333342950
1722264964	1333342952
2094405567	1333342957
1850270370	1333342957
2030198513	1333342959
1658787020	1333342959
1132145952	1333342965
1404764231	1333342970
1796051535	1333342973
1782188454	1333342979
2615166352	1333342980
1954449527	1333342981
1665740023	1333342983
1773632715	1333342983
2642593273	1333342987
1942043925	1333342987
1653381595	1333342988
1413037853	1333342989
1963734550	1333342992
1951307523	1333342994
1761957630	1333342998
2370906250	1333343000
1060596041	1333343000
1902417607	1333343002
1745714863	1333343006
1902925117	1333343006
2549973634	1333343007
1347550937	1333343010
1746178532	1333343011
2263924144	1333343016
1984586677	1333343019
1579393401	1333343021
1298951377	1333343021
2316750031	1333343022
1870072901	1333343023
2330085184	1333343024
1903376203	1333343033
2295989653	1333343034
1696142444	1333343035
1881182887	1333343036
2133065997	1333343044
1960149931	1333343045
1689640460	1333343047
1614759044	1333343060
1030183560	1333343061
1703664834	1333343062
2303505464	1333343063
2193489202	1333343859
1223366164	1333343861
2059913815	1333343865
2675661764	1333343865
1661982697	1333343872
2635937595	1333343874
1456257574	1333343884
1635863535	1333343885
1942147214	1333343889
2007037375	1333343889
1919881935	1333343892
1893560531	1333343897
1772132721	1333343905
1945062207	1333343914
1855623785	1333343914
1771730760	1333343923
2694561850	1333343927
1249434803	1333343933
1765707072	1333343934
1053091191	1333343937
2377146254	1333343938
1696443715	1333343946
1898964201	1333343950
1473522762	1333343954
1923363684	1333343957
2265172651	1333343960
2416891941	1333343961
1744113391	1333343966
2248776325	1333343966
1807242854	1333343970
2289970485	1333343973
1863836614	1333343979
1730908344	1333343985
1847356292	1333343986
1880286720	1333344010
1703855715	1333344017
1723372017	1333344019
1662564694	1333344025
1733702262	1333344036
1855585631	1333344042
1287433684	1333344049
1105547807	1333344062
1653868400	1333344067
1900524471	1333344073
2526403265	1333344080
2606687691	1333344083
1242108313	1333344087
1329140144	1333344090
1653147522	1333344107
1911675445	1333344110
1869938093	1333344124
2010210553	1333344125
1584238685	1333344130
1400053487	1333344133
1768350383	1333344137
1914920210	1333344137
1199910820	1333344162
1718321644	1333344166
2011525865	1333344170
1463184242	1333344175
2507981624	1333344178
2041735392	1333344189
1495403121	1333344192
1652023203	1333344208
1799887371	1333344214
1748982975	1333344217
1972022767	1333344221
1793283344	1333344225
1633446522	1333344226
2342994350	1333344230
1963998963	1333344236
1052324750	1333344241
1728355495	1333344241
1862515505	1333344255
2553652352	1333344264
1889333631	1333344289
1765130795	1333344304
1683153141	1333344305
2171180172	1333344308
2362681995	1333344312
2392141235	1333344334
1865831861	1333344343
1847554835	1333344354
1980940857	1333344369
1168666344	1333344381
2339353517	1333344389
1189123723	1333344389
1629558955	1333344397
1525134090	1333344403
1860465445	1333344406
1689002831	1333344409
1010070524	1333344424
1924525640	1333344425
1718321644	1333344458
1880868124	1333344460
2610812273	1333344464
1697907254	1333344470
1926252385	1333344471
1398559077	1333344477
1819781681	1333344484
2615980717	1333344493
1879134747	1333344514
2576266871	1333344514
2627523787	1333344514
1702817041	1333344515
1778001383	1333344524
2195418073	1333344527
1766366701	1333344535
1298966715	1333344539
1767562665	1333344547
2534108623	1333344550
1288024991	1333344561
1481180165	1333344569
2010638155	1333344575
1704122582	1333344575
1584744417	1333344586
2143302764	1333344591
1163209960	1333344596
1878745017	1333344598
2190469617	1333344603
2452132320	1333344625
2436323101	1333344636
2632285095	1333344637
1692455174	1333344641
2203486032	1333344642
2686718595	1333344643
1780793551	1333344649
1887794507	1333344656
1959393587	1333344664
1846637914	1333344665
1504979233	1333344672
1840391041	1333344676
1722149041	1333344681
1873803854	1333344702
1823291954	1333344714
1305917894	1333344722
1668238465	1333344724
1870681175	1333344725
1676658811	1333344731
1502192575	1333344732
1924044153	1333344736
2524571614	1333344766
2449527594	1333344768
1942363765	1333344780
2313685577	1333344791
1918676403	1333344794
1923137177	1333344796
2153809275	1333344828
2234845997	1333344829
1473522762	1333344831
1674680891	1333344837
1893920594	1333344837
1946124925	1333344839
1705131051	1333344846
1648787135	1333344872
2291951845	1333344878
1506197175	1333344880
2301877194	1333344939
1970808221	1333344964
1982181847	1333344965
1887503411	1333344968
2158508927	1333344974
1391195737	1333344985
1661893412	1333345007
1698354642	1333345009
1709750195	1333345016
1095689445	1333345037
1822879153	1333345052
1500842910	1333345073
1414747374	1333345076
1958046607	1333345101
1092727321	1333345105
1769482104	1333345114
1865047921	1333345115
2016493495	1333345116
1728639645	1333345120
1644736547	1333345126
1082516902	1333345146
2354372140	1333345149
1865939324	1333345149
1748064834	1333345156
2162473062	1333345167
2061790055	1333345169
2173845540	1333345173
1670867705	1333345189
1678501767	1333345191
2616353695	1333345202
1918529970	1333345214
1439184325	1333345218
1977207633	1333345244
2010210553	1333345245
1400730883	1333345252
1942983370	1333345256
1201780181	1333345262
2123112003	1333345284
1063927672	1333345293
2655289435	1333345310
1908085971	1333345311
1465123874	1333345314
1302252437	1333345325
1177089974	1333345338
2459114904	1333345358
1294770584	1333345369
1672007431	1333345387
1904454533	1333345414
1346639700	1333345415
1785025537	1333345424
2176581951	1333345436
1707920187	1333345443
2261289117	1333345447
1804535351	1333345473
1732233171	1333345479
1095689445	1333345482
1532689177	1333345490
1409339911	1333345491
2410784253	1333345493
1735407103	1333345515
1658313033	1333345525
2475515130	1333345538
2007423097	1333345542
2655664155	1333345542
1262526483	1333345546
1896115043	1333345552
2632273553	1333345574
1773285393	1333345594
1408630751	1333345623
2363176570	1333345625
1806957124	1333345675
1589410280	1333345679
2658532152	1333345683
1965624304	1333345693
1446938132	1333345707
1501011707	1333345719
1888713205	1333345726
1403822477	1333345730
2651831931	1333345736
1645059142	1333345749
1407616990	1333345757
2375515044	1333345763
1411627163	1333345764
1235878131	1333345766
2547302731	1333345795
1686189612	1333345800
1968113921	1333345837
1935767791	1333345852
2036992644	1333345883
1886414235	1333345908
1572187764	1333345909
1824279253	1333345927
2671271103	1333345953
1803068735	1333345954
1986650363	1333345961
1577538852	1333345963
1865939324	1333345979
1658383675	1333345981
1872814572	1333345991
1847367741	1333346009
2256870987	1333346069
2185061500	1333346073
1886703381	1333346076
1979710613	1333346093
1766437203	1333346127
2173050772	1333346131
2170454677	1333346143
1018577612	1333346160
2430563991	1333346168
1721960394	1333346170
2529535790	1333346172
2001449167	1333346222
2281211742	1333346228
1237331490	1333346236
1848322032	1333346252
1730020253	1333346297
1741284920	1333346316
1668220664	1333346336
1803068735	1333346346
1454238465	1333346346
2110259531	1333346347
1011997732	1333346358
1247780510	1333346358
2134333703	1333346360
1901796467	1333346376
1667737965	1333346416
1627070561	1333346424
2653461041	1333346457
2145215231	1333346491
1257921243	1333346497
1434357074	1333346501
1779843931	1333346518
1765803682	1333346520
1848619457	1333346555
1762889423	1333346586
1803359842	1333346607
1868922615	1333346627
1803068735	1333346648
1747725231	1333346650
1085394605	1333346663
1110151162	1333346687
2214353300	1333346698
1768409042	1333346747
2610215863	1333346757
1973261555	1333346776
2681191571	1333346778
1797016054	1333346802
1795299515	1333346809
2135641171	1333346812
2528652255	1333346817
1753085600	1333346826
2053069623	1333346848
1230280002	1333346875
1771590073	1333346915
2142399643	1333346944
2172624220	1333346986
1338178183	1333346992
1662347893	1333346993
1992041800	1333347005
2103017505	1333347036
2375025340	1333347070
2315046611	1333347087
2126739882	1333347107
2480647665	1333347134
1909774050	1333347148
1768350383	1333347150
2002336081	1333347178
1914551601	1333347186
1892581157	1333347221
2513243114	1333347258
1179506897	1333347265
2241523651	1333347272
1946092497	1333347277
2687747321	1333347345
2133340352	1333347397
2077316793	1333347405
2005530045	1333347414
1118608491	1333347444
2705028600	1333347495
2646103012	1333347515
2158094654	1333347551
2450117964	1333347551
1748982975	1333347568
1861321564	1333347596
1736227333	1333347608
1925244230	1333347647
1407207431	1333347673
1803359842	1333347678
1905383225	1333347679
1963774821	1333347680
2093984717	1333347722
1411540033	1333347791
2519892245	1333347809
1747330101	1333347822
1094495960	1333347862
2635127103	1333347911
1717626942	1333347939
2132393877	1333347944
1283235815	1333347955
1784864225	1333348042
1763840231	1333348075
2556608604	1333348132
1685147242	1333348149
2483315241	1333348201
1248572663	1333348239
2260421185	1333348298
2031137615	1333348313
2245704010	1333348360
1894074324	1333348377
1854253933	1333348400
2219816180	1333348405
1579782727	1333348429
1560441410	1333348476
2172206361	1333348476
1826974411	1333348508
1980664535	1333348526
1867125905	1333348551
1317586735	1333348558
1905890733	1333348579
1992041800	1333348597
1853167950	1333348613
1483881600	1333348614
1992041800	1333348677
1495425985	1333348680
2686231613	1333348741
1906017404	1333348868
1100771843	1333348894
1773182555	1333348894
2595923121	1333348936
2542318904	1333348951
2442061231	1333349032
1762332862	1333349064
2156505760	1333349080
1405513187	1333349127
1484981481	1333349169
2328005983	1333349185
1483774253	1333349196
1964923713	1333349225
2176107581	1333349277
1664180272	1333349300
1512486200	1333349302
1450392940	1333349383
1766100754	1333349457
1242706512	1333349512
2429563490	1333349520
2125175087	1333349533
1683962425	1333349567
1717339602	1333349583
1954449527	1333349652
2287625865	1333349658
1425674337	1333349776
1723451673	1333349776
2020646527	1333349803
1201629605	1333349823
2546768564	1333349826
1133730127	1333349853
1246268464	1333349856
2237316967	1333349885
1748982975	1333349892
2296402893	1333349932
1164485442	1333349970
2727254554	1333349990
1934365445	1333350027
2643747433	1333350069
2131341591	1333350078
1660122380	1333350081
1495396834	1333350089
1901115541	1333350105
1925776750	1333350140
1071744114	1333350192
1867771584	1333350248
2416515412	1333350254
2337010184	1333350317
1626641421	1333350402
2597650671	1333350421
1886370383	1333350489
1612883375	1333350490
1877593315	1333350516
1586530832	1333350526
1651322551	1333350586
1981152017	1333350663
1162085032	1333350720
2491240313	1333350736
1164451377	1333350823
2409375410	1333350838
1642707922	1333350911
1484981481	1333350929
2154790084	1333350953
1859998500	1333350959
1929980671	1333350985
2009732631	1333351068
1223835620	1333351069
2633005643	1333351138
2573206620	1333351193
1677115455	1333351225
1066581601	1333351290
1088442534	1333351408
1468594474	1333351475
1802595844	1333351482
1951556741	1333351496
2004647131	1333351530
1422812373	1333351560
1244285963	1333351574
2122871781	1333351595
2418601852	1333351621
1989938585	1333351760
1789352761	1333351813
2154933587	1333351878
2530972702	1333351934
1950806300	1333351994
1898333260	1333352010
2181836127	1333352047
1701789412	1333352068
1277396180	1333352071
1135410135	1333352073
2575463181	1333352113
1402538190	1333352312
2001398362	1333352367
2268950461	1333352378
1598616955	1333352416
2625547215	1333352446
1458600264	1333352468
1418599312	1333352509
1585675165	1333352575
1042543815	1333352740
1954004357	1333352764
1400259800	1333352779
2019417245	1333352865
1244243145	1333352989
2497241480	1333353017
1402443723	1333353035
2152664791	1333353043
1720837680	1333353149
1711438890	1333353304
1689533853	1333353334
1686752795	1333353353
2406197995	1333353374
1403004207	1333353426
1928481455	1333353506
1614335427	1333353520
1903806677	1333353568
2121983815	1333353579
1809698560	1333353619
1100920473	1333353635
2353159425	1333353719
2645012893	1333353933
2283245222	1333353936
2656614281	1333353970
1938036384	1333353976
2125265031	1333353987
1606681644	1333353995
2636505415	1333354055
2326256555	1333354068
2508053872	1333354196
2639069320	1333354223
1280163132	1333354239
1280163132	1333354251
1505840441	1333354326
1952898081	1333354358
1280163132	1333354368
1353341370	1333354474
1096953480	1333354558
1921999015	1333354622
1900357970	1333354658
1339789281	1333354794
1629117995	1333354804
2562037932	1333354917
1854851181	1333354954
1987173057	1333355139
1735382003	1333355161
2665894573	1333355204
2481629097	1333355206
1913226645	1333355261
2689522631	1333355417
1729526723	1333355464
1975978715	1333355509
1886448827	1333355526
1369757434	1333355577
2260561791	1333355596
2629966921	1333355733
1971216317	1333355806
2256421325	1333355881
2356472575	1333355982
2383998617	1333356021
2388361865	1333356023
1407614300	1333356178
1989565165	1333356257
2204662341	1333356260
2264754852	1333356337
1813080181	1333356772
276029013	1333356813
1279315810	1333356815
1321701473	1333356833
1930382180	1333356845
2705010492	1333356851
1251511485	1333356856
1825831684	1333356869
1658522751	1333356873
2295072010	1333356879
1920401415	1333356885
1970365467	1333356889
1792672993	1333356893
2513452210	1333356898
1708823242	1333356906
1724422780	1333356908
1943231667	1333356913
1961731983	1333356918
2005439603	1333356931
1953947047	1333356934
2442002057	1333356937
2463760401	1333356941
2426196723	1333356954
2641685601	1333356981
2248533225	1333356987
1874589354	1333356989
1268211985	1333356996
2034730810	1333357010
1949441641	1333357018
1234392791	1333357027
1251962062	1333357032
1967036820	1333357033
1932195913	1333357034
2607427825	1333357037
1705814327	1333357038
2396807622	1333357045
2155806085	1333357048
1785961485	1333357053
2119331550	1333357060
2335993883	1333357066
2563556347	1333357072
2048028860	1333357073
2120620477	1333357074
1312437335	1333357083
2136145041	1333357093
2033054131	1333357099
2257316682	1333357106
2649578484	1333357107
2485770953	1333357114
2691587093	1333357115
1706343257	1333357116
1973595175	1333357121
1406285450	1333357133
2239319584	1333357135
1629455383	1333357139
1058290844	1333357143
1827638710	1333357152
2337437560	1333357152
1863088053	1333357183
1692207814	1333357194
1975645861	1333357233
1636194543	1333357235
2053774301	1333357235
2230025307	1333357236
1849463390	1333357237
1949880267	1333357238
2319035761	1333357259
1882425345	1333357287
1756974357	1333357307
1737167662	1333357308
1758651057	1333357339
1578399667	1333357354
2187632010	1333357359
1685801850	1333357362
1773653477	1333357364
2430139280	1333357371
1401131633	1333357391
2279416284	1333357424
1703614532	1333357432
1307340675	1333357433
1417354002	1333357456
1854774471	1333357473
1496861784	1333357496
2093761964	1333357514
1939441967	1333357514
1074211234	1333357520
1558502514	1333357540
2647588361	1333357563
2274426330	1333357588
2313311883	1333357593
1654537517	1333357597
1738430577	1333357606
1588125901	1333357608
1613674482	1333357619
1401681300	1333357652
1855673351	1333357657
1402932444	1333357663
2508051031	1333357700
1812375367	1333357710
1889670872	1333357724
1690123035	1333357742
1763926157	1333357786
1095675902	1333357798
1002484975	1333357803
1743233011	1333357839
2446251967	1333357872
2688274813	1333357886
1794796777	1333357893
2131909840	1333357939
1313475484	1333357945
1896413905	1333357961
1662382234	1333357977
1793742674	1333357979
2452184013	1333358028
2261140373	1333358033
1936419897	1333358039
2233401853	1333358048
1774233203	1333358070
1491438455	1333358079
1142600973	1333358080
1404806261	1333358091
1822879153	1333358100
2068480355	1333358116
1863552924	1333358139
1865894290	1333358158
1923378442	1333358195
1401927834	1333358216
1732808745	1333358225
1063421615	1333358226
1717005845	1333358227
2628675664	1333358305
2153890394	1333358308
1692748622	1333358311
1666032662	1333358325
1861267220	1333358334
2054419855	1333358352
2671725221	1333358363
1799111783	1333358398
1406519517	1333358429
1966113567	1333358440
1665060620	1333358444
1952576773	1333358464
1775898301	1333358473
2443898191	1333358481
2405878064	1333358484
2513025087	1333358486
1719376955	1333358488
2648787412	1333358496
1704589314	1333358542
1594911537	1333358546
2496203213	1333358570
1476468654	1333358578
2087861075	1333358584
2633051073	1333358646
1954944055	1333358650
2611594401	1333358665
1779431833	1333358680
1844092943	1333358689
1775216827	1333358786
1952622901	1333358814
1653136052	1333358837
2134493047	1333358842
2373007273	1333358854
2289447397	1333358877
2278059351	1333358885
1651368010	1333358897
1762234777	1333358911
1757494441	1333358916
1921699504	1333358945
2134493047	1333359006
1647173303	1333359008
2626903517	1333359080
2639873493	1333359100
1669429237	1333359158
1731742971	1333359181
2449931344	1333359218
2278468220	1333359223
2099711635	1333359235
1669759265	1333359264
1908599622	1333359325
1294875587	1333359339
1877106321	1333359340
1692774417	1333359359
1736009052	1333359415
2583461440	1333359463
2454003880	1333359504
2644711580	1333359511
1862832875	1333359513
1218637845	1333359569
1562066213	1333359576
1867757163	1333359617
2596848190	1333359664
2029757124	1333359714
1404442822	1333359782
1138992184	1333359818
2553991064	1333359859
2481439937	1333359885
1138992184	1333359902
2108132991	1333359911
1238885330	1333359932
1864592493	1333359978
1138992184	1333360007
2019057917	1333360014
1614759044	1333360022
2136086310	1333360029
1138992184	1333360041
1562066213	1333360107
1927089442	1333360116
1912633073	1333360188
2129868754	1333360244
2135675875	1333360260
2257832634	1333360353
1631209151	1333360371
1967160657	1333360379
1402164005	1333360433
1768727724	1333360488
1138992184	1333360495
2143040791	1333360511
2065598397	1333360562
1832689830	1333360636
1138992184	1333360650
2687915921	1333360659
1138992184	1333360764
1898588311	1333360840
2557097395	1333360871
1780346213	1333360880
2010517343	1333360928
2643977023	1333360994
1415769357	1333361063
2187680177	1333361155
1053656280	1333361209
1679698584	1333361267
1438080132	1333361305
1586149510	1333361498
1970328303	1333361532
2628259891	1333361647
2331102575	1333361769
1414059455	1333361819
1921332165	1333361860
1870425295	1333361929
1404806261	1333361959
1589164800	1333361970
1965350013	1333362040
2274257475	1333362093
1657178004	1333362097
2294649365	1333362130
1708458133	1333362221
2038975952	1333362227
2311015034	1333362247
1905998650	1333362346
1683504713	1333362401
1710742377	1333362629
1218957257	1333362683
1880986767	1333362725
2667575423	1333362733
2476639550	1333362859
1731742971	1333362947
1852267430	1333362978
1222787927	1333363091
1822460594	1333363171
1764723977	1333363306
2198624420	1333363314
1402478161	1333363414
2176477903	1333363419
1736254793	1333363502
1958327995	1333363507
1497216112	1333363534
2605083364	1333363564
1909687964	1333363638
1628525735	1333363811
2647038921	1333363865
1979701147	1333363892
1188619203	1333363914
2631008563	1333363942
1256327831	1333363983
1769469424	1333363984
1822941753	1333364167
2659640804	1333364561
1732028757	1333364694
2412436053	1333365075
1626095104	1333365122
2372059042	1333365360
2597759903	1333365363
2013800024	1333365421
2042730963	1333365482
1705870827	1333365832
2043189133	1333365866
2642659605	1333366082
2378487440	1333366114
2420556290	1333366450
1912364822	1333366492
1853212450	1333366720
2392521733	1333366721
1986928511	1333366858
2298808511	1333366871
2243176765	1333367051
2316244631	1333367113
1642103002	1333367118
1259623957	1333367217
1413324770	1333367276
1670402313	1333367494
2656446871	1333367587
1862324833	1333367600
2307152310	1333367622
2577488081	1333367783
1700179771	1333367810
2337310474	1333367997
2175931102	1333368051
2061624924	1333368152
1892172215	1333368159
1901514337	1333368246
1772261760	1333368572
1412339935	1333368645
1619862503	1333368691
2272403394	1333368752
2249198734	1333368776
1733981943	1333369190
2126239743	1333369261
1733585775	1333369473
1405859017	1333369494
2329837082	1333369610
1249060215	1333369739
1661216275	1333369822
1969047367	1333369867
2276713642	1333369989
1410031407	1333370191
2023946354	1333370252
2096163497	1333370348
1648010514	1333370369
2028439783	1333370889
1803563182	1333371304
2691780131	1333371305
2107452182	1333371485
1813594394	1333371676
1072940421	1333371853
1974802090	1333371969
1279871925	1333372068
2032741761	1333372079
2303787767	1333372161
2671893700	1333372579
1773115082	1333372680
1886095450	1333372836
1853140554	1333373130
2468063133	1333373223
1712823381	1333373320
1897944152	1333373499
1871345632	1333373539
2235491735	1333373868
1851745211	1333373958
2407236867	1333373971
1403222755	1333374205
1671703091	1333374262
2651851061	1333374352
2688121381	1333375251
1881448561	1333375313
2683380591	1333375608
1784588794	1333375773
1815277461	1333375786
2131955831	1333375878
1637991534	1333376233
2312736095	1333376237
2369226822	1333376357
1884399194	1333376874
2632573012	1333376957
1729896887	1333377022
1658182903	1333377143
1913052221	1333377289
2363548340	1333377571
2667542963	1333377719
2631294871	1333377751
1351954417	1333377787
1284691697	1333377986
2425275977	1333378043
2277493965	1333378324
1769818285	1333378385
2459095960	1333378529
1949780007	1333378799
1631607992	1333378896
2386901084	1333379770
2534288290	1333379943
1820943703	1333382734
1688915997	1333383419
1569177723	1333383911
2099313420	1333384992
2117901365	1333385536
2030389953	1333388728
2714414694	1333390953
1744137813	1333391024
2306296882	1333396885
2265261501	1333398936
2615061501	1333403293
2334063577	1333405654
2399239020	1333405859
1741617354	1333408638
2002481177	1333409005
1406582657	1333409365
2354039345	1333410763
2025359383	1333411094
1421238452	1333411677
1400422354	1333412032
1765655485	1333412181
2266946892	1333413457
1762941257	1333414856
1106517324	1333415082
2095152300	1333416462
1784368914	1333417627
1883053387	1333420929
1099610730	1333421087
1232418417	1333424111
2565043605	1333427953
2546160574	1333429893
1418901865	1333431659
2233450921	1333433887
2452018570	1333434923
1677834210	1333436903
1191234595	1333438600
2241069837	1333441148
1885402262	1333442371
1276681835	1333443474
1171856697	1333443596
1699295220	1333455832
1747596282	1333459262
2692327653	1333463160
1067832367	1333467256
1432480654	1333477235
2663637173	1333500655
1805637254	1333506497
2573840561	1333511286
1216497933	1333520645
1404941095	1333540333
1961531771	1333541089
1949994141	1333542267
1695358693	1333552457
1615487954	1333595867
1471625841	1333597012
1218470944	1333630483
1797913395	1333630867
1862712642	1333635101
2068799287	1333646899
2354078987	1333649014
2233637927	1333670652
1866459425	1333688379
2693659775	1333727150
1730766590	1333814084
2738988334	1333936041
1892443177	1334277138
1836303150	1334365291
1270038831	1334388249
2248250780	1334440906
1565102317	1334471064
1913929022	1334513049
1220715905	1334549165
1883002413	1334565631
1858035364	1334567255
2503421832	1334568294
2493323057	1334572966
1757882583	1334581072
1672198582	1334603506
1583192577	1334611049
1764437434	1334638782
1959067911	1334664374
1610474527	1334721042
1655366512	1334732573
1445040742	1334749191
1497414961	1334771934
1595537971	1334831613
2673994665	1335539967
1588125901	1337266504
1676699945	1338617794
1259117543	1338625029
1683771873	1338701988
1661686502	1338701991
1686117701	1338943552
1664492302	1338943562
1574014597	1341894022
2789704624	1342849511
2789662780	1342932889
2186792770	1343346647
2789704640	1344574084
2789704584	1344663367
2920571942	1346172178
2920584794	1346255316
2920596694	1347037623
2920609682	1347127493
2920571970	1347901289
2789688984	1351921953
1582761764	1351921955
2919435180	1351979738
2920519632	1351979739
1589706894	1352259947
2803454782	1352259948
2919847400	1352315553
2805068464	1352315553
2790013750	1352418764
2919474832	1352485292
2920618192	1352485293
2789980314	1352520330
2789653580	1352520331
2920659540	1352568152
2919501992	1352568153
2919326680	1352752517
2803608550	1352774490
2803764904	1352774490
2919732460	1352829636
1778394850	1352854713
2802925460	1352854714
2790023662	1352966208
2809242104	1353021315
2920442364	1353074689
2920209052	1353074691
2919594092	1353112684
2919389554	1353112685
2919702300	1353266935
2789924704	1353266936
1778357210	1353332233
1354243782	1353365424
2811335270	1353397004
2920568860	1353397006
2809572430	1353588989
2920456090	1353668742
2804693874	1353668744
2919803222	1353794714
2789831870	1353794715
1778129404	1353921487
2789716084	1355926312
2804969812	1355926313
2810902042	1355939505
2790036930	1356391708
1167011930	1356476815
2920420232	1358178940
2805458954	1358207601
2919354160	1358642842
2790011312	1358732344
2299714900	1361855473
2919667544	1364019023
2805097202	1364019024
2803992354	1364119493
2919525424	1364119493
2919267994	1364232709
2807821172	1364232709
1584062197	1364249644
1440491777	1364249644
2805431214	1364318282
2790102744	1364341731
1950212313	1417512889
