2068795981	1344181779
1722827642	1344181791
1839694642	1344181801
2090508003	1344181816
2710335234	1344181817
2204664320	1344181822
1267780083	1344181823
1756318623	1344181827
1886161324	1344181847
1411580984	1344181856
1414539337	1344181864
2647826520	1344181869
1418498381	1344181876
1861898642	1344181878
1644238803	1344181884
1659612793	1344181892
1626860355	1344181919
2068795981	1344181920
1838185317	1344181923
1780916377	1344181926
1670752242	1344181930
2087736901	1344181939
2295936062	1344181942
1783396832	1344181945
2269667654	1344181963
1443466970	1344181963
1829533692	1344181979
2015004015	1344181980
1055925767	1344181981
1421673242	1344181991
1730854987	1344181993
2120770854	1344181993
2248679973	1344181999
1482385811	1344182001
1835920754	1344182009
2040067903	1344182014
1869118745	1344182016
2096976624	1344182027
1734798541	1344182036
1828715373	1344182040
1881246474	1344182043
1425125750	1344182048
2168103097	1344182053
1727458411	1344182057
2695293033	1344182062
1974594483	1344182071
1987615851	1344182082
1840126722	1344182083
1930893824	1344182095
1863241254	1344182156
1686507381	1344182163
1419056434	1344182168
1817809563	1344182170
2351170697	1344182186
1859636904	1344182201
2291202467	1344182206
1172790174	1344182212
2202093533	1344182247
1781480303	1344182258
1442595207	1344182260
1826736605	1344182265
1070984345	1344182310
2687398622	1344182323
1877074772	1344182333
2027924937	1344182343
1782492473	1344182356
1742922780	1344182359
1863884370	1344182393
2833764474	1344182395
1926101155	1344182401
2156913105	1344182428
1784235837	1344182447
1791393245	1344182465
1886539762	1344182469
1797273015	1344182498
2396571094	1344182499
1916328921	1344182520
1885389194	1344182579
1879508104	1344182587
2269692585	1344182621
2024095523	1344182733
1931822283	1344182747
1683253151	1344182762
1879240482	1344182767
1908159311	1344182781
2509576757	1344182792
2026894667	1344182871
1979872327	1344182883
1909694777	1344182894
1975549371	1344183004
1633902381	1344183017
2427755050	1344183020
2043445402	1344183111
2749910205	1344183171
1811874382	1344183211
1627569125	1344183251
2210034040	1344183291
1475061435	1344183292
1965755105	1344183294
1864231112	1344183304
1240814837	1344183315
2067593391	1344183355
1941572845	1344183361
1912632535	1344183370
1736341891	1344183375
1642281637	1344183447
1768892135	1344183456
2335516374	1344183519
1785298742	1344183528
2046588875	1344183558
2496486535	1344183564
1831328840	1344183601
1718406273	1344183705
1841135740	1344183705
1308433970	1344183750
1756484947	1344183761
1752207104	1344183854
1761053517	1344183859
2037980505	1344183874
1943052575	1344183888
2290386372	1344183898
1653780555	1344183941
1658150671	1344183943
1764396115	1344183963
1765758784	1344183974
1763218430	1344184007
1758905004	1344184019
1879124765	1344184021
2729175093	1344184028
2156546581	1344184075
1761175184	1344184088
1764271935	1344184089
1857110150	1344184113
1774093792	1344184119
1714093420	1344184123
1650724057	1344184164
1729939521	1344184275
2160537835	1344184288
1660274577	1344184291
2120181810	1344184327
2476640940	1344184375
2081505177	1344184401
1907698477	1344184424
1790255441	1344184496
1349272161	1344184502
2134191470	1344184516
2050626675	1344184539
1648094197	1344184588
1079269561	1344184722
2718869063	1344184920
1898072341	1344184973
1778134833	1344185222
1768935757	1344185250
1897213284	1344185294
2314715203	1344185425
1732919582	1344185636
2099416915	1344185643
1772556695	1344185658
2591240531	1344185888
2082114995	1344185965
2106968550	1344186110
1986684181	1344186443
1908857883	1344186597
1752400320	1344186664
2265181180	1344186676
2610395943	1344186818
1415413641	1344187134
1230939945	1344187314
1902098620	1344187464
1783435261	1344187747
1557556007	1344187853
2652701552	1344188057
2652701552	1344188363
1820808494	1344188429
1823901770	1344188494
1790208961	1344188733
2712457003	1344189508
1812784772	1344190029
1793775472	1344190041
1403188485	1344190558
2239647232	1344190791
2288749014	1344191465
2150246192	1344191747
2675198015	1344191928
1059723301	1344192979
1807723410	1344194590
2099599390	1344194628
1673733481	1344196775
1902770883	1344201530
2008101483	1344202068
1745507932	1344202214
1776411801	1344202376
1891253013	1344202773
1829953741	1344203126
1806036253	1344203545
1886801931	1344203769
2009708062	1344204520
1608447301	1344204532
1893619613	1344204785
1985325793	1344205002
2276359622	1344205031
1406839967	1344205393
1462114270	1344205796
1860867504	1344205978
1861973772	1344205995
2588073034	1344206211
2072110483	1344206748
2197420263	1344207136
2654421593	1344207298
1561342922	1344207380
2065310481	1344207446
2243466363	1344207687
2099953004	1344207694
1897943617	1344207842
1412680785	1344207959
1731556502	1344207985
1872338260	1344208049
1652430617	1344208237
1660079585	1344208333
1870291627	1344208486
2839595670	1344208505
1730350084	1344208513
2316869403	1344208653
2025830163	1344208759
1864316737	1344208850
1004118652	1344208947
1057802471	1344209034
1769137754	1344209036
1749037234	1344209129
1823680645	1344209250
2590709104	1344209323
1725364292	1344209436
1861733370	1344209743
1747998234	1344209838
2038187820	1344209885
2038187820	1344209929
2568494685	1344210216
2463897312	1344210521
1828368563	1344210837
1964983983	1344210903
1839759007	1344210916
2013253931	1344211092
1729414647	1344211280
2134160184	1344211443
2108999015	1344211714
1649785715	1344211720
1878345530	1344211761
1461319484	1344211883
1807431064	1344212058
1635218407	1344212183
1785278495	1344212236
1725364292	1344212295
1958285643	1344212353
1838584061	1344212404
1861991342	1344212509
1861991342	1344212565
1871108984	1344212610
1854890421	1344212724
1947139327	1344212737
1794852725	1344212781
1748036294	1344212816
1930395373	1344212839
2569945807	1344212881
2900106713	1344212939
2418019652	1344213089
1351341093	1344213124
1654043811	1344213189
1963546735	1344213225
2096891971	1344213599
1874291255	1344213956
1704005033	1344213996
2002688363	1344214010
1816988291	1344214024
1757814321	1344214063
1910212085	1344214153
1411166270	1344214276
1870768205	1344214371
1676717901	1344214400
1402256124	1344214465
1402997153	1344214692
1629309494	1344214831
1717219590	1344214948
1699703971	1344215117
1515743292	1344215218
2016463883	1344215361
2087281535	1344215437
2263133043	1344215598
2378298950	1344215631
1737970303	1344215829
1956600687	1344216524
1779698365	1344217836
2169054422	1344218807
1898854983	1344218841
2805925114	1344220496
1844632934	1344220726
1676063222	1344222099
1890275362	1344229659
1752502537	1344232977
2634005670	1344232982
2170949772	1344232995
1763218430	1344232997
2889704974	1344233023
1770674443	1344233036
2318633810	1344233037
1863013943	1344233040
2089603711	1344233057
1795542142	1344233058
1860148660	1344233075
1886281222	1344233077
1789742393	1344233078
2822899351	1344233092
1145592291	1344233093
2461713013	1344233102
2286131140	1344233106
1270740472	1344233108
1812579810	1344233113
1701138875	1344233124
2884078624	1344233133
1785287672	1344233134
2541335237	1344233148
1756689997	1344233149
1953841957	1344233151
1842108874	1344233151
2290386372	1344233163
1784054903	1344233164
2788511731	1344233169
1725333882	1344233169
2396959411	1344233172
1248814750	1344233174
2061724625	1344233182
2906373163	1344233188
1756484947	1344233190
1869511094	1344233203
1806059317	1344233212
2721825465	1344233221
2486307681	1344233232
1938766770	1344233240
1845746585	1344233254
1944105973	1344233255
1725684364	1344233265
1839169242	1344233281
1859544322	1344233297
2127981337	1344233312
1045927022	1344233324
1774093792	1344233345
1892580013	1344233376
1925188227	1344233388
1950248177	1344233419
1925188227	1344233483
1825028437	1344233485
1783547207	1344233538
2310508851	1344233538
1910212085	1344233547
1898859262	1344233553
1759115113	1344233601
2161403281	1344233606
1985461927	1344233607
1660681573	1344233663
1768124620	1344233685
2252912387	1344233702
2024939045	1344233727
1953771744	1344233740
1248315025	1344233746
1800462941	1344233759
1728728722	1344233798
2683619822	1344233800
2478702272	1344233830
1743074861	1344233944
2564524227	1344233953
2601169125	1344233978
1962295161	1344233985
1869511094	1344234024
1994484347	1344234202
1929599592	1344234246
1750880210	1344234335
1766225811	1344234387
1820418562	1344234471
1802082337	1344234545
2675709724	1344234567
2641572455	1344234621
2178614462	1344234623
1849176127	1344234640
1380461251	1344234713
2279158633	1344234738
2133147405	1344234966
2039984757	1344235078
1989729161	1344235323
1757321171	1344235730
2909021977	1344235834
1903526425	1344236094
2583943934	1344236207
2747137073	1344236211
1837734947	1344236483
2286923573	1344236505
1943052575	1344236562
1947492890	1344236934
1752996417	1344236950
1787452144	1344237007
1753077275	1344237324
1730188713	1344237449
2671130503	1344237540
2280520913	1344237724
2540934027	1344237761
2193221010	1344237878
2886964504	1344237941
1999925673	1344237979
1674698775	1344238079
1892567501	1344238265
2265872540	1344238355
1664703791	1344239217
1821356433	1344239228
1786813131	1344239407
1950982172	1344239450
2790479901	1344239473
1752730670	1344239619
1972913115	1344239700
2089603711	1344239965
2667532633	1344239970
1780813562	1344240041
1817370205	1344240645
1634499392	1344240841
1857773702	1344240960
1623406771	1344241084
2472323371	1344241405
2451673813	1344241686
2134723087	1344242268
2698342821	1344242330
1744272203	1344242366
1399671382	1344242593
1942544387	1344243253
1873367104	1344243466
1757787493	1344243552
1849867995	1344243892
2128135363	1344244029
2116960475	1344244036
1773854957	1344244928
1869702007	1344245581
2854780710	1344245581
2619450881	1344245820
1338420684	1344246600
2128807045	1344246694
1994542585	1344246783
1808913942	1344247366
2043042135	1344247628
1711188523	1344248019
1985257503	1344248615
1851148110	1344250189
1896719152	1344251333
1743786792	1344252150
1839933664	1344252465
1758905004	1344252664
1932056821	1344252835
2874409267	1344252923
2098552912	1344255342
1891175291	1344255403
1957322190	1344255739
1745520285	1344256068
1834745930	1344256217
1756328785	1344256494
1839657021	1344256838
2127609132	1344257477
1719725790	1344258038
1696003843	1344259358
2441609813	1344259533
1752960077	1344260151
1501457122	1344260451
2034191203	1344260880
1750961050	1344261160
1974520035	1344261587
1807234617	1344261891
1736711010	1344263363
2015206657	1344263941
1792859151	1344264075
1803317543	1344264175
1938329153	1344264253
1878691435	1344264437
1805150951	1344265446
1828948260	1344266717
2663480641	1344267485
2012303835	1344268395
1796881315	1344268684
2457681010	1344300788
2389837387	1344302483
1947156673	1344313057
1909862484	1344319687
2490145865	1344340940
1781593302	1344381405
2516646622	1344430984
2089779151	1345345528
