1639483893	1343226835
1687046193	1343227019
1742077392	1343227021
1268081807	1343227021
1749294330	1343227022
1958387101	1343227023
1967447563	1343227028
1979999633	1343227031
1881535124	1343227035
1645655657	1343227035
2876214812	1343227038
1702907904	1343227040
1984456981	1343227044
2072056653	1343227044
1941543087	1343227047
1782767831	1343227051
1750262025	1343227053
2134627671	1343227053
1791283575	1343227059
1437965474	1343227062
1963481143	1343227065
1551686811	1343227065
1807979950	1343227065
2100401193	1343227066
1575432512	1343227067
1949002165	1343227067
1913451475	1343227069
1931244593	1343227077
1098769712	1343227078
1748438455	1343227078
1664013543	1343227080
1968244553	1343227080
1856054853	1343227081
1755331557	1343227083
1239287840	1343227083
1440600957	1343227086
2142457725	1343227086
1742034920	1343227088
1925150163	1343227088
1401538953	1343227092
1922935662	1343227093
1943812393	1343227094
1731009130	1343227095
1881512715	1343227097
2057415262	1343227097
1763270217	1343227097
1735603060	1343227101
1642050733	1343227107
1708768403	1343227108
1690698034	1343227110
1637234651	1343227114
1769247040	1343227115
1849480405	1343227124
1770736890	1343227126
1970711514	1343227127
1774969714	1343227128
1693514607	1343227130
1647552312	1343227130
1930882481	1343227135
1986760115	1343227137
1742671420	1343227139
1775484781	1343227140
1790121011	1343227140
1069330917	1343227143
1868522244	1343227143
1676187937	1343227147
1865223262	1343227148
2093302653	1343227148
1746577423	1343227153
1405863687	1343227153
1347694957	1343227158
2007123201	1343227162
1707853750	1343227163
1627488705	1343227163
1557053481	1343227166
1294092271	1343227166
2144505697	1343227169
2111987840	1343227175
2172841391	1343227177
1738507272	1343227179
2579831774	1343227180
1707592023	1343227185
1680538173	1343227186
2372733624	1343227188
1135129175	1343227189
1171754910	1343227190
1571888405	1343227192
1802289822	1343227192
2045519241	1343227200
2399359367	1343227200
2547853491	1343227203
2232667230	1343227204
1854170620	1343227205
1656943612	1343227208
2360524890	1343227211
2001336483	1343227223
1600093312	1343227226
2645490794	1343227226
1969147495	1343227227
1897257115	1343227234
1741799363	1343227234
1772317371	1343227244
1373341454	1343227245
1781600423	1343227247
1680334550	1343227247
1979802243	1343227250
2843929405	1343227253
1880457192	1343227255
2169863790	1343227256
1939218097	1343227257
1865172977	1343227258
1929105407	1343227260
1693305763	1343227265
1613357971	1343227271
1829961614	1343227272
2159089171	1343227274
1922825281	1343227275
1781311603	1343227275
1874674875	1343227276
1275479533	1343227278
2006635365	1343227280
2146149385	1343227282
2159876752	1343227286
1883750473	1343227287
1873280113	1343227288
1647624760	1343227292
1759904167	1343227296
2680822194	1343227297
2066124087	1343227304
1708517702	1343227304
1864054975	1343227304
1218463561	1343227305
1993802145	1343227306
1992243997	1343227308
1625357637	1343227309
1813516825	1343227311
1582982921	1343227312
1316809870	1343227312
1093708731	1343227314
1724643137	1343227314
1607511395	1343227314
1923263353	1343227315
1748709250	1343227319
1780451804	1343227320
1808966960	1343227320
1566784443	1343227321
1929446721	1343227326
1703654551	1343227328
1818421443	1343227329
1687847705	1343227331
1720452044	1343227342
1733685437	1343227343
1641345090	1343227344
1770834603	1343227344
1964734523	1343227344
1099489614	1343227345
1433003064	1343227349
1716250290	1343227359
2793196264	1343227363
1664484354	1343227367
1830211980	1343227371
1583421422	1343227371
1858710722	1343227375
1069531830	1343227378
1665895044	1343227380
1402330233	1343227386
2636131307	1343227395
1689211430	1343227398
1794233580	1343227398
1644798622	1343227400
2819465841	1343227400
1825967264	1343227409
1349293897	1343227415
1744373945	1343227415
1752060005	1343227415
2679354621	1343227419
1648067654	1343227421
2025639855	1343227422
1734405731	1343227435
1805589172	1343227438
1978814445	1343227441
1928882364	1343227444
1998511171	1343227447
1846460603	1343227450
1706055271	1343227452
2184305294	1343227454
1795622111	1343227456
1899421122	1343227460
1744528561	1343227464
1462928694	1343227468
1767147240	1343227469
1910373342	1343227470
2745947103	1343227471
2547900892	1343227477
1851629495	1343227483
1075308050	1343227488
2346193213	1343227508
1777753437	1343227513
1728073121	1343227528
1782767831	1343227530
2026272225	1343227532
1658666455	1343227533
2145264341	1343227536
2009060177	1343227536
1961645555	1343227540
1911252355	1343227547
1774127897	1343227549
2405299440	1343227557
1644192520	1343227558
1652890755	1343227558
1484127862	1343227563
1688848405	1343227567
1680878724	1343227570
1761523411	1343227571
1895114564	1343227578
1841131554	1343227579
1721817244	1343227580
1248115920	1343227580
1923965161	1343227584
2243808224	1343227586
1233066454	1343227590
1311898515	1343227599
1740032211	1343227602
1257756674	1343227609
1746293787	1343227611
1940877183	1343227616
1936448194	1343227620
1935889323	1343227624
1842179940	1343227638
1925819853	1343227640
1715504382	1343227640
1774069337	1343227642
1914365580	1343227643
1341611271	1343227647
1748259457	1343227653
1186995014	1343227658
2133634584	1343227659
1758534403	1343227659
1698397151	1343227665
1663452837	1343227668
1905944445	1343227670
1781073450	1343227679
1682867387	1343227682
1730273081	1343227684
2821453291	1343227710
2258422555	1343227712
1833779312	1343227718
1588198861	1343227719
1741849705	1343227726
1841130315	1343227732
1711411030	1343227734
1295468492	1343227736
1751567194	1343227739
1690113765	1343227747
1667882022	1343227752
1658185910	1343227753
1850815403	1343227757
2015720451	1343227757
2453110501	1343227772
2080208881	1343227772
1707226724	1343227773
1779287275	1343227780
1239164977	1343227783
1275476794	1343227788
1655500652	1343227794
2664588361	1343227797
2653047502	1343227804
1938496415	1343227804
1856552170	1343227808
1844488634	1343227819
1727680143	1343227820
1464513675	1343227825
2125591665	1343227825
1870034321	1343227826
1221010027	1343227831
1631029943	1343227831
1869044774	1343227833
1779447333	1343227835
1852606817	1343227835
2619374750	1343227843
1763315460	1343227846
1230445820	1343227848
1651463973	1343227864
1260853111	1343227867
1871955500	1343227867
1927984067	1343227874
1415675777	1343227879
2369074332	1343227883
1946306387	1343227899
1445972267	1343227904
1776208301	1343227906
1557114775	1343227912
1637983131	1343227912
1280278082	1343227918
2098813770	1343227922
2656421873	1343227931
1847935911	1343227934
2595842261	1343227941
2098031123	1343227942
1658789861	1343227960
1447206235	1343227965
1883272664	1343227967
1715504382	1343227967
1076119891	1343227969
2052926845	1343227969
1732635102	1343227980
1965228805	1343227983
1848989282	1343227991
1613231437	1343227993
1410323391	1343227994
1795437997	1343228000
1740253491	1343228001
1947293231	1343228001
1547635060	1343228001
2219963741	1343228010
1994596410	1343228015
1807113340	1343228016
1862190497	1343228021
1863358350	1343228022
1838073493	1343228026
1752413942	1343228031
1905668531	1343228053
1747650637	1343228055
1678615357	1343228055
1666009410	1343228056
1884712407	1343228064
2129390511	1343228067
1170460187	1343228075
1751421374	1343228089
1957951283	1343228098
2029394583	1343228109
1736740377	1343228116
2162293981	1343228117
2683769153	1343228118
1811627031	1343228130
1400246447	1343228130
1247244853	1343228145
1875671261	1343228148
2310201183	1343228150
1855234077	1343228154
1827323391	1343228166
1859540374	1343228167
1769019771	1343228168
1135813524	1343228170
2605394072	1343228171
1315047767	1343228174
1890521552	1343228183
1705550183	1343228187
1746247024	1343228191
1558109987	1343228193
2878190853	1343228197
2129561232	1343228198
2120239644	1343228201
1619313430	1343228203
1868138932	1343228208
1401372503	1343228209
1812560103	1343228213
1903473587	1343228227
1511886570	1343228230
2310207220	1343228235
1285565444	1343228245
1675031335	1343228247
2314466501	1343228248
2165619424	1343228251
1733928293	1343228259
2260245835	1343228265
1327139932	1343228267
1881920142	1343228269
1961381615	1343228270
1274338451	1343228287
1865191234	1343228287
1006349667	1343228288
1540189424	1343228297
1784278930	1343228299
1668564321	1343228305
1856063515	1343228307
1291342457	1343228308
1402906215	1343228314
1581906897	1343228320
1628437202	1343228329
1795506211	1343228338
1995525685	1343228340
1806299860	1343228340
1747230792	1343228341
1871843560	1343228343
2076931405	1343228344
1903409447	1343228347
1899612037	1343228356
2624605251	1343228360
1778102353	1343228376
1854023120	1343228381
2007894844	1343228385
1171309504	1343228400
1168492944	1343228403
2668628523	1343228404
1051484120	1343228410
1729198725	1343228411
1756665483	1343228412
1910611422	1343228430
1141371374	1343228439
2263168062	1343228444
1927984067	1343228450
1645801791	1343228452
1929319681	1343228453
1427095292	1343228457
1776193427	1343228458
2360913265	1343228464
2526946075	1343228470
1095223315	1343228473
2183938107	1343228474
1724885385	1343228491
1112246463	1343228495
1772193602	1343228496
1883329094	1343228510
1045585935	1343228513
1758465591	1343228514
1212487240	1343228516
2231067862	1343228522
1730506321	1343228524
1970079645	1343228541
1677745991	1343228555
1196530250	1343228558
1812505375	1343228569
1593905365	1343228572
1937204445	1343228586
1788754081	1343228593
1665164542	1343228595
2000020032	1343228601
1634150973	1343228602
1998698960	1343228607
1215184337	1343228613
1801269793	1343228637
1750096017	1343228646
1940565453	1343228650
1769062637	1343228651
1744990145	1343228661
2757454755	1343228681
2276411845	1343228689
1742857477	1343228693
1976935371	1343228694
1722457777	1343228699
1928339057	1343228704
2269102830	1343228711
1689366220	1343228713
1689344627	1343228719
1266327785	1343228723
1722011561	1343228725
1758504743	1343228744
1497836522	1343228745
1695307531	1343228747
1866385231	1343228749
1808093682	1343228752
1862292960	1343228754
2478001482	1343228756
1600342295	1343228757
1904858511	1343228759
1683238097	1343228763
1901537051	1343228767
1040483987	1343228780
1067424611	1343228783
1916821305	1343228783
1663297563	1343228786
1623582520	1343228790
1325880934	1343228798
1087261490	1343228800
2635802471	1343228800
2090809414	1343228806
1499108804	1343228808
1276793987	1343228812
1895242437	1343228817
1657158165	1343228819
1687333183	1343228827
1003018105	1343228843
1828450773	1343228846
1303507961	1343228872
1808303354	1343228878
1719207133	1343228898
1727085474	1343228900
1632453690	1343228905
2297174881	1343228907
2299256427	1343228908
1909100483	1343228911
1568868223	1343228911
1717742020	1343228942
1827161121	1343228950
2340997267	1343228964
2187061830	1343228969
1244308163	1343228969
1687453517	1343228987
1696919855	1343228989
1832865025	1343228990
1681125850	1343228992
1409171927	1343229017
1811653071	1343229024
2096177097	1343229025
1930792365	1343229035
1792886812	1343229045
1400227137	1343229055
1686912890	1343229060
1043585425	1343229061
1440615272	1343229063
1586231237	1343229071
1760959200	1343229075
1677150070	1343229086
1761345354	1343229098
1018887167	1343229125
1838210842	1343229126
1898255697	1343229152
1927193282	1343229165
1728236983	1343229168
2165649941	1343229178
1796570373	1343229183
1752532762	1343229191
1780913271	1343229193
1773502805	1343229197
1151310031	1343229215
2014343625	1343229222
2025268593	1343229224
1227835885	1343229224
1767748891	1343229238
1862777541	1343229239
1644651760	1343229255
1798745865	1343229256
1730795987	1343229266
1833795030	1343229267
1821021267	1343229271
2476147952	1343229273
1798603292	1343229283
1710206755	1343229300
1814294025	1343229313
1406486344	1343229316
1800560207	1343229321
2673706411	1343229322
1762070372	1343229326
1865483490	1343229332
1498605767	1343229336
1756809565	1343229340
1917369005	1343229342
1635057840	1343229350
2807277484	1343229360
1712577715	1343229362
2612051040	1343229408
2524621141	1343229428
1946254315	1343229481
2443968364	1343229490
1635102610	1343229492
1805542782	1343229495
2012134882	1343229503
1769271114	1343229541
1931456033	1343229551
1873204665	1343229567
2119211214	1343229567
1929314991	1343229572
2129614741	1343229583
1363058715	1343229586
2659394411	1343229628
2007847463	1343229647
1624874462	1343229658
1799036821	1343229714
1644786340	1343229718
1620969271	1343229730
1801689087	1343229774
1212917450	1343229778
1886932743	1343229781
2250751180	1343229793
1648953874	1343229799
1928448877	1343229841
1301374950	1343229865
2188776304	1343229868
1743636002	1343229873
1312668035	1343229890
1566156954	1343229899
2110813785	1343229903
1910893065	1343229912
2827858092	1343229948
2264562733	1343229952
1747810012	1343229952
2386981901	1343229961
2275980764	1343229962
1655709334	1343229975
1789786707	1343229977
1794020850	1343229980
1062661283	1343229985
1933472815	1343230004
1795771907	1343230009
1715987852	1343230015
2837915270	1343230026
1951204047	1343230032
1833795030	1343230070
1778595211	1343230097
1853722377	1343230100
1718022277	1343230190
1693472091	1343230212
2417470380	1343230224
1658944620	1343230225
2804494541	1343230238
1742461172	1343230256
2016309775	1343230261
1724410065	1343230278
2032481757	1343230311
1241018300	1343230314
1836396827	1343230320
1890425367	1343230345
1294457495	1343230351
1687108174	1343230366
1972547297	1343230377
1618721180	1343230384
1440758905	1343230425
1661990580	1343230467
2434591934	1343230496
1950106105	1343230533
2349800642	1343230533
1926525497	1343230543
1944044314	1343230569
1737530874	1343230585
2491622895	1343230594
1694167177	1343230622
1661703713	1343230631
1564069380	1343230643
1615518957	1343230661
1729622497	1343230693
1647662323	1343230705
2185678300	1343230709
2054372795	1343230716
2639204740	1343230722
1675125050	1343230726
2170934593	1343230758
1840881063	1343230760
1737779121	1343230767
1888018724	1343230771
2675618613	1343230802
1024800634	1343230834
1853649303	1343230835
1032338775	1343230838
1818828791	1343230847
1850016504	1343230893
1952796647	1343230912
1646995990	1343230913
1704777154	1343230932
1548474453	1343230935
2407683612	1343230939
2029572843	1343230941
1727176557	1343230963
2115456220	1343230970
1728527880	1343230976
2036056067	1343231007
2630349581	1343231007
1245703662	1343231035
2632501963	1343231068
1455806363	1343231070
1798710625	1343231076
1630642211	1343231099
1956209365	1343231135
2053514325	1343231146
1390124483	1343231152
1875267500	1343231165
1759016155	1343231183
1772057404	1343231184
1757747633	1343231189
1987673953	1343231217
1651106567	1343231237
1678360755	1343231238
1779636253	1343231254
2692212013	1343231285
2122612294	1343231301
1549128424	1343231301
1850934403	1343231306
1400871832	1343231346
1753030335	1343231382
1624267192	1343231383
2692030972	1343231391
1845312204	1343231393
1761311445	1343231407
2133233625	1343231482
2334341931	1343231518
1799533724	1343231521
1733293120	1343231523
2144258085	1343231537
1497029265	1343231543
1762619714	1343231560
1768468900	1343231591
1742502507	1343231636
1790250284	1343231641
1971311851	1343231663
1956203414	1343231670
1813830911	1343231681
1761077177	1343231721
1671350334	1343231791
1728122850	1343231807
1668475284	1343231807
1834878974	1343231825
2391289525	1343231828
1001528332	1343231838
1784532912	1343231839
1890722632	1343231872
1627812054	1343231901
1626936891	1343231950
1957087197	1343231971
1319586402	1343231972
1599551132	1343232024
2007907857	1343232064
2460231781	1343232095
1718993897	1343232113
2649071242	1343232147
1988441793	1343232164
2754601971	1343232165
1085036457	1343232204
1838727520	1343232222
1429345914	1343232274
1573227485	1343232296
2718099567	1343232299
1854552013	1343232341
1747327875	1343232352
1788046155	1343232382
1678521240	1343232476
2136510017	1343232518
1776563897	1343232575
1631167210	1343232590
1763656574	1343232596
1878801645	1343232662
1647194355	1343232692
2007747845	1343232776
2671571584	1343232801
1715276312	1343232819
1586695584	1343232842
1926401845	1343232853
1918068315	1343232998
2182105655	1343233053
2082180115	1343233081
2698126833	1343233091
1677646130	1343233135
2126865413	1343233155
1720848947	1343233168
1784214077	1343233231
1773737581	1343233255
2114531660	1343233293
1879747624	1343233297
1712756991	1343233337
1705273022	1343233413
1721392151	1343233728
2000015165	1343233729
1739304850	1343233736
1970354775	1343233772
1941488112	1343233910
1931324253	1343234138
1309428703	1343234169
2079269991	1343234220
1890538043	1343234330
1838273940	1343234350
2258149512	1343234397
1741451665	1343234463
1710785810	1343234564
2097673197	1343234683
1794037974	1343234692
2187230302	1343234705
2702950855	1343234712
1925919872	1343234723
1451381184	1343234732
2314863904	1343234905
2211823562	1343235151
1597480810	1343235256
1707208577	1343235283
2872670585	1343235361
1963774193	1343235365
1677138414	1343235441
1492744445	1343235614
1958277400	1343235664
1438134570	1343235768
1685187964	1343235903
1892596330	1343235915
1846507451	1343235949
2005820454	1343236461
1909166722	1343236536
2187488420	1343236572
1695902701	1343236825
1935401674	1343236892
2111158871	1343237255
1747567322	1343237343
1770269317	1343237458
2383418404	1343237670
1250292765	1343237749
1734051792	1343237837
1709782893	1343237899
1688594344	1343238330
1737336805	1343238452
1695902701	1343238777
1622740380	1343239090
2042166170	1343239189
1919914460	1343239305
1719936110	1343239439
1506425775	1343239888
1221338802	1343240497
1227143452	1343240685
2378483790	1343241818
1855996750	1343241908
1742212250	1343242484
1680503972	1343242899
1739483562	1343243999
1250608367	1343245324
1431733813	1343245492
2152199173	1343245638
2066261835	1343245704
2680886761	1343245709
1919256970	1343247393
1664806870	1343247546
1862814523	1343248613
2755367281	1343249178
1864959850	1343249267
1967877573	1343250789
1712066675	1343250848
1794044655	1343251654
1504691970	1343252751
2492752012	1343252963
1861654742	1343253027
1856262740	1343253062
2415167794	1343253108
2008562647	1343253150
1790683800	1343253589
1931974491	1343254329
1914531260	1343254521
1802148242	1343255001
1620882674	1343255025
1800884763	1343255144
2266374264	1343255181
1765029643	1343255199
1352856213	1343255310
2215593634	1343255601
1978513817	1343255973
2797167993	1343256032
2075803041	1343256063
2543434842	1343256075
1680657791	1343256817
1180901843	1343257330
1055994980	1343257430
1198989331	1343257627
2504256010	1343257696
2440913383	1343257749
1745495092	1343257896
1288708305	1343258061
2360130673	1343258119
1658857620	1343258566
1656683255	1343258691
2404524152	1343258875
1914983570	1343259238
1268628504	1343259240
1973718191	1343259644
1911782707	1343260708
1739166377	1343260934
1883813997	1343261170
1423145535	1343261233
1927862497	1343261241
1882028625	1343261440
1672066245	1343261549
2130056407	1343261637
1733393802	1343261652
1946196183	1343261653
1596890605	1343261824
2317053277	1343261841
1760810950	1343261888
1954750643	1343261977
1733954350	1343262065
1645982002	1343262069
1223725177	1343262116
1870998065	1343262343
1415653811	1343262465
1681330511	1343262497
1841989552	1343262555
1633865214	1343262608
1949991940	1343263194
1641147951	1343263219
1820061654	1343263258
1735661532	1343263282
1340246871	1343263343
1721322402	1343263587
1917796462	1343263594
2361879642	1343263720
1879134873	1343263874
1258140867	1343264090
1275703947	1343264132
1473656435	1343264802
1560461900	1343264908
1682670823	1343264912
2088241833	1343264938
1178472194	1343264950
2599737667	1343265099
1683358035	1343265205
2201743532	1343265340
2712975153	1343265362
2471633744	1343265386
1815238087	1343265390
1442465462	1343265440
2094859827	1343265494
1998700537	1343265689
1862426194	1343265795
1999800455	1343265859
2399028457	1343265931
1904885153	1343266063
1734720834	1343266254
2384074155	1343266370
1747686243	1343266391
1937040445	1343266462
1449882713	1343266820
1908669353	1343266903
2867437260	1343267203
1802317914	1343267231
1908939231	1343267644
1764974354	1343267737
2643414640	1343267781
1613150555	1343267927
1863033937	1343268094
1191332985	1343268211
2678451041	1343268259
1213561874	1343268539
1827926941	1343268725
2090172030	1343268944
2104936471	1343269240
2280775933	1343269249
1749752372	1343269410
1925438674	1343269411
1684834685	1343269478
2363183971	1343269616
1861606162	1343269640
1973152751	1343270048
1756720587	1343270145
1778565914	1343270234
1780389704	1343270251
1632315617	1343270405
1892164651	1343270465
1829719363	1343270484
2194511881	1343270708
1733257484	1343270844
1734662900	1343270849
1747519803	1343270902
1839628971	1343270943
2052247744	1343271237
2095162542	1343271257
1970234535	1343271402
2538653790	1343271730
1990696607	1343271799
1634367724	1343272233
2587148053	1343272328
1763808685	1343272574
2588214042	1343272590
1108178131	1343273009
1691983212	1343273057
1212487240	1343273065
2004660801	1343273397
1100762057	1343273962
1639739003	1343274214
2011388445	1343274291
2100561743	1343274795
2168903661	1343275608
1159852111	1343275752
2120119173	1343275768
2193409200	1343276279
1907438643	1343276463
2006299970	1343276926
1977361324	1343277104
1686247663	1343277190
1842268717	1343277474
1886031554	1343277727
2331213352	1343277964
1997377787	1343278085
2029308577	1343278127
2880321315	1343278770
1927141064	1343278791
1900018530	1343279201
1496882073	1343279268
2637436202	1343279980
1420149262	1343280221
1182025377	1343280369
1915311112	1343283233
1742077392	1343283365
1709986310	1343283580
1273041385	1343283892
1960287791	1343284493
1958556312	1343285395
1862377815	1343285943
1792364847	1343286369
1905622041	1343287462
2658638272	1343288364
1680321974	1343288430
1762458730	1343290674
1353642945	1343291825
2238274565	1343291925
1582963005	1343293226
1663371067	1343294291
1854792453	1343294314
1727508760	1343294761
1865231652	1343298911
1720137217	1343299306
2852055042	1343300281
2010432857	1343300765
2105584560	1343301135
2428786253	1343301644
1298953652	1343302930
1698563900	1343303289
1698563900	1343303338
1925520393	1343303373
2667068212	1343303719
1916330164	1343305148
1886455240	1343305859
1946920795	1343305960
1849800173	1343306112
1794375184	1343306611
1963204117	1343306821
1629151863	1343306884
2808811930	1343306906
1874397873	1343307039
1576227473	1343307157
1063723332	1343307961
1303345623	1343308338
1490045785	1343312036
1929435535	1343313403
2275597821	1343314123
1064681125	1343316864
1703334277	1343317520
1789277080	1343318324
2072775682	1343318440
1651335495	1343320149
1962193540	1343320903
1741108183	1343323851
1891177370	1343342844
2239680222	1343351726
2695127650	1343354376
1967475731	1343357910
1967475731	1343357930
1746096017	1343359196
1449626700	1343363054
2789720414	1343364635
1582732171	1343366816
2054824441	1343375330
1582962963	1343380549
1742077392	1343396389
1768405977	1343397806
1592287802	1343400248
2483378121	1343411509
1656922293	1343468006
1805194721	1343530202
2789701922	1343539389
2804367992	1343540167
2802988934	1343568997
1455177161	1343571508
2804368092	1343623898
2789660160	1343623928
2803137102	1343653310
1173435514	1343737243
1878872990	1343961159
1083144887	1343963299
2117710474	1343963902
1886710394	1343964899
1654083052	1344019060
2802988970	1344441171
2803137134	1344538528
2802989070	1345405102
2696945082	1351514008
