1660209951	1344527905
2604711931	1344527929
1770096070	1344527934
2133066063	1344527934
2097591711	1344527937
1581479434	1344527938
1796924263	1344527938
2150698287	1344527939
2628203933	1344527939
1906768311	1344527941
1867912340	1344527941
2098282102	1344527942
2045044082	1344527942
1705041573	1344527945
1909052727	1344527948
2182253811	1344527950
2732797661	1344527951
1738413373	1344527952
2089966913	1344527953
2311829952	1344527953
2028393641	1344527954
1810392217	1344527954
1940120837	1344527956
1727194880	1344527958
2291981465	1344527959
1900937561	1344527961
1464752980	1344527963
2330429327	1344527963
2078450303	1344527964
2271001253	1344527965
1584385101	1344527966
2188460380	1344527968
1167274355	1344527968
1939297130	1344527968
1796711062	1344527969
1994680983	1344527969
2166492997	1344527970
2329354841	1344527970
1715806894	1344527972
2406270577	1344527973
1894420462	1344527974
2183857453	1344527976
1988315143	1344527978
1951637251	1344527979
1411975683	1344527979
2515239595	1344527980
2679638894	1344527982
2672708811	1344527983
1659784013	1344527984
1643070001	1344527986
2420890091	1344527988
1852768834	1344527990
1930865845	1344527992
1674704727	1344527996
1619265953	1344527997
1768344387	1344527998
1828944084	1344527998
1884531184	1344528001
1730073601	1344528002
2177273453	1344528003
1838288971	1344528005
1618738821	1344528005
1689947403	1344528006
2253855961	1344528007
2600447930	1344528011
1860569462	1344528011
1987050257	1344528014
2232871644	1344528015
1921553393	1344528017
1914601262	1344528019
1778962015	1344528019
1277195983	1344528021
2716062624	1344528022
1779057450	1344528026
2231236981	1344528026
1770976654	1344528027
1949997420	1344528030
1753048713	1344528030
2012785323	1344528031
2497310893	1344528033
2299695627	1344528034
2063132255	1344528035
1707778935	1344528038
2014915535	1344528042
1773303843	1344528042
2242275990	1344528042
1865811825	1344528042
1893860297	1344528044
1414787092	1344528046
1661373244	1344528048
2124183207	1344528050
1770188883	1344528051
1915128715	1344528052
2046183873	1344528066
2670630430	1344528066
1411202485	1344528070
2044682581	1344528072
1910390412	1344528075
1957157361	1344528081
2137953853	1344528084
1448078783	1344528087
1846063901	1344528091
2242376280	1344528091
1779765685	1344528092
1766387094	1344528092
1757583377	1344528094
2296445767	1344528094
1768646273	1344528094
1798732470	1344528095
2588136203	1344528098
1716520224	1344528098
2330110410	1344528100
1872043887	1344528103
2089078817	1344528104
1826875804	1344528105
1746913445	1344528109
2279556711	1344528114
1973671994	1344528116
2682632887	1344528117
1310853940	1344528118
1265255401	1344528120
2105305787	1344528123
1306772231	1344528127
1801517122	1344528131
2390781455	1344528139
2604231272	1344528140
2357152943	1344528144
2420890091	1344528145
1760771123	1344528146
2558147864	1344528156
1761885545	1344528159
1732269621	1344528160
1820596073	1344528162
1812084412	1344528164
2574539357	1344528166
1337288767	1344528167
2083724925	1344528171
1397348085	1344528173
1296512222	1344528173
2165276332	1344528174
1722401812	1344528177
2360733614	1344528180
1804621465	1344528182
1989799171	1344528183
1354829041	1344528185
1063250340	1344528186
1704059581	1344528186
1849440173	1344528186
1134421723	1344528188
1880976712	1344528190
1877497173	1344528191
2738640995	1344528197
2428550461	1344528198
1212463464	1344528199
2294455147	1344528206
1109906147	1344528207
2899183085	1344528212
1935922574	1344528215
1374987657	1344528217
2588988627	1344528219
2631974351	1344528220
1307805884	1344528223
2132099654	1344528224
1733326337	1344528224
1604196311	1344528235
2065285437	1344528238
2285202933	1344528238
2089390053	1344528242
1683702931	1344528244
2296456331	1344528251
1881432442	1344528254
2905107192	1344528256
1304108382	1344528259
1757956067	1344528261
2423584920	1344528261
1815060072	1344528263
2130136880	1344528264
2398765007	1344528264
1837112431	1344528267
2738673607	1344528268
1959886095	1344528269
1844585211	1344528272
1855781332	1344528275
1674052852	1344528277
1779011513	1344528280
2493022380	1344528284
1991862051	1344528286
1772488971	1344528286
1763742150	1344528292
1231912261	1344528292
2099251235	1344528295
2539826821	1344528298
2004968577	1344528303
1297595263	1344528305
2043914347	1344528306
1993331232	1344528308
2337268463	1344528308
1278757852	1344528316
2720762323	1344528316
1765402031	1344528323
2276642067	1344528326
1922260357	1344528327
1795133511	1344528329
1902419103	1344528332
1798282792	1344528337
2306678750	1344528338
1936803402	1344528344
2614339580	1344528350
1645089215	1344528351
1893205410	1344528359
1806913391	1344528362
2656813021	1344528365
2131633030	1344528374
2667607923	1344528376
1735341134	1344528376
1937457097	1344528378
2672472682	1344528382
1314525893	1344528388
2008397195	1344528388
1163100120	1344528389
1605754911	1344528392
1571756420	1344528395
1885377734	1344528396
1948703974	1344528397
1857383530	1344528398
2376030853	1344528406
2436632122	1344528409
1873228992	1344528410
2423766593	1344528418
1777794953	1344528419
1718232505	1344528419
2174630521	1344528419
1657204440	1344528423
2014559631	1344528423
2722701152	1344528437
2013812060	1344528442
2631319261	1344528442
2838719290	1344528448
1715627507	1344528449
2609300811	1344528452
1860743811	1344528459
1785153662	1344528464
2008524397	1344528466
1807775075	1344528468
2714661425	1344528473
2513767332	1344528473
2512690171	1344528474
1976695657	1344528474
1603651054	1344528480
1707082437	1344528486
2132375433	1344528489
1689494831	1344528492
1762862320	1344528492
2208868370	1344528498
2714331721	1344528500
1703549410	1344528504
1752902624	1344528504
1823403671	1344528505
1951544261	1344528509
1880829284	1344528509
1867909934	1344528511
2629628201	1344528512
1729534080	1344528518
1406244500	1344528519
1644367950	1344528520
2489826421	1344528522
1929003133	1344528524
2141951551	1344528525
2146945761	1344528527
2866985392	1344528529
1133943483	1344528530
2110653184	1344528531
2392738083	1344528532
1745941181	1344528534
1916208351	1344528535
1824558985	1344528537
2840228381	1344528544
2477273701	1344528546
1981743202	1344528547
1828755851	1344528547
2707283884	1344528550
2156976042	1344528552
1896852357	1344528556
1691714905	1344528558
2122993621	1344528558
1891721500	1344528561
1984374233	1344528562
2291285034	1344528570
1890416082	1344528571
1206214270	1344528578
1738771392	1344528582
2140535045	1344528584
2657749733	1344528586
2280378273	1344528589
1957456223	1344528592
1109795303	1344528604
2176398853	1344528609
2284205530	1344528612
1872375821	1344528616
2107771767	1344528619
1503533381	1344528622
1771123800	1344528624
1896347864	1344528626
2284672071	1344528627
1624570380	1344528629
2415771121	1344528632
1998218373	1344528632
1812318823	1344528638
1639829132	1344528638
1946287787	1344528643
1595884811	1344528644
1241243615	1344528653
2081969995	1344528654
1290017222	1344528656
2252475502	1344528656
1257462195	1344528656
1320944982	1344528660
2114824092	1344528660
1733083941	1344528661
2157351952	1344528665
1869949260	1344528671
2914727707	1344528671
2340280065	1344528673
1781231025	1344528674
2287751827	1344528674
1679042821	1344528689
2767706141	1344528694
2408462563	1344528696
1771051355	1344528698
2403768931	1344528701
2650120165	1344528703
1931485885	1344528717
2121729947	1344528718
2738749442	1344528723
1621697543	1344528723
1682922425	1344528725
1730045027	1344528741
2299265960	1344528744
1768082853	1344528746
2187814072	1344528749
2314955252	1344528750
2242376280	1344528752
1763336592	1344528763
2341025070	1344528764
1875433565	1344528764
1290096952	1344528771
2133879840	1344528779
2665295727	1344528785
2488460655	1344528791
1581821385	1344528798
2253869297	1344528804
2215068300	1344528805
1900312620	1344528808
1908642797	1344528809
1849565697	1344528822
2386708750	1344528834
1850608162	1344528834
1193023230	1344528835
1970576715	1344528848
1878772022	1344528849
1862324634	1344528859
1785722965	1344528887
1657094287	1344528889
1852159220	1344528892
1724052021	1344528894
2293175915	1344528902
2434575951	1344528904
1792519633	1344528905
2158737543	1344528911
2871186925	1344528914
1791896997	1344528915
1785208903	1344528918
2438623883	1344528920
1921288181	1344528923
1506250107	1344528924
2135733680	1344528925
1267993104	1344528926
2729309081	1344528933
1933511584	1344528935
2334965331	1344530514
2503103465	1344530522
2129210234	1344530530
2898264673	1344530559
2020670424	1344530563
1736825400	1344530568
2290292541	1344530570
2663146141	1344530585
1838104963	1344530609
1772593313	1344530609
1784438770	1344530629
2073051045	1344530639
2045253245	1344530649
2011687471	1344530653
1978712937	1344530661
1962353291	1344530668
1799215121	1344530671
2140530321	1344530672
2657424107	1344530675
1683369265	1344530680
2471868064	1344530686
2250593011	1344530689
1662613803	1344530691
2655926577	1344530701
2266794610	1344530705
2119087694	1344530714
1835326805	1344530722
1864794427	1344530725
1812706192	1344530732
2314361785	1344530740
2096179961	1344530745
1782080484	1344530755
2147424515	1344530757
1774044413	1344530764
1927220044	1344530772
1782488341	1344530780
1769312972	1344530782
2569939651	1344530786
1920377081	1344530787
2459703021	1344530794
1806015194	1344530798
1727220983	1344530801
1790326591	1344530801
1751060055	1344530810
1792897535	1344530815
2401903157	1344530823
2890410543	1344530837
2263766784	1344530846
1857257770	1344530851
2025901475	1344530861
2459729874	1344530871
1978021927	1344530884
1804101985	1344530891
2029532067	1344530918
1887922343	1344530925
2364829214	1344530925
2761556567	1344530957
1780998677	1344530964
1879479312	1344530986
2040441097	1344530988
1807351110	1344531007
2264820685	1344531015
2650677664	1344531020
1923966683	1344531021
2090197583	1344531041
1797372727	1344531046
2699335984	1344531055
1847295577	1344531086
1558381164	1344531092
2160324145	1344531114
1844147630	1344531137
1851999312	1344531139
1848892932	1344531148
1276865453	1344531157
1725847760	1344531174
2214005531	1344531198
2413089311	1344531204
2231876482	1344531213
1750775000	1344531222
1731970883	1344531257
2129589281	1344531268
1905718732	1344531293
2056274251	1344531294
2127681964	1344531298
2255403593	1344531307
2091907551	1344531314
1908109691	1344531324
2301588593	1344531365
1879425307	1344531391
2436811905	1344531392
1819417927	1344531414
2405419041	1344531420
2060015973	1344531466
1934195123	1344531475
1759593175	1344531507
2267648847	1344531509
1783573007	1344531525
1758731573	1344531542
2674464877	1344531559
2912212811	1344531572
2437883507	1344531572
2417953072	1344531575
1919178217	1344531584
2047972121	1344531586
1779113175	1344531683
1915657003	1344531708
1741239162	1344531709
2557125747	1344531715
1910679011	1344531716
2724124883	1344531738
2026176067	1344531747
1771526397	1344531787
2149847020	1344531793
2260739161	1344531794
2175719905	1344531832
1936047920	1344531842
1934115384	1344531852
1980082217	1344531853
1716945643	1344531864
1841787480	1344531888
1497572373	1344531980
1770007833	1344531999
1023945632	1344532003
1424284011	1344532019
1196710580	1344532028
1696453377	1344532058
1898346421	1344532064
2116961473	1344532067
2893980301	1344532079
2015146453	1344532091
2426729442	1344532091
2028804610	1344532201
1928662301	1344532211
2076111013	1344532247
1866674312	1344532247
1990128290	1344532249
1768631491	1344532253
2679483840	1344532315
1341954260	1344532319
2001086437	1344532393
1391969870	1344532434
1918267472	1344532462
1869013287	1344532511
2182321457	1344532774
2081802727	1344532782
2045364981	1344532786
1986045247	1344532788
2173544300	1344532795
2882993107	1344532807
1155688161	1344532816
1766557242	1344532839
1951433064	1344532975
1677243167	1344532990
2166210580	1344533004
1919613992	1344533024
2048656700	1344533096
1736201114	1344533104
2606522334	1344533138
2639156200	1344533151
2060864005	1344533158
2237676197	1344533213
1682196740	1344533295
2711596547	1344533306
2603265485	1344533316
1890667523	1344533356
2108225630	1344533376
2387759213	1344533403
2515914792	1344533414
2097214377	1344533455
2436729860	1344533621
1633858783	1344533710
1746864130	1344533711
1734579271	1344533846
2623447981	1344533865
1885927077	1344533911
2193630902	1344534025
2124115605	1344534068
2575632771	1344534093
2321039851	1344534325
2312131593	1344534333
2459480340	1344534371
2745147743	1344534442
1727702065	1344534484
1655164952	1344534521
2006134647	1344534535
1767456103	1344534558
2001900650	1344534611
2391369744	1344534641
2484065753	1344534688
1937887151	1344534721
2594773850	1344534763
1957922697	1344534841
2316083785	1344534847
2216183844	1344534892
2731272324	1344534922
1893297210	1344534964
1928751407	1344534968
1568074834	1344534992
1900334517	1344535005
1911857573	1344535421
1951598904	1344535458
2401180313	1344535549
1799970353	1344535969
1933603877	1344535985
1613610832	1344536139
2789169735	1344536215
2269962494	1344536279
2399203977	1344536351
2116842423	1344536465
2295166421	1344536667
2174274234	1344536722
2786596057	1344536732
2402832712	1344536766
2280113421	1344536805
1827317027	1344536902
1783725804	1344536955
1814466865	1344537018
1798786595	1344537174
2687300372	1344537221
2477596761	1344537229
1810983951	1344537362
2538861520	1344537385
1906500232	1344537506
2437937101	1344537559
1893219455	1344537579
1814870235	1344537595
2485804954	1344537612
2882293905	1344537733
1799017147	1344537987
1301812882	1344538091
2697147543	1344538242
2277094692	1344538380
1591522843	1344538725
2686014865	1344538762
1804957517	1344538814
1730112452	1344539045
2158802572	1344539066
2803007430	1344539091
1927421304	1344539117
1835647370	1344539149
1353694954	1344539481
1906398873	1344539944
2433116813	1344540036
2341428904	1344540452
2718551703	1344541099
2736206453	1344541267
2264179263	1344541281
2170083950	1344543246
2204705685	1344543543
1958001041	1344543692
1771695147	1344544798
1520292263	1344545122
1271400901	1344545807
2564002217	1344545872
2694535240	1344547069
2270771734	1344547184
2270771734	1344547217
1820486541	1344547512
1822540270	1344548022
2098255033	1344548176
1907356643	1344549020
2810180524	1344549337
2433615521	1344549355
2347680697	1344549476
2522363363	1344549781
1740073487	1344549828
1789110553	1344550257
1890219472	1344550271
1565845521	1344550346
2691945891	1344550394
2159267703	1344550425
1886413222	1344550466
2033880667	1344550653
2261851624	1344550663
1877476295	1344551016
1562375150	1344551100
2010131844	1344551657
1957859184	1344551758
2318071035	1344552017
2416313607	1344552054
1008320880	1344552662
1741565773	1344552683
1450053493	1344552780
2631593191	1344552817
1630759737	1344553201
2300535423	1344553238
1748669882	1344553282
2639115602	1344553395
2701595402	1344553698
1799802553	1344553740
2185767651	1344553753
2608808120	1344553770
2456659204	1344553817
1736227864	1344553866
1737503484	1344553871
1971806561	1344553900
1970341855	1344553976
1970266723	1344553986
1927823704	1344554010
1874536120	1344554052
2362356634	1344554238
1847980355	1344554269
2291203240	1344554300
1404370205	1344554398
1890913527	1344554495
1930197283	1344554614
2799506525	1344554760
2651816233	1344554762
1853860687	1344554907
2211612911	1344554958
2206329617	1344555173
2730499315	1344555306
2491109301	1344555309
2491109301	1344555335
1956569215	1344555345
1679314054	1344555356
1565791877	1344555462
1890082547	1344555545
1809613924	1344555639
1105882717	1344555763
2764550835	1344555869
1772870160	1344555987
2391270110	1344556157
2704036682	1344556291
2077960353	1344556305
1895902895	1344556325
2077960353	1344556328
1942776501	1344556387
2271981371	1344556433
2022101871	1344556574
2608134095	1344556596
2702716283	1344556620
1347262577	1344556705
2280218911	1344556720
2008185277	1344556771
1390143927	1344556796
2215354521	1344556840
1761915441	1344556851
2469701170	1344557059
1832146257	1344557074
2154328341	1344557136
1869195414	1344557139
2125767220	1344557141
1857780960	1344557288
2519895980	1344557292
1758950700	1344557305
1839275395	1344557378
2175382412	1344557453
1733661870	1344557509
2626170463	1344557646
2874384130	1344557840
2400442255	1344557940
1896446810	1344557970
2410906103	1344558049
1935418720	1344558284
1230264684	1344558289
2497792230	1344558293
1397486550	1344558367
2633802551	1344558724
1540055023	1344558802
2512938282	1344558802
2091220164	1344558861
2759987347	1344558888
1867425870	1344558967
2811844912	1344558993
1260123721	1344559008
1864021007	1344559119
2043499097	1344559237
2103515323	1344559259
2835767972	1344559282
2643757283	1344559297
2639085015	1344559299
1737514383	1344559354
2618908362	1344559413
2741388314	1344559484
2668868403	1344559490
1985703147	1344559547
1874617027	1344559598
2854880284	1344559769
1734113434	1344559780
2105167740	1344559854
2318561525	1344559870
2352181137	1344559901
1989247441	1344559906
1989247441	1344559930
1036779845	1344559943
2515217117	1344559954
2216476465	1344559964
2632422143	1344560054
1439377282	1344560137
1008551833	1344560162
2263794284	1344560216
2693081444	1344560287
2049234640	1344560294
2169806851	1344560364
1899807857	1344560413
1753269671	1344560448
2161447013	1344560492
2210377963	1344560596
1760380390	1344560644
1922219177	1344560745
2181493473	1344560810
2701024584	1344560830
2260605792	1344560867
1958999313	1344561036
1864794980	1344561081
1019274945	1344561140
1879344625	1344561172
1796790953	1344561186
1221668124	1344561254
1971466433	1344561258
2371832323	1344561296
1927787211	1344561377
2278418863	1344561544
1792761050	1344561564
2069007835	1344561667
1757807215	1344561720
1767151617	1344561722
2621005485	1344561798
2203130874	1344562005
1975741944	1344562019
2469112430	1344562023
2665714317	1344562077
1809779931	1344562107
2214037425	1344562150
2160439277	1344562399
1993987471	1344562422
1774900004	1344562433
1740825341	1344562540
1871826654	1344562597
2679102425	1344562644
2191211313	1344562681
1852093193	1344562890
1880576513	1344562918
2630949381	1344562923
1867553410	1344562934
2266015211	1344562944
1059671313	1344563033
2913713065	1344563109
2696056967	1344563141
1848379540	1344563246
2130084231	1344563389
1992034231	1344563462
2645431591	1344563484
2821086672	1344563488
2126949343	1344563591
1867090644	1344563618
1839561637	1344563638
1076649702	1344563904
2479702995	1344563921
1900773525	1344564076
2659635070	1344564127
2328501183	1344564170
2269393792	1344564256
1869910691	1344564312
2402901263	1344564385
1740203842	1344564433
1839613794	1344564442
2013297027	1344564452
2637418861	1344564609
1265422133	1344564671
1772319194	1344564713
2727204903	1344564741
1557230887	1344564906
2331605252	1344564952
2449850110	1344564970
1255906860	1344564994
1758858215	1344565036
2130466684	1344565097
1702727892	1344565133
1877510350	1344565151
2215312320	1344565218
1908152703	1344565225
1691691102	1344565399
1986486433	1344565527
2416193983	1344565628
1830492272	1344565661
2474770700	1344565735
1910151765	1344565835
1932934985	1344565852
1771123800	1344565968
1935444911	1344565985
2278001811	1344566003
2291621362	1344566044
2079393565	1344566201
1444959382	1344566307
2095170531	1344566309
2002242154	1344566617
2042339804	1344566618
2462569205	1344566708
2331624741	1344566984
2291302373	1344567073
1264544674	1344567269
2612370185	1344567330
1586002430	1344567409
1941508722	1344567481
1944756510	1344567515
1681375195	1344567539
2328535090	1344567847
2485153312	1344567857
2127492254	1344568001
2283857032	1344568012
1987592825	1344568070
1852731587	1344568135
2003264097	1344568426
2269401062	1344568767
1233230803	1344569333
1628951444	1344569353
1865404633	1344569512
2033028797	1344569553
2107688844	1344569626
2738451470	1344569713
2051307411	1344569878
2744069935	1344569910
2279118585	1344570471
1750089280	1344570554
1807862192	1344570712
1807862192	1344570740
2640100161	1344570924
2497310893	1344571320
2499517723	1344571676
2156249041	1344571765
2794034525	1344572082
1786953343	1344572816
1929654047	1344572920
1921639431	1344573217
2789849132	1344573365
1809437552	1344573524
2834282300	1344573617
2103236804	1344574111
2648625173	1344574171
1950900184	1344574406
2708477021	1344574523
1014902440	1344574750
1929135881	1344575403
2019635362	1344575422
2540383624	1344575505
2789902712	1344575708
2789862742	1344575940
2692650627	1344576354
2542953673	1344576595
2731007717	1344576736
1581825313	1344577105
1944499553	1344577282
1252672844	1344577514
2111784551	1344577612
1810868423	1344577800
2440755173	1344577975
2789835604	1344579406
1973017455	1344579463
2614574042	1344579664
1784767497	1344579736
1745323905	1344580302
2164811014	1344580446
2804973020	1344580558
2765792877	1344580990
2304522715	1344582310
2288746967	1344584111
1179842307	1344584536
2312948390	1344584658
1165148293	1344585338
2667687183	1344585660
2087700164	1344587001
1360558073	1344587322
1456648691	1344587401
2479548341	1344587942
2318711351	1344589172
1651982260	1344589568
2636136673	1344589731
1583799751	1344595146
1583482815	1344598575
2645698645	1344599430
2249002163	1344600147
2088360417	1344601040
2324752700	1344601299
2808631220	1344602379
2290674257	1344604834
1766577740	1344605429
1793072115	1344605818
2404039773	1344608177
2912884521	1344610536
2304282405	1344611239
1782872661	1344611240
2464066931	1344611662
1738264082	1344613343
1967265577	1344613633
1427447425	1344615019
2268089717	1344616861
2646062840	1344622448
2691771515	1344623987
2254070687	1344629223
2786504693	1344630503
2713629745	1344633218
2390366110	1344641836
2617105451	1344647088
2690496712	1344656188
1908483382	1344657660
2375776340	1344657983
2129610305	1344660483
2789859864	1344665099
2789835652	1344669204
1582528395	1344671583
1582654863	1344678334
2268089717	1344685641
2807742384	1344689285
2808319730	1344694713
2486300857	1344696494
2694248357	1344698744
2058177514	1344698968
2850953355	1344704743
1836020094	1344729691
1962397623	1344734895
1670138817	1344743702
1670138817	1344744076
1739452091	1344759674
1582528333	1344761069
1582654590	1344767476
2768538083	1344775122
2126918834	1344781068
2282374430	1344784861
2400327081	1344788512
1891719254	1344791672
1975391150	1344810457
2054012110	1344828851
1582683350	1344837368
1588417524	1344839622
1987702350	1344847472
2735584205	1344860007
2033090932	1344867406
2146294937	1344897676
2341431922	1344912192
2851510712	1344913401
1582683100	1344924216
2456823660	1344956875
2731463247	1344956953
2803898870	1345014377
2637093673	1345050782
1880923364	1345078615
2158754665	1345100986
2842397000	1345441879
2303578591	1345467637
2808319874	1345479192
2095013641	1345493835
1574140831	1345532572
2300542953	1345543086
2808631292	1345557378
2144116837	1345558978
1697195734	1345610270
2161982163	1345614863
1574140721	1345616830
1431381427	1345839505
2551042020	1345950743
2817972702	1346153009
1706340634	1346337865
2808319950	1346345663
2808320042	1346423770
2588988627	1346517329
2793890762	1347308252
2287219484	1348462918
1230917964	1348477876
2104211591	1348811853
1767773435	1348963906
2851785651	1349228023
2175912903	1349884720
2375472675	1351079848
1777401920	1351130048
2920226884	1351130048
1749577291	1364442120
1627843324	1422407455
