1191965271	1359016231
1577073602	1359016273
2662428661	1359016308
1401121667	1359016308
1198251274	1359016308
1551390773	1359016314
1900654243	1359016330
1677142200	1359016344
1262899147	1359016372
1640042927	1359016378
1404692884	1359016386
1114555370	1359016389
1890294794	1359016389
1814354380	1359016394
2641326681	1359016407
1043568785	1359016412
2210035812	1359016414
1669417530	1359016455
1746104007	1359016464
2116888352	1359016468
1748199195	1359016585
1818411592	1359016602
1866741333	1359016688
1577355391	1359016693
2440311960	1359016696
1905657063	1359016696
1869626051	1359016738
1893421585	1359016742
1248699434	1359016745
1765864180	1359016761
2980565227	1359016804
1583642254	1359016836
1859683987	1359016849
2091346703	1359016870
1678856861	1359016900
1865540112	1359016901
2188909283	1359016908
1656116471	1359016990
2606095882	1359017037
3081842772	1359017149
1651151495	1359017176
1645568462	1359017194
2756785591	1359017195
1520256750	1359017212
1991462083	1359017240
1894657330	1359017349
1834798632	1359017355
2205703164	1359017398
1260658063	1359017418
2665702075	1359017478
1412417297	1359017489
2607967847	1359017520
1873021490	1359017537
1674524395	1359017542
1923436194	1359017617
1864465843	1359017635
2327478522	1359017657
1622847294	1359017660
1649629094	1359017700
1830092975	1359017760
1774989744	1359017853
1763195725	1359017876
1841600561	1359017893
2627293661	1359018030
1254800972	1359018070
1864001410	1359018213
3040907901	1359018404
1083068870	1359018431
1101796082	1359018431
1684114877	1359018465
1883944754	1359018483
2864178991	1359018785
1775428851	1359018849
1149961481	1359018970
1813255374	1359019095
2510312137	1359019136
2144294435	1359019170
1391429141	1359019344
1884647224	1359019410
1526261887	1359019480
2007756421	1359019486
1903048393	1359019540
1914713942	1359019558
1026926410	1359019572
2376409352	1359019611
2606565480	1359019734
2551669582	1359019826
1926992997	1359020057
1843591665	1359020161
2042660360	1359020217
1822270245	1359020236
1263709961	1359020325
1765136433	1359020589
1275407595	1359020615
1625000543	1359020945
2020348335	1359021103
1883265347	1359021322
1269460465	1359021335
1830282043	1359021395
1904133340	1359021641
2626602265	1359022553
2488330537	1359022764
2797679332	1359023075
2205726327	1359023102
1912248601	1359023126
2085385361	1359023240
2661668261	1359023657
1892709523	1359024743
1737558431	1359025638
2271366850	1359025774
1887308460	1359025987
1654566050	1359026192
2196997634	1359026487
1810574974	1359026651
2745934877	1359027277
2173392290	1359027563
2883519391	1359027802
1750130593	1359027911
1262022064	1359028004
2458452330	1359028745
2056462847	1359028786
1880693602	1359030029
1216625224	1359030176
1841913492	1359030982
2788291322	1359032160
1433572211	1359032433
1819052297	1359032505
2734757204	1359032652
1257142602	1359032875
2090844090	1359033663
2966811225	1359039282
3132323551	1359039312
1877211831	1359039594
1677594253	1359040343
1684790054	1359042066
2116179392	1359048105
2862171134	1359050471
2439415425	1359058090
1582730325	1359065232
1883210184	1359066544
2243097354	1359072410
1729908773	1359072596
1691913091	1359078042
1915525485	1359081560
2870612160	1359081659
1871783997	1359082406
1191965271	1359083694
1935961372	1359083755
1894693194	1359083755
1920322295	1359083760
1773455553	1359083762
1585482314	1359083770
1153435780	1359083789
1967381764	1359083860
1720066701	1359083861
2160326792	1359083874
2627122072	1359083894
1762791417	1359083937
1849084013	1359083954
2104797715	1359083958
1187603135	1359083980
1185119395	1359083982
1599193107	1359083988
1932440642	1359083992
2095248857	1359084001
1623234332	1359084019
1646437332	1359084023
1682028724	1359084028
1903558497	1359084049
1218311607	1359084052
1772278931	1359084060
1730504845	1359084061
1862535502	1359084062
2651874780	1359084074
2952570011	1359084074
1825917657	1359084076
1316159065	1359084078
1880595980	1359084089
2003176887	1359084104
2087981397	1359084131
1009760414	1359084135
2091036255	1359084148
1943721017	1359084156
1825197177	1359084160
1740093734	1359084215
2450311722	1359084223
1628665870	1359084223
1843847243	1359084229
1249622671	1359084255
1662065253	1359084268
1443636775	1359084279
2117998750	1359084287
1883585922	1359084290
1740463155	1359084314
1792981722	1359084322
2645353231	1359084459
1442454495	1359084528
2451169780	1359084532
1641321811	1359084534
2891586655	1359084539
2010099821	1359084636
1925426617	1359084646
2242053452	1359084647
1401100624	1359084673
1611069820	1359084697
1921401382	1359084706
1442901730	1359084706
3225287971	1359084708
2518725377	1359084724
1450184701	1359084745
1248648800	1359084807
1246129470	1359084822
1691623977	1359084837
2710853614	1359084855
1436638810	1359084875
3077649203	1359084974
1916481947	1359085040
1737610495	1359085050
1726302887	1359085150
1763812724	1359085177
1403501065	1359085208
1648495367	1359085232
2891586655	1359085271
1449324741	1359085304
1210024043	1359085316
1567281211	1359085324
1145826434	1359085382
1729952001	1359085526
1788569167	1359085550
2608106890	1359085635
1844038487	1359085651
1418732625	1359085677
2208955032	1359085701
2325963074	1359085749
1807399641	1359085777
1756687713	1359085801
1315502815	1359085809
2854395667	1359085840
1862930600	1359085872
2084321182	1359085883
1632488423	1359085888
1768962167	1359085917
1593886540	1359086044
1183097703	1359086075
1617409924	1359086092
2114698127	1359086098
1831160172	1359086211
1914604961	1359086371
1416018501	1359086448
2689097953	1359086492
1240804573	1359086577
1868960882	1359086787
1794876297	1359086824
2525108737	1359086830
1764715880	1359086864
1732968542	1359086928
1222298070	1359087087
1871462392	1359087094
1287672354	1359087367
1846975017	1359087498
1705790464	1359087517
1781170447	1359087559
2084925907	1359087640
1689704695	1359087716
1113102047	1359087923
1133281221	1359087989
1803093011	1359087993
1993556415	1359088045
2436091423	1359088481
1621671580	1359088496
1833018595	1359088506
1843572595	1359088594
1771799755	1359088774
1154907542	1359088859
1699542323	1359088945
1427307223	1359089030
2051224392	1359089121
1990273211	1359089363
2040300501	1359089452
1696247782	1359089481
1832477234	1359089791
1960067617	1359089810
2452892565	1359089867
1931824510	1359089916
2019850241	1359090092
2252393924	1359090130
2695360380	1359090261
2551916164	1359090344
2108674142	1359090378
1731100947	1359090574
1925437825	1359090883
1572196173	1359091307
1411544577	1359091323
2730368163	1359091801
2005681682	1359091824
1780257450	1359091940
1998776357	1359092065
1947224283	1359092453
1727691572	1359092526
1732565551	1359092630
1914065507	1359093064
1714190834	1359093979
1626749044	1359094394
1714190834	1359094418
1967195633	1359094639
2850126730	1359095420
1932621533	1359095452
2294780723	1359095918
1805263981	1359096358
1649945995	1359096375
2820168571	1359096447
2995029593	1359097145
2921990037	1359097427
1817775422	1359098006
2200475470	1359098861
2001469127	1359098997
2924737945	1359099970
2064270861	1359100638
1711002941	1359101343
1132855790	1359101731
1557323005	1359102608
1141176563	1359105333
2627769587	1359107475
2710878664	1359108929
1920565075	1359109029
2517927720	1359110623
2682876113	1359111183
1814348131	1359111830
1921074003	1359113287
1228497555	1359117419
1762416164	1359118929
1364006282	1359119721
2060392452	1359120228
2281757367	1359120592
2414251467	1359120854
2919508544	1359125709
1524292890	1359125951
1697368351	1359127146
1748410241	1359128859
1560979162	1359139231
2790020444	1359147061
1693231047	1359157385
1762016084	1359163798
1693231047	1359164287
1239651403	1359164627
1836022495	1359166105
1718594402	1359167929
1270081294	1359168312
1574570801	1359179620
2283958230	1359183408
1562099313	1359183960
1769869792	1359187152
1746572217	1359193077
1497691305	1359213516
1794071372	1359215089
1583924864	1359218378
1778265907	1359241814
2803277502	1359245521
2668136513	1359265881
2668136513	1359265886
3177034581	1359284809
2243617852	1359284938
2806206792	1359308844
2919749672	1359309719
2804463324	1359333581
1582728632	1359333770
1907174961	1359360291
2690639551	1359362579
1700525417	1359363955
1857601514	1359372038
1951085127	1359404054
2808131102	1359404793
1781916257	1359411935
2750855897	1359541440
1588383064	1359563483
2920513124	1359588786
2789729800	1359630820
2789793884	1359684659
2802901782	1359838145
2789985074	1360568607
2789807512	1360638456
2103217913	1360800729
2804416622	1360802179
2919521770	1360873104
1096519910	1362500239
2627227405	1363580881
1783145840	1379205122
1733815332	1388672877
