1713926427	1366730970
2951107877	1366730984
1871970391	1366730986
1820875280	1366730988
2653020377	1366730988
2610048554	1366730989
2150107185	1366730990
3034091493	1366730991
1776869045	1366730992
2934304013	1366730993
1549608985	1366730993
2958340707	1366730995
1407124025	1366730996
1684976672	1366730996
1769800124	1366730997
1144614523	1366730998
2495884540	1366730999
1917690342	1366730999
1904530494	1366731000
2571650152	1366731001
1761840124	1366731002
2242007061	1366731003
2033802677	1366731005
2177492693	1366731005
1565289615	1366731005
2247668625	1366731007
1898313831	1366731008
2773763137	1366731012
3268845315	1366731013
2899254247	1366731014
2580431865	1366731015
2945477677	1366731015
1903707541	1366731016
2944718531	1366731016
2327338697	1366731016
1254967935	1366731017
1886808824	1366731017
1069028542	1366731017
1723982931	1366731021
1269995634	1366731024
2650576873	1366731025
2598268520	1366731027
3248300971	1366731027
1781797097	1366731028
2708180677	1366731028
1796937124	1366731028
2741254300	1366731028
1784618375	1366731029
2107156237	1366731030
1789417981	1366731030
2812866564	1366731033
2693032540	1366731035
3143208797	1366731036
2526072965	1366731037
2804601992	1366731039
3158837713	1366731039
2869934907	1366731039
2640687761	1366731042
1574916812	1366731043
2055156341	1366731043
1869065924	1366731045
2695682565	1366731046
2329852955	1366731046
2735630254	1366731046
2653543291	1366731047
2647537723	1366731048
3021536915	1366731049
2407864261	1366731055
2787936625	1366731327
2235509193	1366731328
3247494491	1366731328
1110627962	1366731329
2402452477	1366731330
1975139444	1366731330
2079021133	1366731331
2881398000	1366731336
1877872373	1366731339
2367385233	1366731339
2702312404	1366731340
2951971932	1366731340
2728488431	1366731340
2751307455	1366731342
2297463637	1366731343
1926152005	1366731343
1212963844	1366731347
1772885127	1366731348
2775320751	1366731352
1721231507	1366731355
1638416030	1366731356
1567178153	1366731358
3201856760	1366731358
3309703017	1366731359
2099921921	1366731362
1679451930	1366731363
2424537093	1366731366
1828676544	1366731367
2216594937	1366731368
1574396542	1366731370
1678370301	1366731372
2808875544	1366731372
2784358873	1366731372
1920142161	1366731373
2804067294	1366731373
3195478820	1366731373
2770404882	1366731375
3124968725	1366731376
1921522775	1366731376
1009106133	1366731377
2722077651	1366731379
1197737223	1366731379
2432235297	1366731379
2143890313	1366731380
3022468315	1366731380
2380279437	1366731380
2192918064	1366731382
2481146534	1366731384
2514416052	1366731387
2998820111	1366731387
2602389164	1366731388
1871511023	1366731388
2425846717	1366731392
2903460387	1366731393
3121249601	1366731394
2501360603	1366731395
1965091715	1366731396
2039467492	1366731400
2299847351	1366731401
2006681057	1366731404
2813508325	1366731406
2266319752	1366731407
2481757121	1366731407
2285486567	1366731409
1869755532	1366731410
2313682831	1366731419
1230098051	1366731420
2608574701	1366731423
2781991695	1366731424
1800801202	1366731430
1919870023	1366731431
1751952803	1366731431
2803901393	1366731432
2698791835	1366731434
1897890443	1366731437
2313462037	1366731446
2739396372	1366731448
2835856575	1366731450
2733960827	1366731452
1962835983	1366731453
1338663733	1366731453
3240052857	1366731454
1907882263	1366731463
1988447357	1366731464
1908117953	1366731465
2665795380	1366731465
1820678984	1366731467
3031538263	1366731468
2690341870	1366731469
1424929564	1366731470
2529579362	1366731472
2269253833	1366731472
2355039003	1366731473
1855471775	1366731475
1093854954	1366731475
2607231277	1366731477
1262352197	1366731477
1801557061	1366731480
2828476201	1366731483
1229012035	1366731484
1769633964	1366731485
1450721372	1366731486
2286403582	1366731489
2596629255	1366731490
2613201481	1366731490
1892986330	1366731490
1435095045	1366731491
1311671150	1366731494
2466895225	1366731495
1907846607	1366731496
3201061782	1366731496
2096370130	1366731496
1728265067	1366731497
1652040227	1366731499
2557076761	1366731500
1940137610	1366731502
1162007557	1366731508
1105392025	1366731509
1050817820	1366731514
2045422831	1366731515
2371804750	1366731515
2673282105	1366731516
3164172647	1366731517
2809849083	1366731518
1930505697	1366731528
1857812404	1366731530
2724583694	1366731532
2972527744	1366731533
2707696303	1366731542
3045569631	1366731542
1938163407	1366731543
2038044453	1366731547
1768476293	1366731549
1737215923	1366731550
2319404354	1366731553
3202965941	1366731555
2532806793	1366731555
2439887911	1366731556
2472716244	1366731559
2924456535	1366731562
1864188472	1366731563
1854863313	1366731566
3251450264	1366731567
1820038853	1366731568
2386984371	1366731569
2102584534	1366731571
2567784437	1366731572
1804544171	1366731572
2329243813	1366731573
2649899892	1366731573
2688458475	1366731577
2402884580	1366731579
1303681755	1366731582
2797038791	1366731588
2849505332	1366731589
2307215902	1366731589
2622442635	1366731590
2145928277	1366731593
2581201754	1366731595
2642732085	1366731595
2373782334	1366731596
1711814145	1366731602
2546979560	1366731606
3013130837	1366731607
1569312245	1366731610
3025769157	1366731614
2277078842	1366731615
1811327794	1366731616
1837684305	1366731617
1875999945	1366731617
2290212585	1366731619
2912641891	1366731623
1806920001	1366731625
1084981703	1366731628
2490807412	1366731632
2431159057	1366731633
2304300104	1366731634
3009348877	1366731634
2737045877	1366731639
1879544341	1366731640
1918242343	1366731642
2377082482	1366731646
2658063283	1366731647
1770923705	1366731650
2971028874	1366731653
1884541797	1366731656
3165775125	1366731658
1659823084	1366731660
1914658780	1366731660
3310280947	1366731663
1767696317	1366731664
3015898105	1366731665
1774274760	1366731666
2754275821	1366731671
1860245010	1366731671
2752670913	1366731674
1882213204	1366731676
3034756077	1366731678
1804399690	1366731681
1107597062	1366731682
3162111770	1366731687
2622833625	1366731691
2890287122	1366731695
1789085913	1366731695
1951811235	1366731701
1303931482	1366731703
2782709181	1366731704
3053298291	1366731705
2972855802	1366731709
1794198411	1366731713
2011281603	1366731713
2673247881	1366731715
2357886217	1366731716
2582967964	1366731717
3221790450	1366731722
1626388014	1366731722
2356830307	1366731727
2258171830	1366731733
1868772354	1366731733
3045296995	1366731742
2264086982	1366731747
2767980353	1366731749
3102384043	1366731749
1141909771	1366731750
2149250957	1366731759
1143631444	1366731759
2634495527	1366731761
1760764164	1366731761
2057442334	1366731761
1963019423	1366731762
1804968174	1366731762
3013803351	1366731763
2344354953	1366731764
2899247005	1366731768
1768475484	1366731769
1374871583	1366731771
3221851382	1366731775
1940221513	1366731779
2178149815	1366731781
3300289001	1366731785
2682359651	1366731788
3092845137	1366731790
1731455715	1366731791
2509115055	1366731792
1923377063	1366731793
2742077435	1366731793
3175435197	1366731810
2712388915	1366731814
1890119605	1366731817
2042758103	1366731821
2673380393	1366731831
1689139452	1366731831
2128500477	1366731833
1783434387	1366731836
2024274651	1366731837
2713075703	1366731839
1817192872	1366731841
1849696324	1366731844
1891043972	1366731844
2337149030	1366731845
1782791111	1366731845
2394955681	1366731846
2847069005	1366731846
1807176721	1366731850
2034477540	1366731850
2478619891	1366731852
2563689333	1366731863
1664900644	1366731865
2819886602	1366731867
2858250310	1366731870
2387890893	1366731873
1676723295	1366731875
1245589970	1366731876
1880351701	1366731881
2047914657	1366731887
1796221124	1366731888
2097779210	1366731890
2727135747	1366731892
2006893794	1366731895
2543516421	1366731898
2945494153	1366731900
2730800962	1366731904
1237818130	1366731905
1833271665	1366731915
1678607594	1366731918
2152834725	1366731927
3114910141	1366731927
1803805632	1366731935
2560472052	1366731940
1874731721	1366731943
1931049301	1366731947
2658086981	1366731949
1562392554	1366731952
1805641165	1366731955
3107262763	1366731958
2192169397	1366731958
2662304723	1366731958
2742470973	1366731962
2019351762	1366731964
2371414557	1366731979
2640881640	1366731980
1807083761	1366731983
1866699202	1366731985
2611076457	1366731988
2419931324	1366732001
2119111500	1366732001
1877709262	1366732018
1911436634	1366732019
2269889047	1366732023
1813031054	1366732023
2613103931	1366732024
2726927785	1366732026
2677123965	1366732030
2493507650	1366732035
3168080880	1366732040
2959770682	1366732040
2047464991	1366732041
1766103114	1366732049
2151891483	1366732049
1641755735	1366732050
2836429360	1366732050
1795820482	1366732052
2082525653	1366732053
1748259457	1366732061
1768820250	1366732063
1998133474	1366732065
2315369515	1366732066
2749048401	1366732070
2627461637	1366732072
2310826157	1366732074
1751153705	1366732079
2003597743	1366732082
1825727495	1366732084
2089457363	1366732084
2438430117	1366732092
3207152963	1366732097
2028959155	1366732105
2291467617	1366732106
2013819705	1366732107
1837924285	1366732109
2945512365	1366732111
1734124433	1366732113
2133641995	1366732123
2178413255	1366732124
1849340907	1366732129
2730529970	1366732130
2387677132	1366732141
1631795772	1366732142
2621065161	1366732147
2844773170	1366732147
2772526501	1366732150
3119694225	1366732161
1942411490	1366732162
2132747333	1366732163
2674411985	1366732167
2765800407	1366732171
2978456917	1366732171
2706951250	1366732178
2749917937	1366732183
2338171627	1366732185
1943659233	1366732185
1951057867	1366732187
2332692501	1366732189
3058377437	1366732190
2670595160	1366732191
2672534783	1366732192
1722241775	1366732197
2507357274	1366732210
3212003862	1366732211
2521541891	1366732211
2390989061	1366732212
2775717081	1366732218
2067261375	1366732229
2179856553	1366732229
1152362021	1366732236
1884865853	1366732238
1681851244	1366732242
3134701683	1366732243
2178327705	1366732264
1856842075	1366732269
1786712110	1366732269
1705997783	1366732287
1874855781	1366732289
2332168314	1366732292
1434373194	1366732294
2301038541	1366732301
2282542902	1366732305
2269684534	1366732305
2242082174	1366732316
1921693141	1366733593
3012136191	1366733599
2705256821	1366733605
2839820063	1366733608
2379077291	1366733621
2087395013	1366733622
2656862160	1366733647
1779744882	1366733651
3068654743	1366733655
1839563467	1366733675
3259744225	1366733686
1567912194	1366733697
2631104735	1366733712
1718096622	1366733717
2711709827	1366733718
2508106992	1366733729
2031672585	1366733756
3263494590	1366733777
1287040992	1366733792
1410512483	1366733803
2507924862	1366733833
1856281814	1366733834
1934224353	1366733837
3326541672	1366733839
2978909987	1366733850
2805601802	1366733852
3266782445	1366733853
3314315997	1366733856
2032736533	1366733866
2151718841	1366733868
2816362013	1366733873
2080574753	1366733884
1867106951	1366733887
3053297697	1366733897
2324646163	1366733932
2776770774	1366733954
1853921804	1366734021
3031801774	1366734029
1844818632	1366734030
1991541495	1366734031
2632976781	1366734040
1245465437	1366734048
2630902461	1366734130
3154574850	1366734136
2792781874	1366734169
2332883832	1366734207
2650575521	1366734228
3191942872	1366734229
1923252255	1366734230
3035690657	1366734237
2007476135	1366734270
1661153571	1366734283
2572568013	1366734291
1733701872	1366734301
3142503114	1366734307
2190332915	1366734312
2250426832	1366734314
1896111727	1366734323
2371358295	1366734326
2695624494	1366734332
2992275513	1366734339
3170441897	1366734381
2295061141	1366734419
2670053601	1366734431
3095647597	1366734435
1880609767	1366734435
2377384713	1366734441
3219467397	1366734450
2676621012	1366734464
2394197961	1366734466
2376105613	1366734515
2852378821	1366734519
2344969532	1366734524
1765407682	1366734536
2164420463	1366734546
2307469250	1366734555
2181416594	1366734582
1592328951	1366734583
2959280377	1366734607
1667899834	1366734623
1868839652	1366734627
2638956220	1366734638
1676781382	1366734671
3123407111	1366734688
1578903045	1366734701
1686354743	1366734715
3202333872	1366734773
2368308234	1366734812
2410018373	1366734829
2547520183	1366734843
2652218252	1366734862
1266729337	1366734879
3195794474	1366734879
2458969045	1366734891
1525278450	1366734925
2702882837	1366734934
1753095313	1366734945
1951842021	1366734956
1686630664	1366734986
1564223013	1366734989
2753806645	1366735012
2614525631	1366735020
2183434781	1366735062
2715561300	1366735068
2195843110	1366735080
2755265605	1366735090
2854246202	1366735126
1864725480	1366735143
2255195404	1366735151
2057276910	1366735155
1641910637	1366735183
2877307170	1366735191
1866457755	1366735264
2716297783	1366735286
1861445905	1366735341
2905015723	1366735362
1756343717	1366735413
1880609767	1366735420
2787301245	1366735425
3044301450	1366735432
3044094560	1366735434
3019296504	1366735600
2683721835	1366735609
1280437942	1366735616
2736196633	1366735622
2822949267	1366735673
2091634527	1366735702
2574120581	1366735709
1967254144	1366735713
2292514863	1366735733
1745328363	1366735757
1762129892	1366735766
1551760073	1366735798
2014859744	1366735802
2633890531	1366735920
2933274671	1366735926
2910066971	1366735937
2521006353	1366735954
1959333082	1366735994
1979218131	1366736032
2622780365	1366736041
2413180665	1366736058
1993804927	1366736101
2528580491	1366736118
3207331725	1366736120
1907502733	1366736127
3296334951	1366736217
1849772330	1366736219
2605815204	1366736264
2015525965	1366736420
2546031597	1366736424
2919581074	1366736444
3006587115	1366736540
1798455404	1366736549
1830695980	1366736622
3112830901	1366736630
1909335850	1366736761
1789257740	1366736830
1806300444	1366736867
2013157672	1366736899
2521703604	1366736917
2001031781	1366736960
2020016937	1366736971
2982825447	1366737043
2771492943	1366737095
2706551427	1366737123
1695881705	1366737143
2920351344	1366737155
1766055234	1366737244
1979932371	1366737343
2920351882	1366737356
2789801474	1366737356
2882021745	1366737373
2713986695	1366737521
1844714990	1366737656
2452208272	1366737709
2085408684	1366737745
1910693591	1366737789
3092930757	1366737795
2116606377	1366737828
3038124601	1366737898
3195742677	1366737919
3256948222	1366737986
2644843391	1366738001
1762553802	1366738047
3121943407	1366738105
2542252514	1366738106
1529589161	1366738266
2288451870	1366738380
3255861205	1366738380
1016741755	1366738482
2269776744	1366738525
2995910353	1366738552
2563871654	1366738580
2617138585	1366738590
1582544015	1366738802
2803344780	1366738802
3291549195	1366738803
3036512534	1366738826
1730101917	1366738863
1952135157	1366738875
2724800102	1366738930
2387244863	1366739022
2741153712	1366739037
1719802997	1366739112
2859892704	1366739192
1800310802	1366739214
2426029950	1366739241
1612831052	1366739283
2019201133	1366739331
2169965830	1366739335
2011141160	1366739367
1890631370	1366739440
2231487231	1366739509
2883124954	1366739580
3044850404	1366739622
2285274081	1366739634
2381159200	1366739774
2668301607	1366739793
2686577421	1366740079
1556198393	1366740347
3041380465	1366741066
2514925291	1366741218
1790673707	1366741245
3043715890	1366741267
2920163694	1366741267
1446519774	1366741334
2640139474	1366741430
3054786165	1366741508
3270076544	1366741531
1432786741	1366741902
2609755811	1366741923
2908954325	1366742032
3188661002	1366742557
2722641582	1366742945
1792022085	1366743020
2031197615	1366743509
1714246685	1366743600
2159738320	1366743638
2357195900	1366743967
2805612380	1366744364
2651586864	1366744471
2671952185	1366744914
2688014075	1366745101
2422436864	1366745128
1975977347	1366745836
2703696622	1366746205
2418693107	1366746233
3313435541	1366746809
2919343482	1366747730
3122778280	1366747942
2066294171	1366749549
3005499507	1366750126
3044894612	1366750371
1593778124	1366750901
3295266451	1366751359
2292605390	1366752143
1674718323	1366752236
2462087410	1366752557
3288004661	1366752884
2747313243	1366753014
1762478135	1366753266
1887836990	1366753290
2472404981	1366753399
2681862832	1366753539
1883861543	1366753886
2518922727	1366754101
2607255612	1366754341
2920511390	1366754578
1154936135	1366754693
2345160182	1366754847
1758811955	1366755131
1801880122	1366755219
3248714002	1366755544
3021544991	1366755948
3249549305	1366755951
2048722140	1366756258
2259080617	1366756261
2844796440	1366756266
1980280812	1366756289
1966013234	1366756297
2675662233	1366756743
1933018125	1366756809
1438867255	1366757038
2745569534	1366757363
2290989620	1366757388
1774805545	1366757417
3108790397	1366757583
2970374551	1366757687
1898137621	1366757799
2881523552	1366757821
2600923170	1366757893
2636656120	1366757933
2253647920	1366758092
2628234757	1366758129
3067653581	1366758180
2107663781	1366758209
1416610561	1366758236
1740934130	1366758272
2237482607	1366758287
3256298862	1366758395
3200671607	1366758542
3121502150	1366758752
2454147662	1366758775
1675157030	1366758780
2817891087	1366758937
2551024422	1366758963
2720346773	1366759035
3114817733	1366759038
2151130562	1366759058
3278709494	1366759085
2392946105	1366759110
1657395757	1366759147
1837336715	1366759190
2170493702	1366759211
2372945375	1366759298
2825748741	1366759352
1349557697	1366759365
2631886772	1366759374
2598207442	1366759381
2967014617	1366759515
2178876922	1366759559
2131578484	1366759646
3011807903	1366759738
1791856464	1366759743
3175687654	1366759891
2248931022	1366759927
2099870973	1366759931
2081129503	1366759951
2696921677	1366759972
3065489502	1366760003
1625192451	1366760013
2003781945	1366760066
3293230347	1366760117
2291106570	1366760124
1726801110	1366760305
1763556437	1366760335
2653573551	1366760517
1626791807	1366760534
2382978387	1366760610
2642352911	1366760654
1806864835	1366760872
2191826892	1366760897
3170921172	1366760941
1859088334	1366760945
1653150492	1366760955
2667234631	1366760982
2652683033	1366760986
2927184153	1366761062
1882006535	1366761092
2023110153	1366761175
2824592247	1366761195
1963725233	1366761425
1778502594	1366761515
2738958465	1366761559
2830019554	1366761571
3201392957	1366761710
3043692850	1366761775
2802941452	1366761775
3176179172	1366761779
1973080004	1366761793
2351853697	1366761820
1772624811	1366795739
1961053101	1366796766
1435118035	1366797338
2001169393	1366798583
3094242853	1366799069
1970757291	1366799099
2696559571	1366799496
1500273377	1366802201
2467742792	1366802404
1930322405	1366802645
2803113202	1366804212
1289834624	1366806032
2462841251	1366806158
3195141862	1366807688
1966072213	1366809114
3219652005	1366809484
1882315083	1366811772
3192074931	1366813295
1802284965	1366813420
2001757053	1366814444
3005605587	1366815508
1723056181	1366820002
2919409852	1366820002
1738187682	1366821226
1618987620	1366821378
3044270204	1366824301
3043810704	1366829946
3044863544	1366831421
1948462785	1366850064
3036249703	1366852702
2909667425	1366854001
2919571860	1366854304
2919877004	1366854304
2071992800	1366855972
2668462733	1366859857
2789813472	1366860925
2803068182	1366860925
1923538161	1366889249
1933613961	1366897554
2652248320	1366906800
2920558874	1366907627
3044724234	1366907627
3044248164	1366908119
3045094970	1366908120
1581701631	1366919226
2805072482	1366919226
2803211872	1366925361
2708101682	1366962005
3040218662	1366963117
2789782204	1366986509
2920354342	1366986510
3044814950	1366989749
2809934812	1366989751
2803980710	1366997370
3044543922	1366999830
2789965410	1367003183
2790085750	1367011194
1878490545	1367017429
2189940615	1367027408
2387361463	1367032292
2920393034	1367166332
2808152620	1367166332
3044545384	1367169602
1560974360	1367169602
1583916400	1367259381
2808549712	1367262734
3044394410	1367301775
3044960844	1367301777
1727981447	1367311280
3045012622	1367311280
2809889754	1367333441
2920441322	1367333441
2803253220	1367341383
3044313952	1367341680
3043531710	1367342854
1934244127	1367418025
1777551424	1367434813
3044312572	1367442311
2805689970	1367443058
2920426420	1367453990
1582554921	1367582977
3043545110	1367582979
3430087884	1368146442
2920602292	1368454043
2920355682	1368454046
2920406122	1368516174
2789779710	1368704604
3044344240	1368704604
2920028170	1368760825
2811086512	1368945569
3045048652	1368945571
2803858070	1369027314
2883118270	1369220609
2705342117	1369300229
3242066032	1369650220
2713075703	1370408603
5069715848	1402110400
5170790940	1402243449
