1642591402	1352947922
1609445473	1352947974
2337634770	1352948010
1063799313	1352948030
2807251471	1352948032
1368805177	1352948045
2142056833	1352948060
1878598480	1352948060
1378162710	1352948072
1798538747	1352948093
1867000893	1352948096
1773315711	1352948097
2087617531	1352948107
2378310200	1352948109
2944959547	1352948115
2162527802	1352948126
1806184375	1352948145
2327077327	1352948177
1837126897	1352948214
2461175535	1352948237
1749253215	1352948251
1866137520	1352948257
1600985731	1352948303
1223095967	1352948311
2824729433	1352948319
2013320857	1352948326
3024954203	1352948334
2421504103	1352948354
2694750377	1352948359
2601863923	1352948364
1917426933	1352948391
1222532573	1352948391
3087381047	1352948394
1392456605	1352948400
2021570363	1352948408
1799879633	1352948479
2920634774	1352948486
1915604130	1352948487
2966535017	1352948487
1860396551	1352948490
2424080722	1352948512
1749604985	1352948539
1887847352	1352948547
2813700561	1352948621
2034726470	1352948641
1841825504	1352948649
2493195445	1352948665
1935589743	1352948688
3017385535	1352948696
1466331482	1352948750
2033758443	1352948785
1223362002	1352948791
1900410415	1352948795
1744955124	1352948892
2145192163	1352948892
1964405115	1352948897
2651860250	1352948913
2620812823	1352949001
1787431327	1352949013
2838289004	1352949119
1846206794	1352949121
2596561391	1352949121
1223362002	1352949134
2767612574	1352949222
2752664207	1352949252
2038678712	1352949281
2513286672	1352949287
1848702000	1352949288
1570192170	1352949375
1516598090	1352949535
2783326757	1352949604
1737673001	1352949702
2273921161	1352949818
1742531040	1352949838
2476772090	1352949864
1746670514	1352949895
2520660861	1352949920
2654408771	1352950025
1958571327	1352950094
2280141090	1352950223
2730638363	1352950303
2129866435	1352950361
2588551002	1352950437
1991392002	1352950531
1677106397	1352950570
1905278833	1352950814
1838871695	1352950826
2020425012	1352950838
2031659665	1352950847
1834123237	1352950863
2831959973	1352950907
1671196223	1352951142
1834158621	1352951145
1824238687	1352951230
2470374071	1352951301
1834162245	1352951398
2305320800	1352951447
1634674324	1352951515
2249231494	1352951595
1834233827	1352951672
1684622577	1352951796
1834285895	1352951889
2132532161	1352951911
2181417501	1352951917
1664057840	1352951954
1914180925	1352952273
1834349211	1352952292
2763754505	1352952432
1263785940	1352952502
1834511885	1352952927
2205477495	1352952928
1834516765	1352953246
2358389357	1352953354
2356463067	1352953405
1836292787	1352953465
1693161617	1352953559
1836371551	1352953677
2967252781	1352953691
1914603225	1352953750
1832580485	1352954296
2484850245	1352955127
2454428555	1352955301
2680739754	1352955623
2750413233	1352955713
1985281047	1352956616
2097614711	1352956827
2294228771	1352957955
3008457392	1352959107
1928958075	1352960302
2107671294	1352960830
2643794704	1352961319
2959832085	1352961347
2834618284	1352962132
1964298041	1352963054
2542326572	1352963220
2779933584	1352964497
1843177723	1352965146
2738706414	1352965370
2593129604	1352967331
1664496221	1352967751
2516862237	1352972396
2463073003	1352977697
2231481507	1352980034
1878895703	1352982470
2258840403	1352983814
1430262957	1352986858
2803813500	1353005059
2919493974	1353027407
1410788284	1353031121
2596434161	1353039530
1213608554	1353044038
2198245185	1353045977
1838158875	1353058589
2919519880	1353124568
2920220890	1353124569
2372069621	1353474055
