2803301701	1365522722
2473236001	1365522737
3210979254	1365522747
1496997554	1365522751
1563475050	1365522757
2660349952	1365522758
1653085584	1365522760
3091041443	1365522773
3177607075	1365522777
1751266574	1365522780
2032983392	1365522781
2462202871	1365522785
1803516847	1365522786
2661161751	1365522787
1776779125	1365522796
2176581387	1365522797
1842927542	1365522800
2958390943	1365522801
2292740981	1365522802
2984071217	1365522802
2701039670	1365522805
3063324947	1365522808
2014034604	1365522809
3268702800	1365522810
2923635377	1365522811
1901104735	1365522811
1679823734	1365522812
2422828784	1365522814
2428046897	1365522814
2403422742	1365522815
2436951487	1365522819
3063025321	1365522825
1289113714	1365522828
1797355227	1365522829
1443149434	1365522832
1959720637	1365522833
2275529002	1365522833
1049568335	1365522833
2013706844	1365522835
3242433461	1365522836
2712778794	1365522837
2349126433	1365522841
1583002213	1365522842
2793173071	1365522843
2101028561	1365522843
2717690303	1365522852
2062025015	1365522854
1717382483	1365522859
2078264745	1365522860
1505601834	1365522860
1871926827	1365522861
1371981707	1365522862
2103237495	1365522863
3095172653	1365522863
1746526775	1365522866
3309022650	1365522867
1177369503	1365522868
3267996830	1365522869
1913964271	1365522874
1907979550	1365522876
2035354513	1365522882
2429217525	1365522883
1935971785	1365522885
1831589501	1365522886
2214935721	1365522890
2340243583	1365522893
1143213541	1365522893
3188458652	1365522893
2468945413	1365522895
2119149564	1365522905
3196844134	1365522905
2100341747	1365522906
2876084390	1365522906
2098400817	1365522906
2335323405	1365522907
2242740170	1365522913
2084128207	1365522913
2680727471	1365522917
2455295561	1365522917
2478712510	1365522918
1729809075	1365522920
3164374807	1365522920
2115787233	1365522922
2356100440	1365522927
2790924081	1365522931
2670010861	1365522933
2417703473	1365522933
1724704114	1365522942
3022844373	1365522943
1939521833	1365522944
3152481533	1365522946
1252503281	1365522947
3167464457	1365522947
3169862710	1365522947
2432549064	1365522950
1569290000	1365522951
2035324431	1365522956
2258086782	1365522958
1944127027	1365522959
2926350075	1365522960
1266493712	1365522960
1040294642	1365522962
1806896842	1365522964
2287217543	1365522969
3166388585	1365522970
2429787237	1365522971
1651454467	1365522972
1688215194	1365522972
2567464585	1365522973
1528236467	1365522974
2567215231	1365522975
1360730153	1365522977
1917177312	1365522977
1937642350	1365522979
1760388013	1365522982
2857785280	1365522984
1811892071	1365522988
2017183301	1365522989
1794583285	1365522990
1626441840	1365522991
2092397910	1365522994
1675025237	1365522995
2357960471	1365522996
2377819040	1365522996
3115286927	1365522998
2780374083	1365523002
1739727084	1365523003
2278837674	1365523007
1234881454	1365523007
1457715725	1365523008
2625606483	1365523010
1989138325	1365523014
1842611773	1365523017
2764907647	1365523018
1724130763	1365523018
1757979187	1365523019
1855301953	1365523022
2204457504	1365523023
2625892885	1365523027
3227811641	1365523032
1847012023	1365523034
1854011200	1365523034
1768774094	1365523036
1760338800	1365523049
1686838833	1365523051
1836176240	1365523053
3040445917	1365523055
2191882891	1365523057
1631225372	1365523060
2088817405	1365523063
2198988440	1365523064
1656282215	1365523068
1955514774	1365523069
3226173830	1365523070
1899514527	1365523073
1279255811	1365523076
1417118312	1365523084
1808904845	1365523090
3202960660	1365523097
2856691872	1365523102
1026280390	1365523104
1244933690	1365523110
1782788470	1365523115
2559677484	1365523116
2453513001	1365523118
1598476464	1365523118
1497039875	1365523118
1766583332	1365523118
2330074604	1365523120
2723857032	1365523120
1768108054	1365523123
2706597331	1365523126
1201091621	1365523127
1347194304	1365523132
1980823132	1365523134
2001437777	1365523145
2176548007	1365523149
1855613851	1365523155
2398530503	1365523156
1672496374	1365523157
2779811017	1365523159
1370235970	1365523162
2659210581	1365523162
3244146574	1365523163
3141515395	1365523168
2693208760	1365523174
1651632182	1365523175
2302108872	1365523176
2995751661	1365523176
3081544621	1365523177
1268686210	1365523178
2746805531	1365523180
1308567071	1365523183
1198994752	1365523184
2191755884	1365523185
1417411191	1365523190
3193082605	1365523192
1880940685	1365523193
2109834581	1365523196
1739809137	1365523198
1981985341	1365523203
2621261865	1365523205
2487817471	1365523206
2552971741	1365523210
2658261087	1365523214
3017957753	1365523217
2206032034	1365523218
1961711567	1365523226
1648964574	1365523230
2132489452	1365523236
2092324085	1365523237
3208945944	1365523237
2059171384	1365523240
1228455597	1365523246
2106565220	1365523247
2097270050	1365523248
2407974315	1365523251
2828377932	1365523251
1827767065	1365523251
1247376515	1365523255
2754820373	1365523258
1949418977	1365523260
2675524233	1365523260
2449467863	1365523264
2985978472	1365523266
2363537831	1365523271
2309073661	1365523280
2130375255	1365523285
2474409063	1365523287
1689345594	1365523293
1433306785	1365523295
1097590263	1365523296
1351893541	1365523299
1749618587	1365523301
2391592574	1365523316
3026072615	1365523316
1162457524	1365523316
1740240835	1365523317
1610095794	1365523319
1865913521	1365523319
2911928141	1365523324
2038761125	1365523331
1789131595	1365523331
2429704181	1365523332
2218860744	1365523332
3165662324	1365523340
2810580161	1365523343
2725807817	1365523348
1785796875	1365523364
82218221	1365523377
1220621867	1365523383
1084856971	1365523384
1703324042	1365523387
3272801194	1365523391
1713819641	1365523397
2132954165	1365523403
1193508495	1365523410
3234610672	1365523417
1814805175	1365523417
3201762702	1365523422
1780831941	1365523423
2994355023	1365523423
1644945920	1365523425
3174580323	1365523431
3001006965	1365523443
2383043115	1365523449
2402421421	1365523450
1682354145	1365523452
3266397925	1365523460
2407974315	1365523466
3205882443	1365523487
2064259163	1365523489
1748797124	1365523491
2780379337	1365523498
1887854837	1365523504
2650281007	1365523506
1806935477	1365523516
1233992645	1365523519
1484681731	1365523519
3210408920	1365523531
1961502895	1365523533
2078534263	1365523535
3231264074	1365523538
2694190740	1365523543
1868693441	1365523560
2966443505	1365523563
2611745413	1365523567
1213010141	1365523575
2355307205	1365523583
3166006023	1365523584
1831100210	1365523584
2592636467	1365523585
2665129221	1365523597
1972302185	1365523599
2674151461	1365523600
2482289381	1365523601
2327643434	1365523602
1422816023	1365523609
1806935477	1365523618
2177951032	1365523626
1497442981	1365523640
2144384981	1365523646
2651873283	1365523649
2953687991	1365523651
1346330304	1365523658
2117263020	1365523661
1767170223	1365523662
2856784900	1365523671
1400764391	1365523672
1666152495	1365523675
2341807131	1365523699
1926360717	1365523709
2816985153	1365523719
2049858473	1365523720
2615443860	1365523721
2250205562	1365523734
1857992082	1365523734
1629970204	1365523736
2474868790	1365523737
1074496700	1365523741
2964177680	1365523755
3024889461	1365523759
2941260265	1365523764
1828229831	1365523769
1749681885	1365523778
2287729405	1365523789
2114332584	1365523790
2030563161	1365523793
1820664152	1365523814
3249252024	1365523816
1036212883	1365523823
3169343563	1365523830
1919786443	1365523830
1833539017	1365523832
2102778014	1365523839
2026115147	1365523844
1975670767	1365523860
2634637514	1365523867
2477971102	1365523875
2632484611	1365523888
2944010073	1365523891
1882642977	1365523909
3134373015	1365523914
2809405572	1365523920
1706163017	1365523935
1667883740	1365523937
1907367527	1365523937
3246114770	1365523943
2721357525	1365523943
2946231943	1365523947
3002526001	1365523957
2257762440	1365523963
1497722635	1365523965
2990269090	1365523975
2232656245	1365523988
2080477301	1365523993
1991616765	1365524001
2754683995	1365524005
2022319793	1365524008
2622161983	1365524025
2306233961	1365524026
1610095794	1365524033
1955884491	1365524050
2518496604	1365524057
2104567062	1365524101
2856420111	1365524109
1811221850	1365524113
2505079103	1365524128
2149131075	1365524143
2117018742	1365524173
2261140373	1365524176
3052562574	1365524178
2566396732	1365524179
3181324887	1365524212
3273731032	1365524218
2406019284	1365524219
1435783107	1365524221
1673986533	1365524248
3085454137	1365524249
1399240651	1365524267
1800437955	1365524272
3068750447	1365524276
2565952884	1365524304
1897309817	1365524309
3134310881	1365524312
2312863475	1365524313
2519248957	1365524323
1445612133	1365524327
2193174362	1365524330
2114153011	1365524337
2369071654	1365524347
2716200537	1365524351
2154214582	1365524377
3257739231	1365524382
2264471537	1365524384
2746332921	1365524386
1242214871	1365524393
2436191827	1365524417
2695847070	1365524427
1902357180	1365524428
1886803775	1365524433
2947311357	1365524446
1859443581	1365524449
3045864864	1365524463
1737409154	1365524478
2793912923	1365524550
1822429535	1365524558
2878144511	1365524559
1815177431	1365524568
2486298253	1365524578
2458414305	1365524579
2332180112	1365524580
2145376735	1365524583
2389392083	1365524588
3181502264	1365524618
2968556703	1365524623
2986464141	1365524696
1674178035	1365524725
1290320617	1365524751
1607951127	1365524755
1781271387	1365524795
2332701552	1365524796
2489835997	1365524797
1798077594	1365524816
1228030377	1365524829
3312160142	1365524845
3191579802	1365524846
2965274475	1365524847
3225751260	1365524858
2491979347	1365524872
2352172531	1365524899
1951160737	1365524913
2289506252	1365524918
1862811453	1365524919
1871129042	1365524927
1288427134	1365524943
2208859561	1365525016
1184186315	1365525020
1783361512	1365525049
2025545167	1365525113
2838936757	1365525124
1760597717	1365525153
2103245223	1365525165
1838920273	1365525174
2867575214	1365525198
2167488605	1365525211
2840712645	1365525217
1703601777	1365525227
1726121235	1365525233
2937831571	1365525240
2461353594	1365525247
1935562741	1365525325
2856918493	1365525334
2923814733	1365525344
1856009745	1365525358
2011277550	1365525359
1737468527	1365525481
3092281887	1365525512
2871353515	1365525516
2135280171	1365525562
1206920711	1365525563
2085208283	1365525583
1771638752	1365525588
1719471664	1365525619
2956294917	1365525645
1306413373	1365525653
1930266365	1365525689
1820664152	1365525727
1747606864	1365525761
1849277235	1365525786
1616260684	1365525910
2040760525	1365525917
2367887943	1365525923
2324476470	1365525983
2031657111	1365526009
1662702620	1365526045
3126302545	1365526104
2673847183	1365526140
1886303601	1365526145
2309951562	1365526160
2821458525	1365526166
1372915471	1365526187
2899713963	1365526192
1875666753	1365526228
1831348144	1365526228
2207059920	1365526292
3207724751	1365526383
3299677861	1365526396
3210068882	1365526400
1817101972	1365526412
1732080033	1365526434
1813650474	1365526494
2937959804	1365526560
2377338134	1365526563
2793745574	1365526580
1346940310	1365526598
2724149835	1365526631
1236892975	1365526642
2937959804	1365526744
2587422145	1365526762
1758298693	1365526762
2049623041	1365526881
2161234801	1365526927
2920565374	1365526929
2213197250	1365526940
3085295395	1365527103
3043948642	1365527249
3043844634	1365527249
2313810831	1365527284
1759597497	1365527286
2661186851	1365527296
2870214703	1365527300
1971669072	1365527348
2962776681	1365527371
1049182393	1365527383
1880078375	1365527443
3118859273	1365527479
1837593011	1365527488
2813597447	1365527618
1154478705	1365527634
3243420792	1365527672
3282282632	1365527821
2127904465	1365527850
1819022813	1365527947
2437990683	1365527983
2239860114	1365528038
3178389643	1365528061
3015996561	1365528244
2663762773	1365528265
1664921991	1365528281
2454633444	1365528344
2152104813	1365528410
2153954041	1365528446
1656338815	1365528482
1779264247	1365528550
1116685204	1365528553
2217256563	1365528636
2660914467	1365528646
1741847931	1365528653
1914347915	1365528796
3043575162	1365528970
2920028580	1365528971
1988759343	1365529006
2897402471	1365529175
2803467614	1365529297
2789910092	1365529297
2011208672	1365529301
2797053971	1365529419
2022049817	1365529441
1164123981	1365530016
2919884974	1365530152
1227081174	1365530153
1663493880	1365530164
2288721423	1365530290
1085346382	1365530328
2513705892	1365530372
2469020620	1365530598
2160788032	1365530709
1278246610	1365530821
2282018084	1365530830
2160419500	1365530874
1231484863	1365531188
2587969173	1365531201
2920117472	1365531315
1249214930	1365531339
1770219635	1365531488
1582602714	1365531529
2919372794	1365531716
1773311277	1365531843
1027356991	1365531845
1835858822	1365532188
1824950441	1365532335
1606420093	1365532475
2364863254	1365532544
2961914635	1365532688
2715106845	1365532716
2819051443	1365532831
3043504144	1365532835
2919482712	1365532835
2168483682	1365533656
2389968785	1365533657
2394078440	1365533761
1010229713	1365533789
1403789497	1365534037
2518275703	1365534163
2809288085	1365534789
2596860701	1365535258
1632338520	1365535376
2328051341	1365535423
2671988711	1365535636
2822019744	1365535724
1704895857	1365536050
3135770550	1365536064
1650727322	1365536106
1927270231	1365536356
2305121235	1365536426
1906706661	1365536924
2864017240	1365536986
2781862623	1365537174
1650904940	1365537361
1443429663	1365537377
2012785781	1365537422
2765350710	1365537639
2866980784	1365537672
2789767390	1365537687
1789042885	1365537994
2168548325	1365538106
1283521874	1365538153
2810564202	1365539303
2103001763	1365539547
1918311213	1365539796
2377057484	1365540646
1765426335	1365540702
3085204051	1365541552
2070896000	1365541754
1903329357	1365542095
3027972770	1365542332
2009710455	1365542348
2134578707	1365542578
2748894131	1365543069
1144643600	1365543417
3006428633	1365543725
2805966372	1365543778
1792235855	1365544234
2392291033	1365544521
1728987103	1365544598
2787073274	1365544797
2168623637	1365544847
2682691612	1365544899
3225083422	1365544902
2833723624	1365545116
2139276543	1365545303
1695679645	1365545611
3041790483	1365545621
3288233384	1365545690
1849856085	1365545694
1760730020	1365545744
3053992564	1365545817
1954516430	1365545999
2262934495	1365546118
2919809682	1365546120
2426819552	1365546121
2680628495	1365546187
1989106051	1365546211
1616454302	1365546239
2122423995	1365546251
1459323230	1365546347
1751224790	1365546566
1767421751	1365546573
2927704861	1365546614
2838098055	1365546618
2557510690	1365546653
1354006031	1365546699
2967756627	1365546938
2092111517	1365546967
2754121487	1365546992
2831249723	1365547012
1951160737	1365547046
1737755210	1365547201
2173362733	1365547260
1368136530	1365547340
2776226305	1365547458
2413618913	1365547471
1707430757	1365547599
1047623842	1365547602
1688891097	1365547634
2621798564	1365557683
3024078647	1365557699
2381599311	1365558028
2920541290	1365558039
3043749890	1365558039
1925639415	1365558099
1848593685	1365558130
1007565965	1365558139
2193301675	1365558153
1764443823	1365558178
1949463887	1365558261
2808898051	1365558271
1762083884	1365558413
2162869733	1365558438
1922026517	1365558487
2711937521	1365558806
1868794733	1365558892
1168329852	1365559092
2096572167	1365559235
3256191530	1365559331
1730002890	1365559687
2108053230	1365559946
2647434870	1365560067
2065808965	1365560292
3192574784	1365560349
2470422191	1365560392
2595840572	1365560626
2352762755	1365560718
2350762333	1365560755
1261816413	1365561104
2976284483	1365561662
2458187755	1365561863
3181011684	1365562090
1172803474	1365562093
3253005640	1365562433
1336217470	1365562828
2477389061	1365563066
3170456864	1365563427
2199073501	1365563598
1213421893	1365563670
2704466962	1365563735
2647918565	1365563894
1852230835	1365564023
1401034382	1365564029
1680423224	1365564180
3189728720	1365564433
2760937451	1365565095
2198562623	1365565662
2171832494	1365565715
1820664152	1365565921
2940365531	1365566061
1820664152	1365566119
2810148354	1365566297
2012713615	1365567220
1851130042	1365568208
1796343983	1365568569
1987006955	1365569041
2985964395	1365569242
2103561585	1365569780
2910228547	1365569906
3204607973	1365569942
1708307657	1365570096
2931818787	1365570360
3180237650	1365570431
2129230662	1365571012
1796434345	1365571461
2649840984	1365572468
1274956711	1365573127
2272917592	1365574252
3044663003	1365574721
1894160862	1365576220
2912442802	1365577692
2692023917	1365581529
2047203317	1365586182
1983349280	1365586564
1037420252	1365587075
1356294651	1365589144
1407782053	1365589704
1237915055	1365589956
2820291954	1365593855
1826242801	1365595233
1434634915	1365595482
2280452437	1365596759
3098455293	1365598511
1854109284	1365598816
2514335581	1365598959
3202742010	1365600613
2535057437	1365601462
1799047505	1365604139
3154165474	1365606250
2032498844	1365608203
2459929857	1365609271
2803493084	1365612680
2810707214	1365612681
3212846962	1365613714
2804249290	1365620632
2919755224	1365620632
2920392240	1365624796
2919960064	1365624797
2789988080	1365628264
2804806814	1365628264
2877694344	1365633022
2809889024	1365637949
2964781712	1365644546
2808733160	1365650730
3044024372	1365650731
3165842520	1365653544
2977924704	1365654649
2413618913	1365691575
2804592464	1365705101
2920346214	1365705101
1584009533	1365719719
2919702860	1365720954
2919852712	1365720955
2278689767	1365726233
1777831410	1365737224
2920062134	1365737225
1874924671	1365743290
1440486727	1365745554
2920081084	1365745554
2810572814	1365754587
2803686192	1365754589
1705820434	1365764131
2920285914	1365784058
3044002714	1365790405
2919572832	1365790407
2919467834	1365798397
2920130914	1365809520
2804249954	1365967799
3043985460	1365967799
2919244932	1366044107
3043791364	1366093220
2803803000	1366093220
1776580477	1366113253
2789912624	1366113256
2920042214	1366149495
1582796563	1366219486
2804734192	1366219486
3043931832	1366248013
2789721634	1366248013
1984769593	1366258504
1775800542	1366311169
3043508454	1366313395
1776523422	1366323107
2919759234	1366569255
3044395022	1366569255
3043823792	1366742186
2809532640	1366742187
3044344652	1366746225
2809419830	1366746225
3044919654	1366841758
1582762121	1366927349
3044591370	1366927350
2919423010	1366940727
2789701214	1366940727
2789913970	1367265295
3045361664	1367265296
3043759064	1367349899
1582938404	1367369663
2789961050	1367450244
2810857934	1367450722
3044857354	1367589933
2919535832	1367589934
3045050474	1367843660
2920106270	1367843661
2920504620	1367865824
2358169631	1403192094
