1730065315	1367682360
1876912023	1367682387
2138614867	1367682392
1738938587	1367682393
2148195202	1367682393
1947425673	1367682399
1795087974	1367682404
1776366025	1367682413
2070407027	1367682414
2181241157	1367682418
3147925141	1367682424
3226081965	1367682434
2071162923	1367682435
2403309480	1367682438
1799033647	1367682438
1880831892	1367682438
2863207092	1367682439
1930433500	1367682440
1787381005	1367682441
3269152663	1367682444
2653923860	1367682449
1843727370	1367682453
2253004784	1367682455
1966146045	1367682461
1805065380	1367682461
1646989261	1367682465
1736341710	1367682465
2862756114	1367682467
2937228407	1367682470
2389682192	1367682478
1772547464	1367682481
2135421583	1367682484
1721026754	1367682484
1907541871	1367682500
2816920187	1367682509
3084629577	1367682511
1890616701	1367682519
3409532762	1367682520
1823992195	1367682521
1775053223	1367682524
1835355340	1367682533
2128451132	1367682535
1774109624	1367682536
1813457804	1367682539
1920246743	1367682544
1788471491	1367682545
2498366062	1367682550
2971152804	1367682554
3293577194	1367682559
2821032774	1367682564
1881529174	1367682581
2846080672	1367682584
2819177640	1367682593
2922819292	1367682595
1245791351	1367682606
3319097224	1367682616
2163382065	1367682630
1086720155	1367682650
1317860774	1367682653
3265023530	1367682656
1652092773	1367682658
2583862804	1367682659
3342158890	1367682660
2985659094	1367682661
1893341481	1367682665
1801009411	1367682682
2721698260	1367682686
2513981965	1367682693
2305362721	1367682693
1935436437	1367682695
2911955405	1367682701
1860639530	1367682711
2855664314	1367682712
1952578221	1367682713
2000594653	1367682716
2491635121	1367682723
2187305343	1367682727
3285037261	1367682735
1360860494	1367682737
2044863857	1367682739
2152639545	1367682740
2182893602	1367682740
2858818333	1367682744
2442130682	1367682767
2669459343	1367682769
2150951985	1367682772
1609259405	1367682774
3201527993	1367682779
3263452442	1367682797
2293897525	1367682805
2189919963	1367682808
2232809230	1367682810
3095059827	1367682826
1733513755	1367682828
1694141923	1367682830
2118282637	1367682832
2705982182	1367682835
1797250037	1367682836
1799958914	1367682840
1761570025	1367682844
1976623261	1367682847
2925846473	1367682850
2160315372	1367682872
1924991831	1367682880
1890700721	1367682903
1767406133	1367682906
1872794125	1367682910
3140849563	1367682922
1955781915	1367682930
2065048157	1367682932
2109967830	1367682933
1672586194	1367682943
2449492073	1367682944
2386050275	1367682945
2314011364	1367682945
1834485422	1367682951
3095547783	1367682954
1853506237	1367682957
3080297725	1367682960
1751200135	1367682962
2884230014	1367682966
1824965023	1367682967
1823589014	1367682973
1745927563	1367682974
1785194683	1367682974
2811989871	1367682975
3194816652	1367683000
1774116872	1367683015
2486815691	1367683015
2049352722	1367683017
1801723601	1367683028
1956217743	1367683029
2860325762	1367683034
2885507070	1367683037
1727564880	1367683038
2348422521	1367683040
2734498105	1367683043
1740443762	1367683051
2313293960	1367683052
2876453342	1367683052
2244041107	1367683057
2487608461	1367683060
1906150775	1367683070
1821154051	1367683071
2390037541	1367683080
1764108552	1367683081
1858801393	1367683087
2669110134	1367683092
1800610957	1367683095
1717024364	1367683098
2392595731	1367683113
1811387315	1367683118
1784743431	1367683120
2652401097	1367683125
2659935273	1367683127
1235178445	1367683146
2808004274	1367683159
2276746243	1367683160
1836557477	1367683163
3080307103	1367683168
2607694007	1367683170
2952972091	1367683171
1842088097	1367683171
2709445773	1367683176
1112152867	1367683182
1942763903	1367683183
3286947254	1367683185
2209343153	1367683188
2828341200	1367683201
2631690220	1367683203
1297387334	1367683205
1879609254	1367683210
1642869257	1367683213
1769304197	1367683223
2306361513	1367683229
1073733645	1367683236
2681429663	1367683237
2051675182	1367683239
2341511000	1367683240
1778985561	1367685651
1965225973	1367685718
2260408232	1367685728
2058189654	1367685738
2778948387	1367685754
2288010843	1367685781
2041685805	1367685782
2447325264	1367685834
2721833050	1367685841
1616751524	1367685865
2405977985	1367685903
1845285043	1367685920
1783119275	1367685924
3090831605	1367685972
2065573035	1367685979
1587138233	1367686033
1737804761	1367686059
1774981544	1367686119
1978530123	1367686123
2306352282	1367686134
2165934193	1367686233
3005299443	1367686267
1864110872	1367686277
1774796530	1367686292
1793351361	1367686349
1969591981	1367686436
1763774805	1367686485
1355978047	1367686510
2113709705	1367686525
1945655413	1367686548
1783983803	1367686623
2290127711	1367686686
2711957605	1367686770
1915594077	1367686871
2950387707	1367686875
2944587234	1367686876
2603944187	1367686903
3127224601	1367686922
3200640082	1367686962
1843009635	1367686998
2486084624	1367687018
2736631011	1367687024
1781426085	1367687093
1903674351	1367687111
1775246984	1367687125
2767108641	1367687158
2214352415	1367687228
2254305022	1367687355
2120870085	1367687356
1942347261	1367687396
2046427033	1367687546
1677249674	1367687605
3282777374	1367687607
2857437150	1367687720
1806199323	1367687850
3236456792	1367687907
2118488673	1367688015
1848968533	1367688024
1740398300	1367688030
2422978325	1367688205
1855668057	1367688233
3062071423	1367688320
1769345081	1367688334
2963547882	1367688341
1094235844	1367688455
1761130305	1367688459
1819137322	1367688485
1820923354	1367688569
3128930625	1367688683
1897914171	1367688764
1872835115	1367688903
3029156177	1367689057
1852749902	1367689058
3320190314	1367689100
1764794723	1367689146
1768326560	1367689317
2757540991	1367689507
2343392971	1367689552
2090931435	1367689589
2614874525	1367689597
1780962724	1367689675
1802417005	1367689751
1793235211	1367689831
1907155697	1367689927
2388913851	1367689940
3053302157	1367690005
1964988477	1367690245
1896954627	1367690255
2617976913	1367690387
2508934663	1367690489
2297693417	1367690533
2434272193	1367690568
2291364823	1367690761
2486815691	1367690884
1885009284	1367691237
1634586682	1367691303
3017038211	1367691318
3017038211	1367691357
1989920715	1367691482
1869777433	1367691621
2612971434	1367691664
1710942001	1367692024
3045073484	1367692315
3167189864	1367692352
1839869602	1367693027
2234225532	1367693265
1780466104	1367693398
2602943252	1367693945
1244638805	1367695001
3297654707	1367696229
1732534252	1367696559
3297654707	1367696722
2712213754	1367697063
1901578700	1367697553
2248048091	1367699027
1983617245	1367699295
1868070771	1367699722
2302657812	1367700204
2288103181	1367701137
2816743677	1367701988
2827415140	1367702413
2982176230	1367703141
1930060181	1367703496
3245246325	1367703904
2815138483	1367704195
2907894601	1367704670
2654109857	1367704706
2528395291	1367705481
3178923434	1367705725
2805835277	1367705890
1856184725	1367706108
3166802792	1367706265
2099239681	1367706582
1829517494	1367706814
2808900254	1367707136
2155757987	1367707168
3107908841	1367707460
3120358221	1367707479
2311353187	1367707574
3205771231	1367707706
2857423962	1367708033
1794008763	1367708037
2468669335	1367708207
1901427443	1367708476
2705980244	1367708755
2110062760	1367708976
2681720543	1367709094
1794461577	1367709138
1972290647	1367709188
2143512767	1367709281
1871574652	1367709307
2363307010	1367709393
1826011822	1367709472
1841298252	1367709499
2980866771	1367709666
3228727897	1367709775
2443375167	1367709793
2329441935	1367709911
2504391685	1367710000
3005885511	1367710076
1779191691	1367710265
1927722715	1367710410
1868335683	1367710484
1888370437	1367710541
2564403127	1367710642
3179335850	1367710772
1237789550	1367710825
2285503751	1367710946
2136068473	1367710990
1982138514	1367711115
1110725904	1367711202
2687046437	1367711413
2179315160	1367711963
1013942833	1367711965
2612118631	1367712021
1970149995	1367712086
1856276773	1367712102
1804618885	1367712105
1721906652	1367712589
1863002362	1367712672
1646582537	1367712916
3042521081	1367712973
3214446510	1367713015
1824947003	1367713072
3212020107	1367713113
1872579052	1367713282
2295370790	1367713383
1733723627	1367713531
2917130545	1367713629
3031142735	1367713793
1997596055	1367713838
2475909870	1367713953
2989897483	1367714092
1804519970	1367714162
2073273285	1367714197
2716135984	1367714226
1707592164	1367714286
3306585321	1367714355
2672812503	1367714364
3061499621	1367714372
2986036623	1367714595
2923176877	1367714759
2186409510	1367714841
1783960622	1367715017
1612549862	1367715134
2106651332	1367715192
1851159702	1367715227
2953192822	1367715315
1959523853	1367715363
2011748511	1367715411
2912215215	1367715438
1843770501	1367715476
1767938270	1367715553
3197871790	1367715667
1803347191	1367715670
1822949267	1367715683
1908251131	1367715694
1570185092	1367715717
2005437327	1367715721
1215617557	1367715756
1731416661	1367715909
2705430701	1367715913
1763398032	1367715934
2747486402	1367715968
1715727011	1367716011
1826400743	1367716096
3218269087	1367716148
2326710070	1367716209
3018173291	1367716224
3213101597	1367716231
1767087557	1367716270
1780938065	1367716405
3407219004	1367716426
3200259311	1367716529
1954905057	1367716608
2988470445	1367716653
2807978494	1367716752
2020026391	1367716927
3105650837	1367716958
2572104852	1367716963
1852220402	1367716963
2657746791	1367716972
2136293705	1367716977
3081985775	1367716993
2474212033	1367717003
2803710401	1367717103
1630219810	1367717164
2822316625	1367717178
2649293735	1367717318
1786862704	1367717334
1972493743	1367717370
2460572735	1367717556
2483446392	1367717587
1807469984	1367717698
2479938877	1367717773
2300360935	1367717791
2267699194	1367717863
2854170660	1367718092
1957080195	1367718142
2610807707	1367718257
2779061637	1367718263
1645127063	1367718479
1743046251	1367718589
3075349477	1367718594
1794184131	1367718632
1736715562	1367718678
1777419853	1367718679
1580838020	1367718889
2012683293	1367718965
3165210153	1367718986
1802028305	1367719005
1791206104	1367719149
2869983820	1367719202
2629586703	1367719217
1761721751	1367719226
2525170860	1367719285
2083336723	1367719286
3072763041	1367719337
2032922441	1367719359
2138191965	1367719379
3208615902	1367719613
1935674064	1367719615
3166680812	1367719662
2389595183	1367719687
1862532033	1367719707
1871976475	1367719810
1936278370	1367719879
2384474370	1367719938
2976551940	1367719958
2284513293	1367720035
1882885671	1367720039
1889266277	1367720060
3295135484	1367720073
1563307343	1367720097
1910563472	1367720134
1838592501	1367720152
3229922387	1367720193
2189059300	1367720267
1785445107	1367720321
2027553503	1367720327
1801742980	1367720410
2303078255	1367720692
2654267493	1367720747
2975316994	1367720759
1767389811	1367720857
2249779470	1367721049
1894287825	1367721085
1806434214	1367721120
3049675377	1367721155
2925599121	1367721319
1928925171	1367721324
3314269781	1367721352
3154569990	1367721427
1861331320	1367721449
1769539282	1367721463
2022634803	1367721467
1558650014	1367721631
2649077294	1367721658
2629542072	1367721675
2603023671	1367721788
1739613081	1367721866
2807285931	1367721984
2842349622	1367721985
1799055727	1367722005
1773617082	1367722006
1651017130	1367722024
2172412527	1367722167
2816509524	1367722280
2787094900	1367722456
2105556465	1367722897
3319811181	1367723012
1993710217	1367723078
1903043507	1367723185
2504951717	1367723226
2707454773	1367723368
1946669875	1367723603
3414986532	1367723704
1821959415	1367723834
2936836117	1367723856
2096231417	1367723877
3152008242	1367723948
1248629187	1367724160
1738915422	1367724194
1066905884	1367724215
2735856397	1367724261
2100629660	1367724309
1911500205	1367724405
1789795025	1367724427
1780204950	1367724477
1814834163	1367724625
2180689254	1367724644
2512552441	1367724645
3173101234	1367724719
1639831827	1367724752
1597600313	1367724755
2307655223	1367724866
2753990387	1367724878
1708095140	1367724924
3027142274	1367725243
1838047923	1367725245
1931985177	1367725261
2768651193	1367725300
2830797932	1367725386
2046725237	1367725415
2182806461	1367725464
2678074632	1367725618
2301512525	1367725758
1700999343	1367725895
2194116000	1367725897
1371000502	1367726077
2960296623	1367726403
2714320931	1367726592
1928307400	1367726788
2980911730	1367726877
3285489682	1367726910
2306258415	1367727025
2645632207	1367727042
2830803630	1367727393
2507088761	1367727956
2614241473	1367728032
3222176684	1367728124
1887819541	1367728163
1797112397	1367728203
1935005300	1367728298
1780275723	1367728302
1912999954	1367728381
2270849937	1367728392
2759568571	1367728598
1900499072	1367728624
3174725530	1367728727
2878439333	1367728834
2901454403	1367728864
1598700071	1367728879
2623816385	1367728990
1825779051	1367729030
2265048784	1367729202
2293077614	1367729235
2825583253	1367729509
3166108180	1367729613
3107941870	1367729655
2397162337	1367729668
1748206374	1367730063
2615165632	1367730222
2061589711	1367730256
2046307523	1367730375
1947866102	1367730593
1752242313	1367730650
3171905912	1367730692
2313829652	1367730747
1834880490	1367731031
3418708782	1367731157
1733496284	1367731239
2940669597	1367731296
2597919630	1367731777
1795267527	1367731792
2829557040	1367732096
2256824680	1367732103
1783285835	1367732155
3270400540	1367732211
2279675847	1367732269
2090313480	1367732365
2289423161	1367732522
1801487742	1367732623
1645318003	1367733060
2681167270	1367733154
2707240291	1367734204
1775580007	1367734441
2520508000	1367734789
2168345905	1367735452
2157399780	1367735535
1726872977	1367735651
2617125595	1367735852
2617125595	1367735890
3190712861	1367736186
2833573392	1367736559
3272039855	1367737008
1805512981	1367737375
2757512387	1367737532
2038077830	1367737707
1971142383	1367737886
1665778192	1367738067
2512292820	1367738188
1967355763	1367738250
1785738060	1367738347
1783523137	1367738388
1773153024	1367738426
2443489380	1367739219
1764700835	1367739367
1786001960	1367739534
1991015877	1367739570
1774928291	1367739901
1938371492	1367739952
2693292511	1367740011
2474628067	1367740180
2876834010	1367740326
2770636221	1367740621
2053097877	1367741023
1822507305	1367742415
1583546043	1367742536
2906591527	1367743525
2151954845	1367744396
1806667614	1367745708
1757332397	1367746863
3215791757	1367746908
1728186834	1367747828
2835259070	1367748177
2349360074	1367748278
2358201153	1367748306
2646723531	1367748537
3208826522	1367749425
1994996373	1367751215
1775054537	1367751320
1955020945	1367751793
1836692735	1367752368
2950565250	1367752446
3225322983	1367752533
1067852777	1367753094
2956887843	1367753145
2531893631	1367753412
3174405571	1367753455
3216816074	1367753527
2313438807	1367754125
1750139727	1367754987
1768531352	1367755949
2683148301	1367756546
2016288535	1367756662
1786126463	1367757840
2135278512	1367758595
2273118772	1367758772
1860022590	1367759394
2390913565	1367760695
1768314162	1367761137
1228559667	1367761192
1963421745	1367761913
2254032924	1367762230
1762097572	1367763123
2650773430	1367763282
2610101755	1367763562
1820844581	1367765493
1944972474	1367766975
1247338235	1367767536
2787225302	1367767656
1780937885	1367769311
3044252992	1367770610
2920035272	1367770610
1341472180	1367771533
3044146560	1367783687
2919522120	1367783687
3292179985	1367797826
1902655531	1367798957
2042051644	1367800738
2277142702	1367804025
1733836631	1367804860
1867411933	1367808432
1965537595	1367810310
2217906617	1367812901
2282393753	1367819059
2779241875	1367821237
1802272261	1367826612
1899393924	1367830007
2246803114	1367849233
2412567704	1367849251
2449210393	1367849402
1791893663	1367849533
1979796474	1367849918
2436413524	1367850020
1766804447	1367852722
1618681984	1367852881
2273159515	1367854059
1792790944	1367854897
1881404762	1367856202
2443206303	1367859156
2740643071	1367869727
2083121827	1367876880
1804594093	1367882109
2525749817	1367887909
2909095363	1367892114
2691946975	1367917338
1792988200	1367919769
2753538165	1367920704
1822949993	1367927505
2988240095	1367930796
2989828341	1367932545
1789058467	1367932762
1938627175	1367933452
2271921442	1367933925
2124007913	1367934421
2016288535	1367934530
1813457804	1367935644
2465341475	1367938988
1775115051	1367945024
3044307660	1367954308
3044005830	1367954309
3124265071	1367991774
3044915420	1368032790
1777406734	1368032791
2420122821	1368033014
3044508300	1368038930
2613624277	1368053930
2185978910	1368073152
3236719362	1368085286
2826598013	1368085515
2543475811	1368090915
1756889415	1368100383
1573085711	1368179031
1785271277	1368199079
2789785214	1368235484
2810099020	1368235486
3087133883	1368262462
2792507925	1368278027
1746812912	1368280012
1917146971	1368299917
2033899535	1368322103
1723673690	1368335991
1779745850	1368375588
1444047314	1368481024
2809350980	1368481024
2789885412	1368488460
3044331074	1368488461
3044259870	1368584022
2394382155	1368698607
3045211842	1368755770
2805417274	1368755771
2345279213	1368857869
1735603093	1369054949
3317932082	1369329547
2803370152	1369657427
3043473810	1369708015
2919960224	1369709594
1609403031	1369722026
2418164277	1369722465
3206107473	1369786697
3044162892	1370131022
3044760234	1370139201
3044786130	1370142344
3044041600	1370214673
3045010272	1370221850
3044139482	1370224730
2080735011	1375484652
2508157372	1377235681
2831708190	1377236013
2138307004	1377237958
1900499072	1413737627
1910503281	1413741347
