2662321241	1367337532
2018378305	1367337545
3183094074	1367337548
3333271080	1367337549
3078630505	1367337551
2282674062	1367337554
1976706250	1367337571
1538501701	1367337573
2724779710	1367337576
1699655450	1367337577
1697192755	1367337578
1183024091	1367337584
1639137075	1367337585
2663661597	1367337591
1660967022	1367337593
2612852251	1367337594
2287618757	1367337595
3168701902	1367337597
1797529555	1367337597
1835202404	1367337598
2477829837	1367337601
1708795342	1367337603
1717364691	1367337604
2168774740	1367337605
1740367937	1367337607
2192004190	1367337609
1390482680	1367337610
2618816563	1367337614
2526364833	1367337616
2832692773	1367337616
1620653364	1367337617
1640620367	1367337621
1389450753	1367337624
3323457864	1367337630
1757183531	1367337631
3272820194	1367337632
2671241441	1367337637
3315804732	1367337638
1801905787	1367337639
2390696374	1367337642
3296588261	1367337643
1249191953	1367337651
1792950610	1367337654
1774957700	1367337655
1314282291	1367337655
2562510930	1367337657
1729153987	1367337660
1945657575	1367337662
2816958622	1367337663
1777589125	1367337671
1764470313	1367337671
1904372143	1367337673
1729872052	1367337674
1803561647	1367337677
2060588094	1367337681
2174009847	1367337681
1735694701	1367337681
1567646381	1367337684
2348023090	1367337686
1855096597	1367337686
2421074794	1367337690
2828767710	1367337692
1957775571	1367337693
1258525234	1367337694
1752174407	1367337702
2871160840	1367337711
1745780333	1367337716
2571688245	1367337723
2107622777	1367337723
1733630387	1367337725
2346043753	1367337726
2302351592	1367337730
1994791442	1367337733
1882740471	1367337733
1676549917	1367337734
2954632724	1367337734
1836697372	1367337738
1763819252	1367337740
1882745497	1367337745
1660810930	1367337747
1249902564	1367337748
1959459353	1367337748
1376417733	1367337751
1698462004	1367337755
1660876303	1367337758
1685880464	1367337761
2509762634	1367337768
1862611442	1367337773
2721556150	1367337775
1708886954	1367337776
2411503404	1367337779
1880342982	1367337800
1841602510	1367337805
1734121060	1367337815
2442018744	1367337815
3170470443	1367337825
2272002494	1367337828
1996834081	1367337833
3126603803	1367337841
1880700932	1367337843
1768978501	1367337844
2574873501	1367337847
1283711814	1367337849
1625427321	1367337851
2922173907	1367337853
1696153377	1367337856
1315044825	1367337865
2184932212	1367337881
1829853510	1367337885
1533483551	1367337886
2170647072	1367337889
1797942202	1367337889
1694534385	1367337892
3063242847	1367337892
2250345330	1367337893
2277089173	1367337895
2618816563	1367337909
2287049070	1367337911
1910143995	1367337912
2186499451	1367337916
1797862040	1367337922
1842513853	1367337932
1580754955	1367337933
2825415241	1367337938
1752605633	1367337944
1811456952	1367337952
1897090391	1367337952
2094551724	1367337952
1884849604	1367337953
1737192465	1367337957
1746683917	1367337959
1686095401	1367337975
1674628453	1367337977
2257330284	1367337978
1811120275	1367337980
2442044264	1367337980
1381262774	1367337982
1686793382	1367337984
2399746251	1367337989
1839700981	1367337994
1800490787	1367337994
1572921991	1367337994
2492217227	1367337995
1953609737	1367338005
1758207357	1367338005
1353983735	1367338020
1931436893	1367338021
1565010651	1367338034
1620422652	1367338034
1655786184	1367338038
1915116874	1367338038
1843032051	1367338040
3130332187	1367338046
1157880185	1367338049
1243751092	1367338054
2635694317	1367338057
2772364717	1367338062
1782684785	1367338067
1779856432	1367338068
1314965621	1367338077
1774340023	1367338087
2641038613	1367338094
1249437243	1367338094
2328229364	1367338095
1736605870	1367338096
1764848327	1367338099
2107673701	1367338100
2430376083	1367338113
1797063887	1367338118
1623095632	1367338127
2537005590	1367338131
1779179505	1367338137
1878688214	1367338138
2091145217	1367338139
1871690251	1367338139
1776677383	1367338141
2708540304	1367338148
1745699377	1367338149
1705219043	1367338152
3278647894	1367338157
3195856300	1367338164
1250769997	1367338167
2630524621	1367338173
2173539361	1367338174
2802890354	1367338192
1976581941	1367338192
2789734752	1367338193
1759941553	1367338201
1822666692	1367338210
1765789925	1367338214
2348218835	1367338217
1955673221	1367338222
1627933301	1367338223
1583295864	1367338223
1731789682	1367338224
1904725970	1367338239
1736637715	1367338239
1760760581	1367338240
1785674941	1367338259
1770018461	1367338259
2661817411	1367338285
2413948782	1367338302
1705455934	1367338310
2881305990	1367338324
2259739974	1367338333
2240654413	1367338364
2436858720	1367338370
2113981892	1367338383
2092752581	1367338384
2602171003	1367338402
2920196520	1367338423
1786268533	1367338429
2183373164	1367338444
1755345701	1367338449
2845581670	1367338455
2696002697	1367338459
1747052972	1367338466
1736324542	1367338467
1692462940	1367338476
1810027261	1367338537
1320641287	1367338538
2265106971	1367338549
1805600863	1367338554
3220804581	1367338565
2835695314	1367338569
1761922014	1367338577
1740456393	1367338578
3193019695	1367338581
2397792301	1367338589
1760465305	1367338599
1584623277	1367338608
2025040604	1367338611
1598488773	1367338612
1699318973	1367338635
1306307050	1367338636
1869879030	1367338639
1715498161	1367338670
1833208905	1367338681
1795601721	1367338686
2214581241	1367338687
2502207854	1367338693
2815014487	1367338706
1150121833	1367338714
1865389095	1367338715
1898383023	1367338720
2656983933	1367338731
1529056132	1367338754
1979842821	1367338754
2268847134	1367338759
2935708917	1367338772
2460303481	1367338800
1880001780	1367338821
1843626230	1367338833
2703680303	1367338834
2919518244	1367338843
1928667611	1367338850
2046928743	1367338864
1884553473	1367338867
1677059717	1367338879
3170516965	1367338903
1354879820	1367338963
1732944030	1367338967
2928727865	1367338974
2581159130	1367338980
1849095801	1367338981
1488788305	1367338985
2818809871	1367338985
2267235695	1367339008
3096178075	1367339011
2292575350	1367339016
2254806743	1367339050
2061659521	1367339053
1811451782	1367339057
2269574795	1367339076
1750861520	1367339091
1856876152	1367339139
1694172273	1367339200
1767318424	1367339222
1785952021	1367339245
2429537273	1367339247
1655052172	1367339254
1881112773	1367339300
2298087925	1367339313
1311971855	1367339333
1433908820	1367339339
1906042123	1367339351
1597080521	1367339393
1656317542	1367339400
1829394780	1367339403
2044616063	1367339408
1606902977	1367339424
2130549104	1367339468
2871659470	1367339481
1059947122	1367339604
2366137741	1367339607
1508244921	1367339615
1808524392	1367339629
1600938327	1367339640
2626287867	1367339646
2786608672	1367339690
1640100967	1367339697
1869742144	1367339704
2071810781	1367339706
1937919350	1367339805
3031563881	1367339840
1782888005	1367339899
1589481765	1367339950
3044208242	1367339956
1803190407	1367339964
1856558342	1367340019
1736802965	1367340025
2066234341	1367340031
2471602087	1367340034
1750734771	1367340079
3179747681	1367340080
2079842817	1367340117
1569949537	1367340118
1828237424	1367340168
2354668415	1367340268
1752519535	1367340280
2518460882	1367340352
1397482013	1367340379
3031563881	1367340415
1644613633	1367340435
2268195797	1367340469
2481202087	1367340581
1854220105	1367340612
2804102515	1367340644
2830814861	1367340649
2690687985	1367340664
1820280480	1367340745
2252062110	1367340792
2061911730	1367340805
1645274090	1367340808
1581700842	1367340823
2710876455	1367340847
1846285497	1367340878
1341962363	1367340892
1844423280	1367341032
3263614681	1367341056
2608336431	1367341056
1280325740	1367341125
2613358545	1367341162
2585809693	1367341221
1763137197	1367341244
3044567372	1367341269
2531709620	1367341317
2858797354	1367341323
2293770601	1367341359
2846137822	1367341402
1817648403	1367341414
2920641902	1367341453
1437459890	1367341518
1701983087	1367341541
3290747781	1367341668
1465526010	1367341676
1899414274	1367341680
1822464227	1367341767
1765385015	1367341769
1171432197	1367341777
2417782585	1367341798
2804917500	1367341830
1583411455	1367341867
1768933092	1367341929
1718233725	1367341984
1819682634	1367341988
3045260864	1367342037
1761030454	1367342043
1825189785	1367342126
2804017500	1367342142
2810463354	1367342142
2654221581	1367342154
1629544813	1367342231
1940566181	1367342306
1695896844	1367342446
3172667550	1367342461
1658830353	1367342477
3122051065	1367342592
3287660994	1367342619
3038395491	1367342652
2568836860	1367342834
2646679303	1367342858
1802039692	1367343132
3044083522	1367343147
2880592427	1367343165
1697846080	1367343356
2815229407	1367343546
1075488183	1367343604
2690537182	1367343687
1804823432	1367343832
1784665587	1367344065
1862634103	1367344266
2392703281	1367344447
1801629550	1367344842
2135713914	1367344889
1833100305	1367345065
1688680430	1367345131
1678510805	1367345153
2954265543	1367345264
1763156502	1367345389
2265889122	1367345529
2600148612	1367345540
2919855062	1367345635
1789843127	1367345806
3267842594	1367345982
1677287767	1367345984
1863970637	1367346201
3043834330	1367346226
3044138762	1367346393
3045226274	1367346393
1583768677	1367347252
2807910012	1367347252
2789736050	1367347320
1777817262	1367347373
1574593295	1367347716
2920592800	1367347876
1695935637	1367347902
3043786132	1367348179
2803306554	1367348203
3045323620	1367348564
2429641102	1367348840
2803235692	1367348995
2919926712	1367348995
2803995920	1367349021
1778332783	1367349115
1644345025	1367349178
2804889760	1367349814
2804575504	1367350158
3043681182	1367350621
3044525080	1367351028
2920323950	1367352347
3045117362	1367352348
1714209791	1367352953
2919380024	1367354484
3045068830	1367354592
1507283432	1367355701
2919974342	1367355714
2693390432	1367355916
3044565874	1367356138
2789866884	1367356139
2803552424	1367356722
3044379792	1367356724
1714169971	1367356923
2524570714	1367357133
1663381711	1367357501
2810925924	1367358168
2919681782	1367358170
1992451293	1367358217
1897493155	1367358226
2042224543	1367358925
2994485595	1367359302
1840269054	1367359617
2364102547	1367359666
2264576192	1367359735
1930207073	1367359946
1869511550	1367359965
2797476961	1367360105
1584092433	1367360410
1568539364	1367360429
2248194421	1367360611
1768833732	1367360715
3044957160	1367360812
1812902907	1367361350
1678263853	1367361473
1751084951	1367361518
1587096893	1367361871
2679105831	1367361991
1279943023	1367362407
1799027105	1367362633
1774412595	1367362792
3218427732	1367362817
2651700762	1367363065
2123910131	1367363130
2717476652	1367363217
2437302547	1367363230
2304717280	1367363292
2665126103	1367363323
2276566883	1367363521
2307821171	1367363581
2276566883	1367363699
1891948441	1367363743
1804882921	1367364259
1660810930	1367364710
2596978694	1367364852
2332522114	1367364936
1638563541	1367365210
2919690330	1367365389
2640520043	1367365395
1810980730	1367365450
2632967973	1367365459
1720121302	1367365816
2665032984	1367365937
1776439224	1367366274
2120936737	1367366314
1651483262	1367366463
1839112381	1367366491
2402054472	1367366515
2269526257	1367366650
2840466005	1367366739
2889938665	1367366825
2463545280	1367366932
2803646025	1367367026
3128862400	1367367160
3124955041	1367367183
1302858017	1367367221
2700394534	1367367505
1697619411	1367367625
1843852007	1367367697
1802518561	1367367846
2164667424	1367367866
3044125724	1367367947
1920752724	1367367965
1962602997	1367368267
2691873957	1367368439
1813523594	1367368495
1993730490	1367368739
1765298005	1367368797
2657314652	1367368928
1995257005	1367368979
2003929887	1367369118
1076277631	1367369144
2313358802	1367369318
1668743941	1367369397
1938368057	1367369460
3379511984	1367369799
1796035645	1367369838
1441161124	1367370057
1504775862	1367370168
1571575217	1367370175
1775981973	1367370251
1557035280	1367370383
2046386932	1367370402
1741323300	1367370623
1734781357	1367370644
1969269323	1367370810
2019528067	1367370815
3044242962	1367370903
3044051914	1367370904
2814145324	1367370949
3184754361	1367371213
2479423893	1367371511
1731828615	1367371527
1821014132	1367371558
1622335320	1367371566
2718988952	1367371633
1918272950	1367371664
1898918404	1367371867
1827940710	1367371927
2014003155	1367372049
1744517634	1367372263
1659436681	1367372274
3314357013	1367372300
2436345030	1367372427
1724129591	1367372462
2391561385	1367372650
3044069042	1367372844
2919986212	1367372845
1951567305	1367372852
1582584507	1367372898
2001965160	1367372938
1640658641	1367372962
3044603180	1367372969
1860489122	1367373429
3108068177	1367373586
2631739552	1367373872
1225525111	1367374088
1862921762	1367374124
2149518865	1367374124
1850852261	1367374308
1501336802	1367374318
1626928430	1367374344
1809045995	1367374430
3232785062	1367374537
2598703270	1367374768
1574572422	1367375137
2837306724	1367375305
1776543154	1367375320
3043988380	1367375490
2919577092	1367375572
3044162470	1367375857
2809547552	1367375867
2919819462	1367375869
2704697247	1367376048
1763307340	1367376138
2551041451	1367376185
2807851414	1367376293
3043775040	1367376877
1806515244	1367377887
3044300422	1367377992
2122826972	1367378263
2669644311	1367378343
3045024002	1367378969
3044567842	1367379351
1778399092	1367379352
2590558304	1367379705
3044582082	1367379980
2769290923	1367380213
2544115344	1367380292
1923645803	1367380891
2097758385	1367381161
1024992790	1367381782
1751103714	1367381855
2097175062	1367382283
2645971327	1367382837
1855168895	1367382855
1635429352	1367383202
1774755030	1367383241
1746139385	1367383252
1635429352	1367383289
1310538267	1367383364
2711298385	1367383460
1769788062	1367383562
3053498415	1367384248
1674571340	1367384836
3313410224	1367385117
1909256264	1367385212
1832685431	1367385285
2120139381	1367385710
1810412595	1367385737
1395080320	1367386066
1698270347	1367386688
3083645753	1367386691
3168735670	1367386840
1801415124	1367386905
2930192860	1367389715
2598094871	1367389803
1375665777	1367389910
2640727181	1367391027
1645671503	1367392965
1511691855	1367394031
1799398213	1367394069
1712284545	1367394663
2862338332	1367396119
2172318240	1367396646
1936893434	1367396952
3291717694	1367397334
1771456102	1367397367
1868545370	1367397410
3257540495	1367397539
3266834874	1367397548
1742207592	1367397562
1686660800	1367397572
2161712924	1367398680
2739653321	1367398925
2719064651	1367400592
2616964133	1367401427
2346404300	1367404026
1777679683	1367406692
2611663697	1367409023
1364368590	1367410876
2234137062	1367411429
1897093932	1367414444
3219132867	1367418158
3244721697	1367418712
2760820161	1367418971
1991726573	1367419723
1684168925	1367419893
1898298157	1367420235
2149636682	1367422136
2789972150	1367435645
3044611050	1367444623
2726280987	1367449510
2972502972	1367456329
2804651324	1367458347
2093061101	1367464623
1915308962	1367478083
2889938665	1367502691
1862919930	1367508582
1681213010	1367545728
2304293803	1367545768
2606073780	1367545771
3266783620	1367545772
2492299393	1367545775
1739388044	1367545792
2317250261	1367545794
1884009067	1367545801
2245429954	1367545801
1834772220	1367545809
2531365004	1367545809
2107161774	1367545823
1786345157	1367545824
2451559643	1367545836
2467645030	1367545845
1258069820	1367545855
1766991055	1367545865
1419482972	1367545867
2704525501	1367545870
1748355801	1367545882
2014932225	1367545882
1346470687	1367545883
1686277685	1367545892
2612698950	1367545924
2725646373	1367545927
1867464344	1367545966
2881710220	1367545978
1785194303	1367545986
2501558750	1367546005
1842385314	1367546030
1809976294	1367546054
1894266290	1367546056
2879672522	1367546059
1657878394	1367546060
3204918593	1367546063
1645778812	1367546070
2072039581	1367546078
2058288515	1367546080
1794025785	1367546113
2320302827	1367546130
2126723072	1367546148
2511374627	1367546156
2242466031	1367546170
2713487377	1367546173
1231016423	1367546182
1418478911	1367546224
1314934361	1367546243
1850831397	1367546273
1597080521	1367546308
2369453972	1367546310
3280625284	1367546311
1714138613	1367546345
2644206050	1367546350
2778993271	1367546362
1921039674	1367546379
3158869534	1367546416
2367752091	1367546432
1728440620	1367546455
1798696541	1367546466
1772845387	1367546474
2476918974	1367546523
2811837342	1367546583
2404747563	1367546628
1748272802	1367546648
1368362293	1367546684
3349655880	1367546755
2459281180	1367546756
3102945067	1367546761
1768833732	1367546776
1192320482	1367546785
2672522753	1367546821
1693527472	1367546825
1071230481	1367546840
1895010154	1367546852
1601175393	1367546871
1761569045	1367546874
1760703340	1367546875
1677073021	1367546882
2275061343	1367546924
2316392927	1367546971
1618017867	1367547020
1802608442	1367547078
2309937705	1367547152
1848972544	1367547166
2789871842	1367547170
1723003537	1367547171
2704697247	1367547179
1914998251	1367547275
2357241285	1367547349
2651775692	1367547378
1846623697	1367547400
2961217823	1367547417
2697392822	1367547438
2158236095	1367547449
2928280121	1367547477
3211310444	1367547639
2720294823	1367547651
1813309734	1367547740
1751757831	1367547776
2607567161	1367547781
3317420313	1367547784
2614711574	1367547796
1866565182	1367547844
2875297650	1367547884
3320377931	1367547925
3194769740	1367547946
1737479373	1367547948
1068829634	1367547977
2269968843	1367548020
1931660480	1367548028
1304835974	1367548053
3320398965	1367548067
1588443113	1367548183
1665784955	1367548203
3275437582	1367548214
1606559260	1367548325
2387256643	1367548327
1798086450	1367548384
1752402580	1367548450
1952061430	1367548473
3229639753	1367548488
2048388971	1367548502
2418281965	1367548568
1761030200	1367548583
1764812924	1367548733
2552900285	1367548771
3146127522	1367548809
1783341504	1367548812
2182142104	1367548874
1934248267	1367548878
1412124495	1367548938
1615067742	1367549016
2900518491	1367549025
3022487335	1367549097
2562557682	1367549141
1560975003	1367549267
3045425904	1367549267
2034177255	1367549279
1931598530	1367549308
2605909660	1367549320
1712284545	1367549340
2017703093	1367549368
1822666692	1367549369
1892989905	1367549401
2247931102	1367549415
1618752271	1367549445
2443525794	1367549453
2691873957	1367549790
1803190407	1367549802
1880342982	1367549810
1148802877	1367549827
1803190407	1367549830
2772364717	1367549917
2755979723	1367550002
3106231491	1367550006
3047361263	1367550228
1980533821	1367550266
1373693985	1367550336
3043510762	1367550462
2802966304	1367550462
2711298385	1367550651
1869700233	1367550885
1627081382	1367550947
3170706161	1367551039
2512493844	1367551256
1833562352	1367551298
3296765391	1367551352
3105038104	1367551408
1611028565	1367551452
1260092870	1367551521
2835695314	1367551541
1835571714	1367551794
2244924603	1367552177
2214090100	1367552208
1665099917	1367552267
1403830330	1367552291
1758888584	1367552441
1216336370	1367552531
2603271637	1367552532
1635792487	1367552672
2366790182	1367552682
2953875695	1367552791
2266125317	1367552860
1622588834	1367552896
1086402551	1367553010
1224290957	1367553099
3238577894	1367553232
2704697247	1367553557
1695188224	1367553917
3407564054	1367554050
3030956560	1367554091
2186330044	1367554233
2265889122	1367554442
1691771622	1367554555
1736371910	1367554786
1247936384	1367554892
1317046192	1367554913
1875683715	1367554961
1845785110	1367555082
2341265141	1367555128
1410315541	1367555269
1687279817	1367555511
1846057460	1367555709
1916376905	1367555776
2332174481	1367555832
2978265842	1367555908
1831914883	1367556805
1247849433	1367556827
1661687900	1367556834
2770607901	1367557065
1687343893	1367557142
1155970837	1367557327
2113997904	1367557556
2435362111	1367558465
1731862850	1367558666
1925275247	1367558896
1914057667	1367558936
3043803810	1367559452
2810697930	1367559452
1131508110	1367559628
1548904655	1367560252
2920523730	1367560804
2919796592	1367560804
1699545135	1367560947
2151010654	1367560973
1279943023	1367561524
2100143192	1367561608
1759051343	1367562101
2006829920	1367562942
1887894772	1367563188
3193426327	1367563453
1839852877	1367564670
2440098830	1367564807
2436265692	1367565050
2429641102	1367565662
2939102785	1367567195
1751357680	1367567456
3045281692	1367569107
2919552980	1367569109
1798696541	1367571350
2958226731	1367572246
1914431667	1367573393
2066234341	1367574166
3287147515	1367575461
1698279162	1367576752
3225312943	1367577013
2695090925	1367584358
3044970642	1367584752
2804669380	1367584753
2331702693	1367588296
2803500644	1367588372
3044568642	1367588375
2789980454	1367590309
3044350400	1367590310
1945724267	1367590967
2190786402	1367592175
1148329005	1367592275
2832016250	1367592810
1665341763	1367593814
2154237164	1367599466
2789863090	1367602240
3043566530	1367602240
1583565332	1367605756
3045020170	1367605757
1356024962	1367606034
2789978642	1367606034
2920319324	1367606167
2790085754	1367607749
2809164692	1367607758
2920168384	1367611027
2920019912	1367611027
3044705940	1367611291
3043774302	1367611291
3043583942	1367615791
1778389512	1367615791
2808822834	1367622322
2789713874	1367622323
1840254892	1367630557
2672522753	1367631824
3237373494	1367636352
3233612760	1367636678
2660018031	1367636697
1810396347	1367639206
2530734280	1367641195
1350121273	1367643051
1938862680	1367643142
3272039885	1367643832
3074182083	1367643925
2764923613	1367646445
2764923613	1367646446
2462016417	1367647595
3275449975	1367651054
1560963333	1367655553
2803598702	1367655553
1581719567	1367656360
2805638742	1367656363
2919812602	1367664410
3044958212	1367664411
3044105070	1367669272
1584015435	1367669272
1694531783	1367670956
2805595640	1367672572
2919809104	1367672572
1698270347	1367675310
2089423095	1367676321
1750828940	1367680033
1628314730	1367680841
1860489122	1367688025
2805311622	1367692719
2802915744	1367698373
2919536672	1367701777
2920084872	1367701778
1944083972	1367712005
2269574795	1367754460
2010416590	1367769370
1276376261	1367772283
1588983000	1367779164
2919918972	1367793795
2089611805	1367816235
2580386941	1367852167
2790034992	1367863501
3045122392	1367863502
2284507270	1367894608
3425151294	1367904157
2880809351	1367920961
2365040662	1367922694
1650456363	1367940457
2919613920	1367948598
3044227822	1367948598
2920395350	1368033447
2804485934	1368033448
2805426862	1368037702
3043787394	1368041379
2920624514	1368041380
1659060630	1368166701
1624949074	1368188372
3044146494	1368206473
1778448511	1368257800
2239817014	1368293476
2805477022	1368319382
3045166104	1368319382
2920036932	1368324223
2919480362	1368324224
1776589054	1368415861
2920589960	1368508735
2804826584	1368508735
1860595734	1368542157
3045347942	1368574204
3043546922	1368574204
1776612673	1368588413
1323482067	1368600275
3043500420	1368667979
2920569682	1368667980
2803578990	1368772101
2728697765	1368805271
1582753504	1368841723
1583073181	1368841724
1503041522	1368892540
1574499987	1368922625
1674571340	1369015566
3168932104	1369095684
1588052471	1369565351
2920085694	1369566704
2808896322	1369610022
2789772752	1369614083
2804719562	1369614920
2919518032	1369621275
2809488764	1370047129
2803124590	1370050979
3044864040	1370053384
1743304104	1370189491
1215713732	1385481576
1890275745	1412225823
