1780417033	1364918344
2655298765	1364918385
1401719265	1364918386
1773895444	1364918387
1622274023	1364918387
2715232082	1364918389
1982799607	1364918400
2061057074	1364918404
2948611365	1364918408
1664491330	1364918408
2090143831	1364918409
1105778124	1364918409
1714925340	1364918414
3066126241	1364918426
2842448617	1364918427
1867818904	1364918428
1917418963	1364918434
3218464674	1364918435
3028180171	1364918438
1322700607	1364918439
1592909320	1364918447
1895951493	1364918453
2684907573	1364918467
2232090584	1364918470
1849723292	1364918475
1202737741	1364918478
2652746155	1364918483
2545336554	1364918487
2794930602	1364918488
1960143704	1364918502
1242232484	1364918508
2728473265	1364918522
1683291364	1364918535
2739691177	1364918537
1876273875	1364918553
3178581392	1364918554
2644049767	1364918559
1802925207	1364918560
1892992597	1364918565
1722146613	1364918569
1961249775	1364918571
1756779921	1364918572
1411524342	1364918572
1770081812	1364918589
1505481563	1364918590
2457813543	1364918593
1416176840	1364918598
1970526173	1364918599
1784861013	1364918599
3017392725	1364918601
2591247990	1364918615
2659624497	1364918622
1819342617	1364918629
1911814553	1364918630
1839522614	1364918631
1801881472	1364918632
2765169441	1364918636
1899563580	1364918645
2994341645	1364918646
2425253784	1364918647
2814810193	1364918649
2650453451	1364918650
1671787971	1364918657
1829546074	1364918658
2198289485	1364918661
2132343107	1364918663
2296320757	1364918666
2274650441	1364918673
2991721883	1364918680
2273671040	1364918681
2232090584	1364918681
2864561012	1364918684
1868309893	1364918699
1275340251	1364918702
1431394522	1364918710
1775133514	1364918721
2089787805	1364918723
1879977564	1364918732
1934498681	1364918746
2147914492	1364918755
2398494080	1364918758
2647891804	1364918765
2839101443	1364918774
1535792015	1364918783
2659453351	1364918784
1834790787	1364918785
2735774844	1364918791
2271356984	1364918796
2696013450	1364918799
2717008761	1364918802
2898859847	1364918814
1027348497	1364918816
2259629324	1364918816
1766102875	1364918818
2310657352	1364918823
2663309425	1364918862
2269249540	1364918862
2619551627	1364918876
1628719177	1364918883
2141556715	1364918884
1649620885	1364918888
1854649871	1364918900
1825257602	1364918901
1135930714	1364918902
2375740875	1364918910
2214640803	1364918910
1900771293	1364918915
1326013902	1364918931
2993850497	1364918932
1269827357	1364918947
1853315337	1364918959
2121770142	1364918959
2817447907	1364918962
1775025823	1364918968
3036312717	1364918977
1792549391	1364918994
1782972731	1364918994
2373417482	1364918995
3104187863	1364919008
1818581114	1364919038
1789827165	1364919042
1764370485	1364919056
2713694507	1364919064
2146120671	1364919076
2385084454	1364919076
3097723971	1364919086
2842151993	1364919089
1982356651	1364919096
2074239092	1364919104
2822428682	1364919105
2184564540	1364919124
2517546924	1364919130
1406415900	1364919155
2430149104	1364919174
2463880340	1364919175
1419210181	1364919177
2709742245	1364919178
2509918294	1364919197
2091332035	1364919206
3192489060	1364919238
1841901897	1364919249
2111819011	1364919250
2881001261	1364919264
1649251870	1364919265
2762729713	1364919267
2022317071	1364919281
2766828555	1364919284
1852858152	1364919289
3219272500	1364919292
2799495843	1364919306
2209373885	1364919329
1620163700	1364919338
2295055284	1364919344
1716925745	1364919347
1884150514	1364919351
2341930810	1364919364
1433145267	1364919405
2329512104	1364919432
1867779807	1364919467
2708761845	1364919468
1627158165	1364919479
2707480281	1364919480
3065066101	1364919498
1895466180	1364919528
1131508667	1364919533
1848348417	1364919550
2616686524	1364919572
1669185311	1364919577
1813916605	1364919584
1750867212	1364919623
2485207212	1364919654
1839139857	1364919674
2284911241	1364919677
1027640137	1364919685
2585439230	1364919717
2127434424	1364919739
2427038860	1364919750
3037997377	1364919754
2243064880	1364919757
1849908962	1364919762
2360397050	1364919762
2012335087	1364919788
1410377717	1364919798
1959422047	1364919805
2573241790	1364919833
2536686060	1364919862
1736069363	1364919881
1698381961	1364919900
2349076212	1364919909
1908576171	1364919919
3172772427	1364919928
1768767881	1364919934
1817446030	1364919939
1853106013	1364919948
2046871397	1364919952
1661223283	1364919972
2611783033	1364919972
2218128981	1364919995
1884353167	1364920032
1838078047	1364920052
2653512443	1364920054
2847976984	1364920069
1851459034	1364920070
1771712365	1364920089
2957416815	1364920100
2283595695	1364920116
1879429185	1364920155
1912656231	1364920156
1368473514	1364920157
2127891887	1364920158
1907273887	1364920161
2402568065	1364920163
1849379370	1364920169
2734975451	1364920176
2625481853	1364920190
1315743980	1364920196
3167229037	1364920200
2403699494	1364920200
2724290787	1364920203
1784189233	1364920208
2259100782	1364920245
2728338857	1364920293
3123014705	1364920303
1831214287	1364920312
2681839443	1364920334
1786954793	1364920336
3041913965	1364920367
2706283803	1364920415
1882872964	1364920467
2750152004	1364920470
2711336582	1364920476
1765950804	1364920478
2716996572	1364920513
1752668104	1364920578
1897784834	1364920591
2739771962	1364920610
1941384524	1364920620
1697452991	1364920640
1882733872	1364920664
1805477025	1364920682
2377241871	1364920683
2396832720	1364920685
2405356811	1364920707
3154103812	1364920717
2693485221	1364920733
1901458623	1364943829
2387688427	1364943841
2838757942	1364943875
1831978041	1364943929
1500820464	1364943929
1842683007	1364943938
2789391541	1364944073
1882748291	1364944171
1859894772	1364944221
1919178055	1364944370
1963074291	1364944379
2742314077	1364944421
2407961130	1364944470
2456890685	1364944500
2548793033	1364944546
1732594713	1364944569
2807302907	1364944692
1947614667	1364944791
1888045910	1364944862
2711466000	1364944875
2691560393	1364944893
2060808924	1364944978
2935022301	1364945033
2556102527	1364945045
2465448054	1364945093
1967482434	1364945156
2233473321	1364945290
2526672742	1364945510
1226593737	1364945642
2533253073	1364945715
1730686983	1364945821
1120020177	1364945932
1956754960	1364946014
2599470295	1364946080
2683919557	1364946081
2725261365	1364946152
2445612211	1364946238
1921726912	1364946384
2740691173	1364946438
3097712701	1364946577
1972865213	1364946643
1312870142	1364946647
2970723184	1364946698
2961334887	1364946726
1915138505	1364946766
1938424873	1364946778
1683557664	1364946806
1683367305	1364946814
2879093245	1364946858
2070025345	1364946871
2125890185	1364946978
2802617857	1364947156
1840129434	1364947338
2158170527	1364947379
2822676174	1364947384
1709294383	1364947486
3138277275	1364947501
1081094604	1364947554
2900630603	1364947583
1270056420	1364947677
3008973071	1364947909
3176437825	1364947920
2943853317	1364947922
2918229892	1364948018
3171326415	1364948079
2011881733	1364948160
2673254353	1364948342
1748371194	1364948349
3230401470	1364948541
2941466132	1364948553
2157053714	1364948610
3230034272	1364948654
1843666283	1364948744
2513241652	1364948744
2237519184	1364948745
1858671062	1364948773
2662382547	1364948897
2690232151	1364948936
1904100951	1364948937
1843857594	1364949093
1633718010	1364949101
1953350082	1364949151
1722518795	1364949178
3229764817	1364949340
2003311625	1364949344
2962034250	1364949379
2839128762	1364949411
2830621452	1364949488
2403168591	1364949488
2908702451	1364949545
1103382527	1364949575
1644481225	1364949591
2785510190	1364949648
2695460444	1364949672
2753453715	1364949707
2183120424	1364949788
2380248767	1364949818
2827737100	1364949844
3246601804	1364949899
1899823515	1364949978
1786188891	1364949996
2912187463	1364950049
2231859423	1364950092
2633577061	1364950166
2676634370	1364950228
1822914171	1364950257
1712216581	1364950368
2479699854	1364950441
1847120735	1364950452
2862824260	1364950537
1369614621	1364950574
2123393847	1364950616
1400145354	1364950671
3149005514	1364950673
2671960947	1364950754
2143035831	1364950760
3228622333	1364950768
3194769650	1364950810
1699932685	1364950827
3104266073	1364950957
2745751013	1364951009
3226732331	1364951047
1914718830	1364951358
1656631957	1364951415
2397724257	1364951511
2885251740	1364951517
1765226280	1364951571
1835218881	1364951717
2800808174	1364951786
2764043837	1364951848
1905896847	1364951892
2947602667	1364952049
1834713832	1364952049
2339130767	1364952203
2335157162	1364952264
2975691422	1364952264
3251805530	1364952287
2757828761	1364952340
1462999781	1364952403
2284709771	1364952451
2116407780	1364952707
3191730571	1364952814
2616382507	1364952879
1935869607	1364952985
1834313251	1364953084
1974041731	1364953151
3050640723	1364953471
1994533147	1364953482
2439379411	1364953520
1941187673	1364953542
2935307267	1364953976
2659353075	1364954098
2534815967	1364954343
2784635362	1364954536
2950429601	1364954690
1801145435	1364955138
2594283237	1364955207
1704043463	1364955237
2568780555	1364955264
2014894974	1364955271
2626261275	1364955322
2805308910	1364955399
2240067785	1364955434
2442421542	1364955478
1419086363	1364955554
1837929470	1364955587
2747966231	1364955678
1907765953	1364955928
3118311603	1364956122
2838970971	1364956419
1926995067	1364956523
1861724334	1364956638
2652637567	1364956680
2056831267	1364956690
1854755431	1364956746
1780758424	1364957116
2367265202	1364957116
1576215587	1364957166
2175793307	1364957237
2658954145	1364957478
2832057273	1364957528
2785290744	1364957555
2128414222	1364957878
1916432721	1364958616
2670344234	1364958657
1833207814	1364958817
1883838395	1364958840
2011284702	1364958905
1944699892	1364958988
2920110020	1364959331
2805082242	1364959331
2789912490	1364959466
1582762357	1364959467
1777412954	1364959469
1776526722	1364959470
1223852217	1364959501
2047372423	1364959566
1859857807	1364959757
1775875507	1364959897
1583013522	1364959898
1433515853	1364960095
1750722114	1364960098
3188253924	1364960290
3186336832	1364960387
3207484340	1364960413
3186336832	1364960504
1998893873	1364960867
1781045241	1364961423
1798213540	1364961742
2443194995	1364961974
3208482483	1364962742
1040986342	1364963458
1903355040	1364963481
1898780853	1364963736
1286447625	1364963745
2134448021	1364963782
2501531324	1364963881
2814016875	1364964131
3039749550	1364964218
3201943605	1364964711
1564081162	1364965247
1084606471	1364965319
1737422957	1364965560
2041371753	1364965737
2133231735	1364966069
2450055631	1364966325
3206758071	1364966427
1919855291	1364966646
2668645411	1364966966
2805312502	1364967031
2805144724	1364967032
3183567984	1364967973
1751944524	1364968581
1842667110	1364969161
2706327674	1364970006
1027736370	1364970033
1237721647	1364970217
1785275472	1364971536
2676521865	1364971905
1865172430	1364972177
2695979353	1364972347
2919269024	1364972836
3249634940	1364972871
2343609631	1364973546
1808534794	1364973714
2479841387	1364973832
1117289033	1364973987
1407323737	1364975651
1884742152	1364975724
2919979420	1364975773
1963019997	1364976218
3122570645	1364977312
2174876754	1364978022
2880677095	1364978213
2152946934	1364979816
1847442442	1364981127
2074808784	1364981680
2657865673	1364983698
1961281177	1364984212
1404511544	1364985623
3201059844	1364986168
3229763743	1364987651
2647162175	1364987813
2771783543	1364988923
2982781075	1364990178
1501360457	1364990621
2919497352	1364991770
2708230580	1364992194
1804544171	1364992920
1850906355	1364997945
2744840977	1365000591
2919314264	1365006259
2803295772	1365007508
2809036540	1365007518
1359092920	1365009528
2805007052	1365009529
1927514217	1365010842
2919919010	1365011556
2920049250	1365011556
2920573964	1365014667
2803138844	1365023914
1588594900	1365023914
2809510604	1365030413
2789906050	1365030414
1883276240	1365058459
3008567251	1365060879
2519640160	1365066129
1817830570	1365078961
1862676441	1365088445
2811358340	1365092622
2461901581	1365108178
2790103550	1365108344
2802905684	1365112205
1583877844	1365112836
1776793771	1365112836
2918846587	1365127779
1639437861	1365151632
2804408252	1365165712
1582662944	1365165737
1582652123	1365199644
2919848514	1365207602
2919368532	1365269311
2803535802	1365269311
2810465420	1365272247
2920132010	1365272248
3043684862	1365273297
2919851412	1365273298
2920418032	1365281212
2790038574	1365282753
2803247024	1365282754
1583293135	1365290131
1588507282	1365290132
1583735972	1365362452
2920249272	1365374134
2400460107	1365386315
1583132980	1365442941
2810047684	1365442942
2805405432	1365458603
2920140922	1365458603
2803429572	1365525884
2919947042	1365529526
1583543767	1365529526
2803201104	1365544820
2789732242	1365547176
2805231914	1365547176
3044034204	1365623285
2920209070	1365724056
2803296240	1365724057
2810945142	1365795273
2803944682	1365907792
2804355044	1365907793
2920081984	1365948306
2919976284	1365948306
2919717800	1365960392
1723139384	1365966805
1582749833	1366043833
3044044622	1366043835
2920358212	1366139860
1582736321	1366210284
2920631832	1366210285
2919437684	1366240015
2805181264	1366299988
2789753290	1366299988
2810773400	1366306110
2920319602	1366388411
3044006510	1366388412
2919858710	1366390323
3044276284	1366390323
2805245490	1366481995
2803208640	1366491866
3097051063	1366501367
3044836254	1366560756
2810163752	1366560759
1582050077	1366650608
2804787954	1366658818
3044584844	1366658818
2920524114	1366737633
2920115652	1366737634
2789728870	1366750563
2790068944	1366842472
2280320247	1366883301
2920352760	1367427713
3210117011	1369072045
1351918660	1382965822
