2656174421	1354031835
1691034913	1354031860
1763687495	1354031868
1623534980	1354031870
1911487205	1354031887
1282543142	1354031895
2094866623	1354031900
1928077411	1354031902
1846171861	1354031910
1227723862	1354031915
2142610055	1354031920
1692679101	1354031926
1746152515	1354031938
1767136023	1354031940
1654937452	1354031943
1716689394	1354031965
1732663542	1354031966
1224230215	1354031969
1793223951	1354031974
1447110121	1354031987
1693278435	1354032004
2138608814	1354032027
1561754017	1354032028
1282190485	1354032039
1866565155	1354032046
1715172513	1354032049
2055514943	1354032056
1564703451	1354032057
1725300375	1354032059
1770806813	1354032094
2077487173	1354032111
1677712984	1354032116
2108551871	1354032123
1770703473	1354032127
1901263241	1354032127
2102617767	1354032128
1088234725	1354032144
1976975923	1354032148
2861615220	1354032152
1862140954	1354032153
2009151925	1354032162
1066950923	1354032194
1247671034	1354032199
1302043485	1354032201
1131519594	1354032208
1780827097	1354032235
1220209241	1354032235
2025058015	1354032251
1816396031	1354032255
1497036933	1354032284
1902948900	1354032288
1624595551	1354032304
1881250287	1354032360
1583246311	1354032361
2404417245	1354032396
1834856495	1354032413
1743972412	1354032442
1261285034	1354032455
2163342637	1354032456
1927206437	1354032460
1780089421	1354032461
1972395063	1354032493
2141149112	1354032498
2089739105	1354032501
1447486841	1354032523
1665961345	1354032539
1786908641	1354032551
2176860810	1354032560
1962018153	1354032602
1942866827	1354032646
2130376302	1354032647
1305273313	1354032648
1731847947	1354032662
1222965337	1354032674
2070855373	1354032675
1346111692	1354032700
1796241905	1354032743
1803944877	1354032765
1991499634	1354032766
1683882224	1354032767
1876852240	1354032777
2324063733	1354032785
2340596754	1354032805
1736775392	1354032814
1845605311	1354032821
2786522310	1354032824
1768876900	1354032829
1308561280	1354032832
2470125562	1354032864
1820755847	1354032881
1764370853	1354032895
2920827974	1354032915
2148045612	1354032969
1737457102	1354033002
1968465465	1354033012
1299796634	1354033023
2029826215	1354033034
2073931895	1354033037
1816396031	1354033098
1401149677	1354033113
1937103677	1354033115
1886853295	1354033121
1650956744	1354033154
2006622511	1354033203
1419757847	1354033203
1852444954	1354033208
1867147745	1354033247
2308865883	1354033260
1648295755	1354033317
1895481862	1354033325
1652728505	1354033344
1146323845	1354033348
2261348460	1354033397
1566303195	1354033402
1259572453	1354033427
1740013097	1354033456
1400418554	1354033531
1869112743	1354033566
1883800277	1354033599
2556020931	1354033606
1306746551	1354033620
1679724740	1354033627
1859101842	1354033675
1984135537	1354033708
1768856112	1354033717
1658380612	1354033742
1714509270	1354033844
1758550015	1354033858
1927586515	1354033862
1672250407	1354033869
1633464545	1354033897
2077865385	1354033924
2020291300	1354033938
1531382907	1354033956
1334821775	1354033972
1610876662	1354033979
2038222447	1354033992
2288438474	1354034018
1664765917	1354034042
1574373703	1354034054
1626570033	1354034077
1685930170	1354034086
1732594923	1354034208
1220209241	1354034212
1820309300	1354034239
2620458687	1354034254
2140036763	1354034282
2289700755	1354034300
1942818435	1354034352
1829060770	1354034374
1723165002	1354034393
1819633957	1354034432
1847534567	1354034466
1739823840	1354034504
1722729894	1354034528
1962033554	1354034670
1842808752	1354034790
1756746791	1354034815
1801109715	1354034845
1223835051	1354034961
1352731980	1354035000
1402068462	1354035029
1815976791	1354035141
1860225564	1354035156
2091331572	1354035233
1557613700	1354035318
1405612102	1354035361
1949600545	1354035428
1746257434	1354035528
1725804984	1354035560
1819345692	1354035586
1427700910	1354035923
2187061205	1354036004
1725771255	1354036064
1978300921	1354036298
1965565913	1354036303
1313292654	1354036334
1612970584	1354036374
1097678653	1354036437
2927497867	1354036518
2204144972	1354036692
1527816315	1354036831
1952835591	1354036837
1912869365	1354037099
1116569052	1354037342
2451699062	1354037428
2745732117	1354037553
1424448920	1354038252
2115804347	1354038325
1771076895	1354038988
2752545075	1354039092
1145172274	1354039640
2009754161	1354039662
1667196417	1354039797
2810069500	1354039955
1583964310	1354039956
1804140394	1354040935
1560835814	1354041894
2030458733	1354041959
1947951493	1354042215
2435354075	1354042409
3104780501	1354043444
1132681253	1354043570
1741324544	1354044632
1467844050	1354045119
1845842644	1354046644
1585720162	1354046829
2789856024	1354050155
2919317512	1354050155
1603729301	1354052017
2920491252	1354052743
1401508432	1354053383
1915333970	1354053592
2050889551	1354054360
1148455260	1354054420
1808782555	1354054434
1406610091	1354054527
1285381797	1354055303
1793169890	1354055894
1656894692	1354056785
1918141373	1354056811
1880666494	1354057615
1808959944	1354057898
2026921395	1354058757
2292691721	1354058834
1859494567	1354058888
2919597580	1354059114
2627388565	1354059398
1944266405	1354059626
2685492913	1354059769
2172973310	1354059872
1773842693	1354060016
2440030072	1354060228
2298636605	1354060314
1616159414	1354060728
2002843815	1354061019
1868962281	1354061346
1889144281	1354061700
2311509924	1354061714
2784345860	1354061759
1847307161	1354061880
1578970114	1354061980
1679724740	1354062113
1862976011	1354062125
1883535210	1354062296
1650017142	1354062463
1246364167	1354062486
1079595635	1354062543
1653852253	1354062566
2658389212	1354062839
2920038354	1354063042
2803729640	1354063043
2364434344	1354063473
1795100312	1354063478
1888159253	1354063495
1654158365	1354063560
1997278535	1354063671
2804602310	1354063758
1738727350	1354063801
1881339387	1354063802
1608099271	1354063834
2735370032	1354063880
1770634812	1354063896
1947050771	1354063897
1924263490	1354064290
2006418107	1354064328
2874221530	1354064446
1502153312	1354064591
1915986077	1354064775
2719657181	1354064791
1803449811	1354064943
2104320865	1354064979
1246321094	1354065005
1905328633	1354065059
2287644502	1354065129
1752165944	1354065161
2540351901	1354065289
2317173705	1354065363
2389898977	1354065402
2359213837	1354065486
1616997562	1354065544
2360849790	1354065640
1130069054	1354065761
1634721582	1354065842
1644682604	1354065851
2120995211	1354065901
1869050551	1354066180
1763244965	1354066648
2096804702	1354066674
1931345963	1354066863
1565190730	1354067081
1847326904	1354067133
1704375633	1354067341
2007770815	1354067354
2145649762	1354067722
1423119483	1354067772
1910261805	1354068015
2461977067	1354068276
1198440835	1354068299
2839758295	1354068532
1356105253	1354068902
2289431494	1354069106
1780750943	1354069231
1686556912	1354069667
1778959523	1354069777
1055766702	1354069897
2920188474	1354069968
1583925024	1354069969
2674297193	1354070053
1752958811	1354070172
1662686134	1354070580
2000913591	1354070581
1922362143	1354070894
3071791747	1354071456
2003412391	1354071749
1803308521	1354072173
1970028633	1354072717
1740121395	1354072758
2189127224	1354072784
1896386735	1354073037
1322728510	1354073642
1678020203	1354073677
2276068607	1354073886
1623562961	1354074074
1591918252	1354074114
1872954610	1354074358
1310449383	1354074935
1665424182	1354074992
1762697214	1354075267
1977607843	1354075276
1277506210	1354075476
1690929113	1354075556
1860339611	1354076640
1893478192	1354077971
1945233605	1354077973
1741726753	1354078005
2747184681	1354078309
1342357972	1354078616
1230392521	1354079413
1844780635	1354079485
1603562374	1354079568
1082359153	1354079838
2368337810	1354080027
2607144607	1354080519
2619605327	1354080948
1720749164	1354081787
1623426333	1354081897
1402895343	1354083865
2661073263	1354085575
1794585403	1354085646
2203993805	1354088182
2106089601	1354090137
2442800123	1354092068
1944948602	1354093873
2482309867	1354095120
2733049655	1354097256
1901056093	1354097354
2135497350	1354098466
2919400834	1354098592
1723898754	1354098592
2564474837	1354103390
2207824965	1354105768
1817361812	1354106006
1644320621	1354106343
1842756261	1354107594
1803701402	1354107900
1911788520	1354108362
2425006577	1354108490
1678124981	1354108769
1707145567	1354110343
1657281447	1354111130
1870313790	1354112005
1970003505	1354113031
1875044751	1354113514
2213241682	1354114148
1698168372	1354114209
1757834463	1354114663
2721592467	1354115152
1624595551	1354120975
1895771671	1354122616
2920094512	1354124884
2809733992	1354124884
2738367167	1354126252
2919741284	1354132151
2920435862	1354139009
1734128991	1354151056
1597833150	1354153247
2808754010	1354154229
1909449807	1354154424
2920494100	1354162625
2920025540	1354162625
2068745571	1354166870
1834575581	1354206296
2920096860	1354209204
2919699090	1354210767
2810545950	1354212623
2809871200	1354212623
2804116654	1354224575
2919947720	1354224575
1319332475	1354235004
1803751565	1354240411
2805492432	1354240703
1778312331	1354240705
1557613700	1354245297
1287212851	1354287722
1599204370	1354288926
2425961144	1354290753
2364880247	1354291884
2219179563	1354298014
1588935322	1354322319
1624606822	1354336182
3170869197	1354346624
1849341061	1354355074
1690668954	1354356397
2399078805	1354372006
1693447781	1354447595
2201755812	1354460396
2131087784	1354522721
2789906404	1354559902
2803262904	1354559902
1851864354	1354625274
1440490673	1354646592
3081910375	1354711596
1655705503	1354881331
1583033055	1354884035
2810348550	1355082564
2920516454	1355082564
2803725364	1355178847
3213962947	1357652160
2919761860	1357830231
1723064994	1357852656
2808448890	1358306214
2920144112	1358366651
2919507912	1358441391
2804572414	1358912236
1582653872	1358983324
1582834493	1360154755
