1337270910	1382284698
1226361365	1382284757
1588057257	1382284856
1615304264	1382285195
1645826702	1382285392
1780928743	1382285421
3280031552	1382285428
2594363570	1382285482
3831857834	1382285484
1867478912	1382285507
1653708834	1382285511
3128792965	1382285511
1788984417	1382285526
2035756633	1382285535
1870833063	1382285558
1841918502	1382285602
2585733112	1382285686
1981378710	1382285691
1769322503	1382285704
2648648680	1382285708
1820199471	1382285712
1240703855	1382285718
1297597705	1382285719
3158581165	1382285737
2902764615	1382285763
1971195667	1382285772
3245037553	1382285773
1720758047	1382285777
1070209597	1382285802
1662723344	1382285803
1758798013	1382285888
2455697651	1382285904
2891577631	1382285921
1625474507	1382285935
2296298781	1382285938
2520157312	1382285996
2181905505	1382286007
1057476667	1382286031
2674644190	1382286042
2677282431	1382286056
1793725543	1382286062
2686585811	1382286084
3166004353	1382286094
1592595020	1382286116
3480000790	1382286125
1839550091	1382286167
1396541287	1382286188
2453078041	1382286212
2821439953	1382286296
1941884503	1382286319
1566319443	1382286336
2691098160	1382286394
1955766800	1382286491
2035235451	1382286499
2528076344	1382286509
1275020634	1382286583
1812962603	1382286613
2218373713	1382286704
2676430534	1382286741
3820507831	1382286746
1362220570	1382286811
1844810874	1382286846
2520613003	1382286851
68589253	1382286885
1714119425	1382286918
1600250244	1382286953
3290248147	1382287005
1962372330	1382287069
2243837182	1382287084
1655802207	1382287119
1340802890	1382287145
1136748850	1382287183
1951667270	1382287315
3570342000	1382287331
1839016187	1382287343
2669661282	1382287438
2425164950	1382287455
1316808854	1382287481
2081785477	1382287496
1839016187	1382287503
1786186707	1382287552
2372904135	1382287613
1927761117	1382287751
2042420490	1382287769
1691676804	1382287801
2725768257	1382287859
2607475751	1382287908
2761324984	1382287929
1758579325	1382287935
1787493993	1382287967
2252096311	1382288010
2101658781	1382288037
1688075427	1382288061
1234105633	1382288101
1659562694	1382288383
1789766815	1382288441
1432029957	1382288600
1865484164	1382288611
2403828153	1382288713
2818281237	1382288837
3282659280	1382288845
1819758905	1382288978
1804389941	1382289006
1664436410	1382289083
2691633457	1382289369
2806415912	1382289416
2667623447	1382289547
3319515365	1382289750
2944670717	1382289866
1893214592	1382289963
1931197994	1382289970
1828582184	1382290302
2204040623	1382290564
1916946021	1382290577
1650674962	1382290649
1436836925	1382290659
2776976581	1382290722
1785488494	1382291077
2701195355	1382291117
1830766734	1382291243
2553768861	1382291360
2553014461	1382291459
1953628405	1382291517
2216412630	1382291715
1736844557	1382292474
1732836807	1382293040
2936487471	1382293261
1665386867	1382293580
1693163717	1382294290
1254673160	1382294718
2475831152	1382295071
3314111393	1382295227
2407894597	1382295281
2824706117	1382295996
2824311930	1382296275
1428579500	1382297998
1821976015	1382298207
1736844557	1382299222
3518277421	1382300610
1970298805	1382302256
1797683015	1382304354
1886882041	1382304845
2119325213	1382306530
2997153634	1382306714
2149928654	1382306779
1874414980	1382307383
1676625540	1382308043
2391168813	1382308073
1394564012	1382308104
1862671355	1382308441
2091323981	1382309259
2455622963	1382309406
1705559505	1382309451
1791370242	1382309456
1288104940	1382309550
1871865630	1382309636
1751264311	1382309700
1807653660	1382309911
1280757084	1382309957
2958572261	1382309991
2614664294	1382310018
1700066445	1382310086
1775862733	1382310170
2479256414	1382310203
1880960431	1382310410
2989328664	1382310721
1757277253	1382310945
2262197803	1382310952
1142130797	1382310953
1866437780	1382311069
2360858962	1382311115
2485207591	1382311140
1789296111	1382311150
1448854947	1382311176
1063927672	1382311255
2112640293	1382311259
2378910927	1382311311
2805113727	1382311427
1644852827	1382311546
1065159045	1382311647
1795813235	1382311650
1617156291	1382311709
1935552102	1382311832
1823635085	1382311837
1845073202	1382312020
1766089590	1382312022
1617156291	1382312052
2024061313	1382312254
2000634785	1382312285
3140720095	1382312384
1617156291	1382312499
2337004511	1382312922
2195392914	1382313015
3800767552	1382313154
1762856392	1382313194
2171408267	1382313313
2632313821	1382313359
1680353067	1382313375
1664345922	1382313415
2468024717	1382313454
3172078314	1382313534
1795270750	1382313692
1933639044	1382313717
2256250192	1382313880
3788541073	1382313946
3781995242	1382313946
1664154660	1382314030
2595786293	1382314283
1687838847	1382314304
1899691383	1382314320
1549349013	1382314468
2165843903	1382314778
1663844542	1382314791
3214405174	1382314806
3513061262	1382314838
1675579075	1382315046
1075096642	1382315069
2296465423	1382315090
2820705383	1382315110
2326022685	1382315156
2820705383	1382315184
2317981701	1382315208
3292304791	1382315224
1807821282	1382315545
2507907314	1382315567
1928558095	1382315585
1890624960	1382315668
2364670500	1382315757
1689873072	1382315831
1841598542	1382315853
2275246895	1382316146
3631001471	1382316177
3050480153	1382316283
3094763420	1382316425
2106693077	1382316493
2113420493	1382316753
1631584774	1382316961
1322772151	1382317054
2502046103	1382317332
1898818467	1382317346
2755681140	1382317524
2645347190	1382317525
1550314783	1382317611
1992225961	1382317683
1834836305	1382317699
2780340745	1382317714
2450106967	1382317726
2426494675	1382317764
2807835435	1382317904
1696367173	1382317960
2037887871	1382318048
1155495540	1382318052
2170595995	1382318060
2686189520	1382318093
1771301454	1382318169
1931934705	1382318196
3175561767	1382318338
2260425737	1382318467
2279005544	1382318656
1967439311	1382318711
2827845740	1382318847
1682492797	1382318959
3053571093	1382319026
2611667823	1382319080
2696137861	1382319215
1669353755	1382319304
1676591135	1382319310
1859339924	1382319754
3308829327	1382319835
2828632345	1382319884
2543321873	1382319971
1903612343	1382320219
1409108404	1382320287
2091096502	1382320476
2091096502	1382320533
2301669971	1382320774
2599003437	1382320950
1464898384	1382321017
1369406717	1382322711
3226525817	1382322773
1400454981	1382322812
1758329635	1382322906
2092886452	1382323028
1791625980	1382323090
2757350617	1382323263
1653960800	1382323372
1731781675	1382323393
2625527577	1382323503
2810125792	1382323766
3163600582	1382323965
2133440942	1382324310
3083353935	1382324369
1929861635	1382324701
2020390823	1382325135
1219437024	1382325251
2552910807	1382325621
1833096613	1382325937
2596465930	1382326356
1291074500	1382326453
1011809292	1382326513
1508042375	1382327415
2497051082	1382327648
2092092853	1382328053
1965218823	1382328244
3295061185	1382328530
1927607525	1382329229
3516563711	1382329330
1096890014	1382329423
2303517861	1382329467
1652823532	1382329748
2171087544	1382329885
1983625763	1382329987
1214862240	1382329999
2103229934	1382330307
3208837975	1382330516
1726570411	1382330886
1733664675	1382330963
2187150185	1382331124
3034231991	1382331130
3122963213	1382331231
3302196924	1382331405
3188729581	1382331585
2200466504	1382331909
3057902347	1382332356
2651332641	1382332514
2080064451	1382332823
1899269757	1382333753
1214902320	1382333869
1683077702	1382335347
2393119203	1382335570
3516576874	1382336958
1910392731	1382336983
2153470452	1382338871
1560831982	1382339438
1749737114	1382340300
3846368785	1382340513
3536379884	1382344145
3170123202	1382344286
1255762752	1382345311
3185859844	1382347469
2177932755	1382348048
1632069484	1382349730
1685335331	1382357521
2083067525	1382358352
2152424271	1382360962
2557314373	1382361487
1841607490	1382363472
2909630633	1382365080
2380451245	1382365232
1686971727	1382368073
1741623244	1382370347
1002755430	1382371037
2097834200	1382405565
2032170481	1382408665
2477494991	1382416880
2298022563	1382419360
3076089975	1382421883
3774498383	1382440608
1600594983	1382441764
3863447743	1382442048
1093169500	1382446497
1361864211	1382459781
2640208941	1382487734
1849509507	1382488729
1583163731	1382493118
2790082002	1382494018
1526046961	1382502123
2558352893	1382537973
2741067011	1382679912
2598373492	1382702392
2456265520	1382756919
2661082321	1382939850
1735755102	1383134059
2212056893	1383320634
1009484403	1383739624
2160936762	1383741671
2352357400	1383978625
1991736964	1386953215
2789806342	1386991131
2919774020	1386998222
2919810404	1386999134
2044600083	1390144265
3782704221	1398011675
3215209012	1398923780
2012510431	1418398489
2279755781	1422370285
