2785445010	1377359809
3288540381	1377359854
2917354273	1377359854
3696672307	1377359898
3732649055	1377359905
3732649055	1377359945
2704829754	1377359947
2793135377	1377359960
2920765485	1377359977
3732649055	1377359997
1059231870	1377360001
1810448214	1377360004
2793135377	1377360005
2508126404	1377360017
3733067602	1377360017
2184113087	1377360021
1652840370	1377360024
2972933910	1377360027
1762122521	1377360030
3197509384	1377360032
2184113087	1377360041
3696672307	1377360042
3288540381	1377360044
3732649055	1377360049
3733067602	1377360055
3528431413	1377360068
2793135377	1377360080
2588498462	1377360080
3730887597	1377360091
3197509384	1377360092
2807288751	1377360099
2282037361	1377360099
2793135377	1377360104
2957920540	1377360111
3733067602	1377360130
2972933910	1377360139
3441227530	1377360141
3719166430	1377360158
1860117630	1377360158
1763096252	1377360158
3739212657	1377360161
2952630093	1377360186
3650153587	1377360187
2793135377	1377360189
3579161407	1377360194
3579161407	1377360214
3538014003	1377360236
3303812964	1377360244
3303812964	1377360261
3732649055	1377360265
3303812964	1377360269
2163740471	1377360273
3303812964	1377360281
3732649055	1377360291
2676452594	1377360307
3303812964	1377360308
3682679131	1377360309
2163740471	1377360328
3732649055	1377360336
2699099202	1377360338
2577570402	1377360355
2163740471	1377360362
3733067602	1377360363
1874225943	1377360369
3732649055	1377360374
2492396827	1377360382
2388217802	1377360406
3732649055	1377360413
2492396827	1377360424
1793086190	1377360427
2090355314	1377360434
3732649055	1377360445
3732649055	1377360484
1465218990	1377360521
2388217802	1377360540
1706632970	1377360568
1927019450	1377360627
3579161407	1377360647
3695650073	1377360657
3732649055	1377360670
1762122521	1377360704
2368270074	1377360709
3732649055	1377360712
2090355314	1377360761
3579161407	1377360841
3408643212	1377360848
3732649055	1377360871
2920765485	1377360918
3556106431	1377360925
1980455547	1377360939
2346019207	1377360944
1706632970	1377360957
3579161407	1377361002
3579161407	1377361007
3732649055	1377361032
3733067602	1377361043
2507653937	1377361074
3556106431	1377361076
3732649055	1377361100
3303812964	1377361113
3303812964	1377361120
3303812964	1377361127
3303812964	1377361137
3732649055	1377361143
3303812964	1377361155
3303812964	1377361158
2022519635	1377361169
2972933910	1377361177
3303812964	1377361177
3556106431	1377361196
3303812964	1377361204
3303812964	1377361239
3182635534	1377361266
3732649055	1377361282
3218024947	1377361287
3732649055	1377361371
3579161407	1377361401
3579161407	1377361423
3579161407	1377361430
3579161407	1377361442
3579161407	1377361457
3579161407	1377361466
3579161407	1377361483
3579161407	1377361492
3556106431	1377361494
3579161407	1377361500
3732649055	1377361507
3579161407	1377361523
3556106431	1377361524
2886729550	1377361529
3579161407	1377361539
3579161407	1377361560
3579161407	1377361569
3579161407	1377361581
3556106431	1377361590
3579161407	1377361595
3579161407	1377361607
3579161407	1377361632
3556106431	1377361639
3579161407	1377361647
3579161407	1377361649
2389435410	1377361649
3579161407	1377361659
3303812964	1377361662
3579161407	1377361668
3303812964	1377361670
3732649055	1377361675
3732649055	1377361685
3732649055	1377361700
3579161407	1377361701
3303812964	1377361705
3303812964	1377361715
3579161407	1377361716
3303812964	1377361724
3579161407	1377361731
2972933910	1377361751
3579161407	1377361761
1748734507	1377361794
1985472347	1377361820
2236442990	1377361838
2785445010	1377361841
1808503670	1377361900
1808503670	1377361962
3683584014	1377362096
1808503670	1377362571
1946322455	1377362700
3556106431	1377362707
3556106431	1377362786
2331336304	1377362872
3556106431	1377362872
3538570954	1377362908
2208206732	1377362936
3556106431	1377362970
3556106431	1377363028
1775173375	1377363091
2783488567	1377363099
3556106431	1377363108
2090355314	1377363110
3730887597	1377363175
3708753850	1377363222
3716242603	1377363342
3708753850	1377363348
1808503670	1377363372
3732561497	1377363392
3708753850	1377363400
2752261121	1377364091
1958253831	1377364146
2205031413	1377365509
1795567175	1377366687
2574922904	1377367274
2651386714	1377369383
3579161407	1377370697
3579161407	1377370711
3579161407	1377370727
3579161407	1377370758
3579161407	1377370764
1670940072	1377381273
3064747403	1377383626
3630585993	1377383683
2881629980	1377384044
2881629980	1377384455
2881629980	1377384467
2881629980	1377384478
2881629980	1377384484
1952537277	1377384794
1987359633	1377386869
1464716744	1377389035
1638536583	1377389128
2116141721	1377389295
2902396865	1377389310
2365331361	1377389832
3708753850	1377390161
3708753850	1377390171
3708753850	1377390178
3708753850	1377390185
3708753850	1377390192
3708753850	1377390221
3708753850	1377390231
2501845064	1377390493
1786613365	1377391561
2853309180	1377392666
3250953957	1377393714
2677989161	1377394172
3408643212	1377394738
2959435650	1377394991
2264964984	1377395044
2389435410	1377395411
1848190023	1377395516
1465218990	1377396331
2411301735	1377396485
3733067602	1377396562
1769026807	1377396654
2248185683	1377396903
3045041335	1377396952
1748734507	1377397028
1748734507	1377397093
3708543431	1377397204
3708543431	1377397233
1801838934	1377397264
1786613365	1377397353
2661949641	1377397431
3017682371	1377398046
3732649055	1377398151
1772803307	1377398484
3695650073	1377398684
3695650073	1377398730
1886135987	1377399272
1801035297	1377399299
3736434502	1377399440
1845298133	1377399616
3682679131	1377399970
3143257574	1377400171
3299056405	1377400455
1881727302	1377400849
3638607217	1377401172
3732561497	1377401405
1748734507	1377401542
3469403192	1377401577
2145407977	1377401624
3708753850	1377402353
3708753850	1377402369
3708753850	1377402427
1780008537	1377402448
3482093270	1377402473
3319262315	1377402503
1811148271	1377402574
3482092333	1377402615
3180580682	1377402618
3732649055	1377402708
3732649055	1377402768
3682679131	1377402981
2853309180	1377403109
3482092684	1377403125
1889396575	1377403308
2884194152	1377403599
3575336284	1377403653
3727231457	1377404385
2318914780	1377404772
2318914780	1377404855
1942891153	1377404988
2287752677	1377405323
3538570954	1377405602
3329413352	1377406222
3580089260	1377406364
3037875995	1377409529
3263277780	1377412618
3538014003	1377575775
2987623512	1377610918
