2656274875	1385913259
3552616112	1385913294
3483431174	1385913302
2900584411	1385913303
1867381293	1385913309
1948352461	1385913313
1829920040	1385913316
1857371252	1385913318
1222026123	1385913321
1609875454	1385913322
2126306331	1385913322
1768783570	1385913325
1402343581	1385913327
1885607144	1385913329
3190505815	1385913329
1782626167	1385913338
2012561277	1385913338
2997494902	1385913339
1374165090	1385913343
2803752990	1385913348
2311859843	1385913349
2207692963	1385913349
1685496097	1385913356
3923793590	1385913358
1251093522	1385913359
1855249585	1385913360
3805238597	1385913364
2521101984	1385913369
1814412583	1385913369
3880639799	1385913369
2786826782	1385913370
2416207531	1385913371
1984248951	1385913374
3096493617	1385913378
3816356789	1385913381
3568112342	1385913383
1064338215	1385913384
2258699532	1385913384
2645669522	1385913388
3860294792	1385913390
2927990232	1385913390
2132252652	1385913392
1763113387	1385913392
1737838654	1385913393
2489103807	1385913394
2233500354	1385913395
1913154791	1385913395
1569990275	1385913403
1571062344	1385913403
1904606063	1385913404
1708101050	1385913414
1540812632	1385913416
3311609005	1385913417
3917709678	1385913418
2621780773	1385913419
3166237481	1385913420
1656848561	1385913424
3859642959	1385913425
2124918502	1385913426
2885597027	1385913427
2770372111	1385913428
2877658444	1385913429
1888017414	1385913429
3128232883	1385913432
1660912031	1385913436
1783895651	1385913437
1910695630	1385913448
1848686715	1385913448
2005717895	1385913450
1766973690	1385913455
3853245801	1385913455
2730122401	1385913457
1778004784	1385913459
3256575934	1385913463
1803913331	1385913463
1788617217	1385913467
2629585161	1385913471
1951220061	1385913472
3832071657	1385913472
2949109891	1385913472
2521086884	1385913480
2293681152	1385913481
2026455027	1385913483
1724065173	1385913483
1980496443	1385913486
2952904307	1385913488
2182066042	1385913489
1869032713	1385913492
3177412400	1385913492
3903582482	1385913494
2507720201	1385913498
3094593671	1385913499
3243392832	1385913502
1987107432	1385913507
3185648147	1385913515
3683820632	1385913518
1293607865	1385913518
3106416133	1385913520
2487823605	1385913523
2480566832	1385913524
2505524851	1385913524
1104825540	1385913526
1893960050	1385913527
3085746177	1385913528
1874482253	1385913532
3308265357	1385913534
1667902705	1385913543
3512910950	1385913544
2587113654	1385913547
2872548250	1385913552
1806738460	1385913563
2489377397	1385913567
3628039114	1385913567
2004827523	1385913568
2625943165	1385913570
2806872160	1385913571
1738628550	1385913571
2671307023	1385913576
1288677800	1385913579
2459245295	1385913583
2670577942	1385913583
3085452253	1385913587
1884220453	1385913588
2553939017	1385913592
3852332214	1385913596
2098136167	1385913597
1965618227	1385913597
2012308975	1385913605
3429539302	1385913609
1773272990	1385913610
3736593424	1385913610
3335628910	1385913611
2742117895	1385913612
2501226017	1385913624
1274978222	1385913632
3929771214	1385913639
3204246327	1385913640
2493784770	1385913644
1380049001	1385913644
1824424795	1385913648
2725658577	1385913654
1222399100	1385913658
1799523207	1385913662
2507338307	1385913663
1780615664	1385913664
1252997995	1385913665
2728084387	1385913667
1968092621	1385913670
1842309235	1385913676
1785411260	1385913678
1992598691	1385913685
2177228551	1385913695
1897122804	1385913695
2256241754	1385913697
1363617585	1385913701
1959714357	1385913704
1775229330	1385913705
2809617210	1385913709
3825834339	1385913719
3608349425	1385913724
2350090022	1385913732
2281400813	1385913738
3198813113	1385913756
1051142972	1385913757
1726592147	1385913757
1967329761	1385913762
3512321545	1385913764
1773394383	1385913764
2738779705	1385913769
3316611754	1385913772
2215313861	1385913775
2212253354	1385913775
2106740584	1385913776
3786514885	1385913779
1496874933	1385913786
1771444057	1385913797
3209781971	1385913799
3133890573	1385913803
3295980825	1385913808
2282035173	1385913809
1357940610	1385913812
1691167327	1385913816
3271517014	1385913818
2046721885	1385913825
2931834773	1385913826
2791673222	1385913827
1948438813	1385913844
2446816933	1385913857
1783978800	1385913859
1242644724	1385913861
2671429511	1385913866
1786779987	1385913874
1613058340	1385913876
1923343373	1385913878
2482981700	1385913878
3745654924	1385913883
2135347831	1385913885
1756582713	1385913886
2805543737	1385913891
1939498163	1385913898
3567348764	1385913903
1703633830	1385913904
2147872400	1385913925
1980888903	1385913927
2530313035	1385913932
1740836950	1385913940
1848507403	1385913943
3299772122	1385913950
3925538749	1385913964
3478689295	1385913967
2607645015	1385913970
1924235211	1385913972
3199503535	1385913976
1792821257	1385913979
1968829531	1385914003
3901523863	1385914010
1807416191	1385914018
1950552217	1385914021
2304986950	1385914037
1246298861	1385914040
3561614281	1385915617
1409423622	1385915627
2478375537	1385915628
1958628825	1385915631
1996176791	1385915657
3183833703	1385915659
3248037202	1385915668
2246651304	1385915676
1824927690	1385915693
1926382914	1385915702
2199342990	1385915705
1830301247	1385915721
2684569333	1385915733
2914047613	1385915791
1777310797	1385915807
1998010527	1385915858
3114081851	1385915869
2457117953	1385915893
1956409802	1385915898
2946960064	1385915911
1837088140	1385915921
1569105395	1385915934
2390530620	1385915936
3183158154	1385915944
1392846464	1385915946
1833619220	1385915953
3316141955	1385915957
1963208385	1385915962
1013874747	1385915963
1259975062	1385916025
1771295731	1385916047
1735058191	1385916048
3026739713	1385916061
3224831403	1385916067
1676523364	1385916067
1716409171	1385916077
1653224735	1385916102
1943997024	1385916105
2839734275	1385916111
2646857435	1385916112
1096525910	1385916138
2100974423	1385916149
1848189207	1385916152
3318198244	1385916191
1266332530	1385916211
3354598334	1385916269
1795629845	1385916279
2172118543	1385916287
1573568591	1385916320
2290887123	1385916370
2950023131	1385916387
3270756581	1385916387
2257644320	1385916418
2012436647	1385916424
2011794102	1385916443
2404307140	1385916444
2858159664	1385916475
3205676732	1385916479
2119854645	1385916486
1789836303	1385916515
2493177461	1385916523
1758323865	1385916529
1697205484	1385916542
1840419560	1385916545
2056848784	1385916549
2957316694	1385916555
2262684820	1385916557
2299069410	1385916599
1692890070	1385916599
1559276961	1385916600
3903605205	1385916609
1684812314	1385916615
2171676375	1385916622
3274948460	1385916682
3544841322	1385916725
1668110900	1385916777
2277072563	1385916797
1276874915	1385916800
1660759773	1385916825
2509201295	1385916958
1973718521	1385916962
1980551973	1385916964
2031508545	1385916975
2260023091	1385916995
1685883384	1385917025
3861813841	1385917041
1464889231	1385917047
2408608530	1385917136
1793011662	1385917170
1834188292	1385917173
1843495835	1385917204
3312178150	1385917232
2796829840	1385917236
3874470280	1385917238
2740788653	1385917279
3133860681	1385917309
2679754345	1385917327
1827627320	1385917336
2211086611	1385917345
3179172510	1385917359
1400329415	1385917374
3916340498	1385917386
3665836824	1385917397
2009906277	1385917401
1651713954	1385917415
2683828154	1385917433
1861461620	1385917449
2636318604	1385917450
2171058927	1385917571
2658513891	1385917571
1376992612	1385917576
2340766153	1385917619
2740864184	1385917620
2285996032	1385917664
1769570521	1385917674
3176459880	1385917688
1602271004	1385917693
1894315604	1385917701
2002584461	1385917709
1645929404	1385917720
3910726181	1385917767
2488330533	1385917870
1420314154	1385917879
2276044001	1385917890
1280741190	1385917923
3394194264	1385917942
2137522753	1385917960
2093200685	1385917961
2745146355	1385917986
2730064161	1385917987
2565205100	1385917988
1768889892	1385918017
1753021555	1385918069
1419792767	1385918106
1655924060	1385918109
2153758935	1385918124
3893896776	1385918139
1911378923	1385918166
1883586860	1385918186
1941571452	1385918242
1991432957	1385918270
2846685327	1385918284
1862611043	1385918330
2865886674	1385918359
2801592021	1385918362
2104766255	1385918396
1413655087	1385918440
1577636162	1385918453
1862609602	1385918456
1836967475	1385918561
1894016157	1385918566
1781833800	1385918732
2076697533	1385918751
3735803145	1385918931
3195547957	1385918952
2472143522	1385919015
1805980645	1385919106
1046799164	1385919175
1700553072	1385919224
1226099453	1385919417
2129029575	1385919667
1587726042	1385919740
3202208802	1385919759
3264985123	1385919792
2669458093	1385919977
3627077161	1385920047
1731210775	1385920147
2537399145	1385920170
3001326440	1385920483
2886677237	1385921027
2099690053	1385921078
1346024764	1385921329
2517930133	1385921372
3197097761	1385921460
2468488107	1385921875
3177107252	1385922045
3323316002	1385922438
1514591632	1385922621
3184250562	1385922785
1269652392	1385923025
1733828390	1385923294
2534749612	1385923298
2148159744	1385923742
3314354445	1385923813
3544136343	1385924045
1849624392	1385924539
2359047240	1385924630
2782440612	1385924733
1893271674	1385925512
1805150312	1385926034
2754794725	1385926051
2797866743	1385926158
3209645854	1385926524
2806303514	1385927249
3448706964	1385928558
2024252227	1385929170
2337170641	1385929497
2411779035	1385929884
2983237681	1385929938
2748041900	1385931551
3848493232	1385931713
2382032632	1385932384
3400190392	1385933526
1807741057	1385934034
2074089480	1385934270
1429717142	1385935167
3215759567	1385935253
3225272970	1385935377
2856367513	1385935560
1338912075	1385935678
2142068761	1385935720
3189437170	1385935932
2028773867	1385936135
3642384252	1385936464
2052268443	1385936716
2405037315	1385936934
2937476303	1385936968
3517879937	1385937031
2588425024	1385937188
3579769984	1385937233
1106398650	1385937241
1445574117	1385937489
2050186835	1385937492
2075891175	1385937715
1774201210	1385937717
1778672687	1385937890
2005239437	1385937964
1107739403	1385938056
1240424717	1385938196
1956195292	1385938197
1215713164	1385938275
2260018045	1385938439
3121448175	1385938570
2661458003	1385938642
2230526207	1385938788
1732128621	1385938867
3247855515	1385939060
1870402753	1385939293
3582002902	1385939497
3917829098	1385939539
3044761070	1385939697
2919280354	1385939803
3301028610	1385939820
1737461313	1385939862
2868622694	1385939865
2809641292	1385939891
2633439573	1385939936
1738463627	1385940018
2607064763	1385940019
2151757454	1385940059
2803149512	1385940060
1302611647	1385940070
2775707281	1385940168
1583882952	1385940183
1973606895	1385940234
3902100950	1385940295
1935714600	1385940352
2299696233	1385940358
1399415880	1385940387
2199836843	1385940397
1769867135	1385940536
2104927714	1385940624
1832453421	1385940748
2122735250	1385940874
2930119660	1385940885
2920522094	1385940980
2147430315	1385940982
1245329100	1385941190
3903352038	1385941259
3100721131	1385941570
2686691544	1385941578
1975073392	1385941657
1680316731	1385941670
1687755207	1385941708
2719699321	1385941722
2479197431	1385941804
3104752611	1385941824
2091424222	1385941858
2992784551	1385941909
2853070560	1385941913
1725960390	1385941959
1582842407	1385942104
1772133257	1385942152
2432955475	1385942257
2289864201	1385942291
2359455884	1385942339
2108504773	1385942470
3001580685	1385942525
1717061125	1385942539
1653145822	1385942566
1791610871	1385942737
3054514035	1385942771
2977659330	1385942899
1829743420	1385942967
2773723911	1385943189
2236743811	1385943197
3846715880	1385943296
3508918214	1385943331
3226937180	1385943360
1752980337	1385943514
1711156374	1385943538
2137656003	1385943575
2023220007	1385943629
1045845382	1385943699
1772918842	1385943731
2294197613	1385943752
1708218331	1385943793
2280802993	1385943810
1807422402	1385943815
2007905553	1385943848
1953370200	1385943891
1680314653	1385943894
3163898793	1385943923
3265251984	1385943929
3352421190	1385943944
3517246742	1385944022
1674294315	1385944044
3280701332	1385944096
2420326071	1385944120
1405032353	1385944147
2178920317	1385944164
2729864470	1385944194
3474308610	1385944214
2045625945	1385944251
3229001233	1385944270
2714461731	1385944372
1308723371	1385944383
2146043555	1385944393
1248276125	1385944416
2993998844	1385944464
3099204135	1385944552
2790135234	1385944553
3044767480	1385944575
3917417118	1385944641
3501956270	1385944643
1775330234	1385944654
2685518563	1385944672
3929685150	1385944722
3043807040	1385944735
3257577134	1385944780
1794580435	1385944879
2960958417	1385944923
1732098823	1385944930
2636315953	1385944974
1826132944	1385944982
1841276165	1385945016
1682305815	1385945105
1331593583	1385945171
1850467691	1385945191
2817663110	1385945366
2778080101	1385945399
1876585704	1385945408
2770904947	1385945414
1876754543	1385945428
1833260862	1385945440
2939016057	1385945474
2625424550	1385945576
1645703520	1385945577
2409467385	1385945589
1349113067	1385945629
1008137241	1385945645
2409854957	1385945666
3899438286	1385945763
1999563405	1385945782
2624156491	1385945800
2235384375	1385945942
2263200847	1385945967
1938602735	1385946051
3045072114	1385946099
2354629031	1385946116
1910944045	1385946116
2405146684	1385946126
2815110922	1385946198
2128171083	1385946217
2820365454	1385946307
1934710970	1385946325
1678458061	1385946330
3924229997	1385946369
1705939842	1385946460
3189261092	1385946495
2180312680	1385946538
3276584160	1385946645
2322508184	1385946765
1771753625	1385946851
3903558505	1385946864
3858161288	1385946890
1697467723	1385946956
1609588622	1385947060
1961351133	1385947107
2419319603	1385947352
1007449620	1385947391
2684690363	1385947397
3045359822	1385947432
2214166041	1385947469
1068964663	1385947662
2028008797	1385947826
2104045887	1385947866
2639916062	1385947870
2569180031	1385947909
1849808293	1385947919
3604247831	1385947951
2158054397	1385948062
2473930995	1385948084
2823701264	1385948232
1607618233	1385948277
3090158523	1385948337
2919723784	1385948417
3921288594	1385948486
1033235385	1385948568
1982130421	1385948657
2334046690	1385948766
1342197602	1385948885
2878536543	1385949160
3044557662	1385949161
1276527727	1385949224
3043778320	1385949271
2395100937	1385949388
3044034094	1385949511
3513826932	1385949785
3172589893	1385950008
3296656310	1385950102
2095382583	1385950243
3045443464	1385950304
3043676334	1385950320
2486522852	1385950350
1845222792	1385950354
3044850214	1385950373
3313637513	1385950462
3044818350	1385950547
1898219491	1385950557
1827285805	1385950606
1621576871	1385950619
2120685464	1385950645
2804289732	1385950646
2804650214	1385951011
1752155443	1385951024
3250704525	1385951093
3045415254	1385951117
2803469802	1385951121
3607853765	1385951206
2482937242	1385951237
1941656560	1385951255
2712099752	1385951277
2654224697	1385951415
3873479744	1385951552
1581760972	1385951568
2478817797	1385951630
1605523073	1385951642
1794236132	1385951666
2060955560	1385951669
2920143174	1385951692
2919729020	1385951939
2276263512	1385952006
1949514702	1385952102
2151266344	1385952239
2810122520	1385952250
2396549834	1385952347
2594510834	1385952410
1730062741	1385952455
2359973673	1385952520
2386944212	1385952523
1841686375	1385952535
1882024327	1385952635
1841496561	1385952656
1370022712	1385952706
3302671743	1385952797
1308949177	1385952859
2061168771	1385952939
1795302974	1385953079
1001365292	1385953192
3811119284	1385953495
2685066093	1385954255
1761021737	1385954314
1459985741	1385954412
2756313145	1385954685
2022346752	1385954700
2290034105	1385954714
3514853675	1385954894
1775229330	1385954905
2417518984	1385955159
3237789850	1385955378
3544636465	1385955404
3045429542	1385955499
1582048662	1385955624
1795123340	1385955695
3045297740	1385955733
2803314732	1385956018
3612142793	1385956829
3045036714	1385956863
2920328130	1385956885
3207606790	1385957019
2821053731	1385957040
2919581870	1385957081
2289624833	1385957461
2827615574	1385957911
2668283063	1385958198
3045080140	1385958959
1568320983	1385959259
2574885361	1385959403
1912930337	1385959496
3225330233	1385959647
2870637677	1385959816
3246769640	1385959939
1986090251	1385960028
1691167587	1385960117
1750979907	1385960217
2491304285	1385960223
3298535591	1385960481
3499435527	1385960634
2694465503	1385960854
2320288613	1385961198
1188589413	1385961454
3174452693	1385961457
3079963371	1385961667
1917869490	1385961717
1910925065	1385961746
3265509495	1385962478
1117704574	1385962783
3196763380	1385963020
1756888117	1385963172
2194875940	1385963178
3044877042	1385963223
2010181491	1385964032
2074330385	1385964174
2411295761	1385964480
2976140444	1385964711
3136236673	1385965123
1624670282	1385965207
3106155143	1385965541
3017954247	1385966055
2245741805	1385966333
2612022081	1385966865
1744830451	1385966978
2920197554	1385967082
1727390277	1385967116
1933254091	1385967277
2919649672	1385967568
2967921035	1385967769
2249762441	1385967825
2949245265	1385968814
2919942460	1385968822
2804026684	1385968920
1872666854	1385970192
3043697502	1385970335
1915092253	1385970573
2302603787	1385971061
3045364352	1385971649
1970912832	1385972979
2698442810	1385973022
2920186112	1385973255
2164775930	1385973318
3044596564	1385973321
3045417394	1385974767
3045291010	1385975131
2136731461	1385975601
2867265695	1385975760
2919706214	1385976008
1645756973	1385976809
1942323841	1385977091
2803446590	1385979250
1785956192	1385983933
2366378694	1385983996
3872736818	1385986641
2421924422	1385986945
2303366850	1385987367
1782448985	1385987692
1924864615	1385990061
1973218011	1385990116
1734075833	1385991963
2606846924	1385992722
3148703302	1385994477
2746386895	1385994684
2163486584	1385994879
1940497191	1385995101
2275884913	1385995178
2643979084	1385997633
3481626321	1385998683
2920033120	1386026594
1583397187	1386028701
3856546985	1386029063
1215994394	1386029121
3232843604	1386030123
2803161194	1386030218
1778321497	1386032243
3043500424	1386034218
2919806460	1386034608
3043641624	1386035374
3044397782	1386037012
2919498080	1386039138
1583657377	1386039775
2920440554	1386040146
3044896972	1386041178
2535855954	1386041738
3045202464	1386042309
3044347542	1386044397
3044336022	1386046120
2811292504	1386046958
3044639574	1386047056
2805614022	1386048301
1945712053	1386049331
1776818320	1386049950
1007449620	1386050131
3043956714	1386050684
2804723322	1386050842
3196831724	1386051127
1792702427	1386052015
1923478627	1386052038
2232988140	1386052116
1995845157	1386052138
1663435017	1386052213
2233068194	1386052252
1864025154	1386052259
2892786960	1386052261
1971282707	1386052275
1405029597	1386052370
1865600324	1386052547
1722587502	1386052573
1923291964	1386052650
3911661423	1386052695
2096723243	1386052749
2482387203	1386052772
1011961692	1386052829
2920527972	1386052846
1910998850	1386052868
1838077460	1386052990
1837069162	1386053277
1809957460	1386053291
2710942267	1386053454
3486439361	1386053993
2822480420	1386054071
1914745502	1386054308
1659523457	1386054492
1788772594	1386054538
1759912251	1386054566
3819513220	1386054605
2170407423	1386054819
2919517824	1386055014
3044107630	1386055168
3045348762	1386055315
2030250963	1386055316
1453669500	1386055673
2612268355	1386055730
1883072400	1386055891
1654352697	1386055990
1586378065	1386056179
2651246632	1386056255
1803331965	1386056541
1958901057	1386056622
1566209075	1386057084
2789691462	1386057715
2702668303	1386057830
1290424447	1386058372
2078575061	1386058921
1863317832	1386059374
1218281081	1386059753
2475696597	1386059871
1277484925	1386060784
2053736000	1386061158
1873282804	1386062218
1777722630	1386062373
1910968074	1386062746
1702021283	1386063848
3271967912	1386065323
2608090494	1386065604
1272898540	1386065817
2804195652	1386067747
2802279877	1386071483
1926556855	1386076144
1405132070	1386076450
3706980887	1386081808
1774187012	1386086267
3926580583	1386088208
2349823352	1386110652
2919972060	1386113721
2919650430	1386114631
2920495154	1386116052
2920155622	1386116800
3043547684	1386118004
3045387182	1386118068
3044991160	1386118770
1584017850	1386118925
3157616587	1386120114
1584084671	1386121072
2808348627	1386122735
1775004034	1386124783
1664603331	1386124795
2920092042	1386125818
1907336585	1386127647
3044812952	1386129066
3043575612	1386129451
1823729853	1386132164
1520862027	1386133571
3043548154	1386136118
2804707830	1386139133
3043468712	1386139745
3043996110	1386144083
2920448692	1386145152
1583890715	1386145921
3043628222	1386146344
2919626764	1386146827
1582689130	1386147263
2919812234	1386149458
3043858334	1386150538
1583117901	1386198418
3044140980	1386205529
3043717282	1386208027
3044610170	1386208116
3043624350	1386208407
2919486830	1386209443
3044933210	1386218164
2919787982	1386223475
3044293422	1386226177
2919581734	1386226815
1877422711	1386241581
2805173762	1386288721
1582656161	1386290001
2920087954	1386290065
1588358713	1386295429
2789959190	1386299109
3043690990	1386303459
1583715312	1386303618
2919864704	1386306195
1744801055	1386306701
2919384182	1386307105
1582717695	1386309802
1582685877	1386311604
3043827530	1386313512
1440495443	1386316692
2805057302	1386317830
1583843535	1386374739
2919384062	1386376935
2920565140	1386381738
2920085250	1386386764
3044512434	1386388535
1574107827	1386388888
3043504892	1386389339
3045339084	1386390461
3044615224	1386391768
1443873414	1386399596
2789779640	1386405013
1583299990	1386408803
2919407920	1386458299
2805281564	1386466429
3044612530	1386470093
3043870804	1386471655
2920665574	1386477414
3043698510	1386478423
2920606940	1386479518
2789668760	1386484858
1560974487	1386484956
3044235234	1386486940
3044671874	1386544068
2920380774	1386544070
3043937322	1386544833
2920412480	1386553410
3044194032	1386555667
2920103210	1386560416
3044886394	1386560618
1583200624	1386567682
2920105914	1386572405
3045181880	1386574071
3045422930	1386574321
2920452874	1386574464
2803347912	1386577555
2920470660	1386578062
3189748321	1386581101
1678797137	1386627421
2802905342	1386634383
2805539942	1386634667
2789780492	1386636038
3232260462	1386639203
3232260462	1386639264
2919793992	1386642800
3043724510	1386645639
3119850677	1386649489
3475742780	1386649654
2919674410	1386651746
2920387454	1386651832
3045057750	1386652353
3812436276	1386652708
2805303990	1386655863
3043703060	1386656214
2919470844	1386659029
1583481690	1386660680
3044917042	1386662795
2504692635	1386665018
3043522474	1386665553
2809815850	1386680491
3044547580	1386722323
3045428042	1386724969
2920172800	1386727348
3044830450	1386734911
2810803182	1386736442
2805250314	1386740294
1896925764	1386770773
1582526127	1386807471
2919639432	1386807677
2920639450	1386812947
3043896374	1386817186
2920011534	1386821934
2789957664	1386824864
3043981190	1386826088
3044635764	1386827868
3044913240	1386828422
3044897320	1386829509
1440398085	1386830959
2920124414	1386831091
1582970743	1386833134
2808834484	1386834243
2808943742	1386899963
2809316762	1386900792
2803769700	1386901946
2789799474	1386904524
2804870464	1386909661
2789847902	1386912750
2920281350	1386914527
1778354851	1386914891
2803704244	1386915034
1581883261	1386916767
2919955160	1386916790
3045344274	1386919852
3044794200	1386925748
1588524677	1386931133
3045424410	1386934227
2808829422	1386953511
2919658862	1386983398
2919384492	1386985629
1588502027	1386985693
1520768261	1386986904
1582724044	1387004127
2920167870	1387065693
2809364850	1387071348
1560964665	1387071762
1582529547	1387072868
3044273270	1387077166
2789910264	1387078794
2919701222	1387079128
2920210064	1387081704
1778556734	1387084896
1588506161	1387092926
2803163010	1387094940
1574452762	1387096563
2803839164	1387097347
3044771124	1387101777
1574616147	1387154902
2919617962	1387171349
3043953672	1387171516
2789947950	1387173245
3043658660	1387188565
2920145732	1387192255
2919346470	1387246572
2789821472	1387264077
3043771250	1387270647
3045074900	1387324082
1582702693	1387325428
3044757210	1387336402
2920413562	1387336700
3044115324	1387338164
2920060344	1387338973
3043468294	1387340543
1583638173	1387340545
3045146342	1387350208
3043772400	1387350676
1440471734	1387353414
2789941172	1387357691
2789958854	1387409947
2920572402	1387410488
2920034464	1387411578
3044249944	1387411950
1778356502	1387421127
1516412865	1387424965
2919662460	1387432988
1726918174	1387447104
2920290340	1387497320
2790038030	1387504496
2789960302	1387511940
2920068494	1387516714
2919834104	1387520498
2789849000	1387522785
2919269644	1387583814
2919439254	1387586884
3044727940	1387594906
1574008532	1387595375
2789726620	1387598307
3044684564	1387599885
2920042280	1387600212
2805106242	1387604158
2920350194	1387604818
2919948032	1387610678
3043553610	1387615479
3043895032	1387667997
2920511444	1387669541
2920353820	1387670090
3045218930	1387671864
3043646034	1387675963
1583174323	1387677404
1440489893	1387677425
2919971652	1387679302
2920201494	1387680001
2810897484	1387681703
2920140790	1387685541
1584054441	1387687837
3043673002	1387688874
1724829433	1387692409
3044543430	1387693628
2920103650	1387697051
1587984731	1387757310
2920158210	1387770153
1145345551	1387770781
2804792090	1387773768
3045070422	1387779267
3044144500	1387840896
3044867560	1387844793
2920498074	1387845902
2804406232	1387852112
2920013124	1387854727
2789834354	1387857129
2920151204	1387857667
3045255882	1387860867
1582725283	1387864963
2804187272	1387865692
2919504984	1387868161
3044375480	1387930706
2808858654	1387932460
2789797022	1387932904
1776807501	1387939835
2919957474	1388017774
3043672304	1388021521
3043577420	1388032396
3044127990	1388036144
3044340352	1388104124
3044065174	1388104937
3043658932	1388109325
3044012812	1388111027
3044803482	1388118186
3045393370	1388121903
3044614204	1388127007
1777505224	1388127038
2920539322	1388127169
1582663467	1388203966
3044958124	1388213430
1722990827	1388213935
2920418320	1388274414
1439100955	1388279312
1583072474	1388281279
1776189883	1388283002
2805126120	1388284620
2803375494	1388297210
2809218200	1388297376
1777193712	1388297487
1727965187	1388365059
1589463585	1388365127
1728644951	1388368340
3044994142	1388377793
3044629274	1388383702
2919369564	1388385349
2919437604	1388445065
2920182450	1388451092
3043863264	1388452289
2920185864	1388457280
2301744271	1389709644
1588390061	1390819436
3045228862	1390821383
2804533724	1390823973
2919458180	1390880299
2809628230	1390880759
2920595394	1390959715
2920447880	1390962055
3044765210	1390981123
3045025730	1390981924
2920090720	1391040796
2802991400	1391042578
2920186600	1391065437
2919647412	1391068658
3044105980	1391071923
2809568130	1391074074
2919783632	1391078568
3044834714	1391079050
2789864392	1391128869
1583219384	1391166900
2919544582	1391217972
2920401094	1391226539
2919502134	1391251067
2920171032	1391320071
3044925474	1391339567
2810632480	1391340524
2803606194	1391399503
1583859302	1391415749
2804055882	1391430332
3043969500	1391593077
2804091980	1391594437
2804699824	1391602203
1726477215	1391654567
2920233264	1391661711
1776586434	1391692628
3322656314	1393338737
1863647663	1396710241
