1642088277	1384594963
1280588312	1384595002
2610416690	1384595004
2389826392	1384595012
2174320625	1384595024
1720562161	1384595043
3182322410	1384595055
1882087872	1384595060
3309678514	1384595088
1412279722	1384595089
1932542630	1384595090
1990269092	1384595102
1828939054	1384595116
1435479532	1384595124
1116744007	1384595130
3484988014	1384595131
1787500544	1384595137
1557247283	1384595142
1418227324	1384595143
3825860177	1384595143
3508686325	1384595144
1779253875	1384595147
2352573174	1384595158
3214420025	1384595162
2039681053	1384595174
1631692982	1384595176
1989459307	1384595176
3738809705	1384595193
1069246100	1384595199
3203335470	1384595199
3256676060	1384595206
1699672934	1384595216
1615129182	1384595220
3854955975	1384595224
1859608487	1384595240
2676103725	1384595251
1777252325	1384595256
2559413725	1384595278
2182043761	1384595286
1692149393	1384595295
1944147993	1384595296
1885323311	1384595302
1827129482	1384595312
1265429457	1384595331
2018666915	1384595344
3279679963	1384595349
1708051455	1384595356
3311597235	1384595365
1829281185	1384595367
2784452832	1384595386
2990073487	1384595392
2297734134	1384595397
1850997695	1384595402
2115967335	1384595412
3145419563	1384595412
1983130217	1384595413
3170224253	1384595422
1877892131	1384595428
1421309552	1384595441
1905252102	1384595443
3878184538	1384595472
1931139490	1384595474
1410478933	1384595484
2013424644	1384595487
2279252385	1384595506
2270967304	1384595521
2276652380	1384595531
1670076784	1384595537
1771446083	1384595539
1695732913	1384595558
1917187510	1384595563
1191455460	1384595564
2269621385	1384595572
2969827167	1384595574
3630589465	1384595587
1246865123	1384595598
1773209031	1384595605
1685055764	1384595608
1751165422	1384595611
2136560641	1384595611
2677230463	1384595622
1253892642	1384595626
1760391531	1384595632
1599673603	1384595636
1464945615	1384595681
2102637407	1384595681
1748535455	1384595692
2704223965	1384595699
3902126407	1384595702
2504211534	1384595717
2015978077	1384595718
2153814573	1384595722
3902954142	1384595723
1742234907	1384595723
2425085433	1384595731
1853054687	1384595743
1173063794	1384595744
2005865227	1384595745
2526547865	1384595747
1778369801	1384595774
1935928965	1384595778
2863033662	1384595788
3215165341	1384595796
2597462294	1384595797
2662731823	1384595801
1749254225	1384595805
1819907191	1384595815
2250738604	1384595820
2430339920	1384595824
1657622590	1384595826
1439019922	1384595832
1628771915	1384595861
2941800957	1384595864
1745256352	1384595867
2656210354	1384595872
3886347827	1384595872
1732403974	1384595885
2614267427	1384595889
1720314614	1384595901
2081277203	1384595928
2128344630	1384595934
2144723281	1384595955
1912644375	1384595957
1866235261	1384595964
2724266981	1384595987
2160229892	1384595988
2336125472	1384595996
1985340953	1384596007
2572689681	1384596009
3080236783	1384596024
1667508453	1384596029
2979630933	1384596053
1299105692	1384596076
3165588724	1384596081
1063837681	1384596082
1056645297	1384596084
1804720701	1384596085
1979612717	1384596088
1730823111	1384596100
2336125472	1384596101
1666772660	1384596115
3087534383	1384596155
3905157592	1384596155
1871694845	1384596157
2649321392	1384596157
2707365697	1384596160
1417423827	1384596163
3170810951	1384596171
2162546071	1384596176
3463440220	1384596184
3603309845	1384596192
3301850905	1384596223
2045883795	1384596226
2430042555	1384596232
1919955703	1384596260
2177605372	1384596277
2301501902	1384596290
1747604765	1384596291
1295722512	1384596295
1968112755	1384596297
1099974223	1384596305
1849740737	1384596326
2403912743	1384596333
1880202501	1384596378
2509126871	1384596382
2171819151	1384596389
2925753711	1384596392
2624546391	1384596395
1746473572	1384596402
3561429060	1384596414
2735357685	1384596445
1483365187	1384596462
1942010134	1384596476
1804056604	1384596516
3168416244	1384596522
2377076340	1384596531
3304758955	1384596554
1819619435	1384596569
3484951974	1384596572
2111901843	1384596588
2214347435	1384596588
1799231885	1384596591
2410655973	1384596602
1986560413	1384596629
1198124834	1384596646
1851698821	1384596646
2714331591	1384596652
3625180251	1384596653
1659548760	1384596657
2192745364	1384596671
2934966082	1384596671
1366506324	1384596696
2772835785	1384596710
1741722495	1384596749
3906276905	1384596757
1753085240	1384596762
1245538840	1384596765
2896394057	1384596776
1930324512	1384596780
1728941015	1384596782
2163165061	1384596785
1752709023	1384596812
2817542961	1384596819
1458115312	1384596821
1463224965	1384596849
1707312972	1384596856
1822304774	1384596863
2903537654	1384596864
2840581277	1384596901
1659055962	1384596902
1804769474	1384596911
1624920594	1384596912
2064994833	1384596920
2077700811	1384596930
1932801845	1384596932
1681874600	1384596959
1427981790	1384596961
1783819374	1384596971
2448117753	1384596985
1401131527	1384597005
3889022512	1384597008
1646497230	1384597078
2051194030	1384597088
2254346454	1384597144
1969277643	1384597175
1304327172	1384597198
1894997085	1384597226
2668478783	1384597259
2233269570	1384597273
2698572162	1384597290
2157876225	1384597345
1848970753	1384597350
1446969922	1384597388
2039017847	1384597459
2488401452	1384597465
2598069444	1384597491
3175741631	1384597494
1915003044	1384597499
1895496090	1384597507
1911135007	1384597509
1922996913	1384597511
2179605700	1384597519
1904803240	1384597523
3624914361	1384597525
1904315167	1384597534
1612224010	1384597534
1618559891	1384597567
1648523827	1384597595
1220968453	1384597663
1537902231	1384597666
1822084560	1384597671
1224895025	1384597705
1886897201	1384597712
2884375630	1384597722
2719961893	1384597729
1987996727	1384597742
2019802175	1384597754
2648598347	1384597807
1645979402	1384597828
2649264300	1384597842
2374680480	1384597846
1796356654	1384597906
1765506441	1384597919
3075850843	1384597956
1651675157	1384597963
1699924575	1384597963
3471681574	1384597970
1654590863	1384597984
3501987563	1384597985
3138245140	1384598026
2122642867	1384598075
3017991351	1384598086
1192966610	1384598095
1581581334	1384598113
1686764790	1384598123
1836037965	1384598139
3085261654	1384598144
1844971250	1384598150
2704004427	1384598176
2002844643	1384598197
1991372377	1384598225
1941678937	1384598257
1694612277	1384598269
1911675445	1384598277
1580552441	1384598299
2818529873	1384598320
1980636444	1384598324
1457427693	1384598357
1995221552	1384598374
1894617835	1384598383
2012264647	1384598386
3803233249	1384598390
1633392841	1384598401
2974073233	1384598418
2141059300	1384598434
1867330423	1384598440
2304310795	1384598568
1631238112	1384598659
2607974061	1384598666
3904581804	1384598671
1118272821	1384598672
2683690061	1384598692
2669594787	1384598718
2511484702	1384598735
3884617538	1384598743
2491347793	1384598775
1847613657	1384598792
2032005964	1384598872
3265363865	1384598972
3603456464	1384599009
3012402731	1384599041
3174724664	1384599043
1712262140	1384599066
1152448533	1384599104
1214387701	1384599128
1679085224	1384599131
2486870655	1384599154
1631501663	1384599182
2094392005	1384599202
2139447865	1384599218
2445320664	1384599251
3496508667	1384599263
3068062887	1384599271
1529010540	1384599280
2031559945	1384599291
2397219904	1384599291
1683587411	1384599291
1663623422	1384599297
3777750447	1384599303
1936946663	1384599332
1988807553	1384599351
1828309822	1384599367
3735653312	1384599393
3291288834	1384599501
1948154657	1384599523
3051710101	1384599537
1281359587	1384599545
2609846915	1384599546
1894492633	1384599573
1566847701	1384599574
1935688803	1384599618
2035699567	1384599663
2606770893	1384599738
1225043874	1384599747
1706853170	1384599768
2100386850	1384599809
2206559113	1384599823
2384005762	1384599826
1470808973	1384599975
1935688803	1384599982
1346423804	1384599989
2242860587	1384600016
1211963321	1384600142
1865594250	1384600156
1903473737	1384600169
2299503977	1384600198
1650523377	1384600230
2600655640	1384600247
2144108467	1384600297
2398229722	1384600306
2093996981	1384600307
1827688481	1384600336
1966245353	1384600437
1935688803	1384600438
3154433060	1384600443
1749270413	1384600453
2454391820	1384600460
3327409354	1384600480
3520228473	1384600486
3906169113	1384600493
1590770697	1384600510
1163656523	1384600522
2077106240	1384600541
1782775305	1384600545
2387159601	1384600615
2586745232	1384600652
3479472312	1384600661
1808465274	1384600671
2486782857	1384600697
1896651904	1384600723
1884698140	1384600725
3227064113	1384600758
1321220084	1384600761
1678472073	1384600763
3887034017	1384600784
2416647524	1384600822
1281384612	1384600851
2517942820	1384600877
2779965800	1384600907
2517942820	1384600912
2994974912	1384600913
1465247775	1384601006
1914596262	1384601019
3895719131	1384601019
2274597514	1384601077
1794489684	1384601146
2687870823	1384601149
1639985397	1384601160
3304211920	1384601163
1922454713	1384601235
1057878682	1384601300
1912406335	1384601404
1402179262	1384601468
2286831804	1384601548
2565619212	1384601564
1225043874	1384601571
1645404895	1384601614
1730513995	1384601743
1047175554	1384601746
3886575278	1384601755
2995436330	1384601772
1889498312	1384601800
3045961370	1384601826
1883264417	1384601848
1366589823	1384601872
1730436892	1384601889
3904935440	1384601932
2696129832	1384601935
2630519963	1384601997
1956024807	1384602023
3229746254	1384602047
2578145964	1384602066
1918330831	1384602068
2104763237	1384602070
2041317087	1384602076
2092972082	1384602250
2804311792	1384602270
2474195522	1384602355
2642133701	1384602356
2287259235	1384602364
1225043874	1384602403
2718982232	1384602409
1051462485	1384602437
2200293064	1384602484
1924697123	1384602561
3673653763	1384602584
1839994892	1384602812
1240843735	1384602822
1295784133	1384602865
2074346653	1384602866
1565474494	1384603029
3300734261	1384603080
1472326144	1384603169
1234534777	1384603335
1131143994	1384603360
1854864195	1384603362
3218536035	1384603381
2030996363	1384603445
2088725171	1384603470
1883354231	1384603526
1481586203	1384603580
1567608290	1384603605
1215280882	1384603620
1845562380	1384603669
1465113054	1384603697
1481586203	1384603742
2640503453	1384603817
1912734582	1384603867
2201314253	1384603904
1275944151	1384603963
2372160541	1384603998
2698591442	1384604046
1225043874	1384604080
2615612577	1384604082
1798234497	1384604086
1672293531	1384604118
2614564872	1384604129
2354342263	1384604194
2043164995	1384604364
1225043874	1384604385
2035394667	1384604413
1870417831	1384604659
2645095192	1384604705
1868596733	1384604823
2607187687	1384604902
1457988713	1384604942
2672643550	1384604984
1406467035	1384604998
1708234265	1384605248
2605563974	1384605254
1679561935	1384605291
3034040590	1384605303
1417437763	1384605316
2187590827	1384605557
2006442652	1384605603
1757705985	1384605796
1483237423	1384605822
3322276272	1384605872
2201334354	1384606016
2606192560	1384606211
1148361003	1384606244
1693815607	1384606352
3269200927	1384606424
1601672865	1384606464
1650740432	1384606483
3283991045	1384606592
3016369111	1384606615
2061952832	1384606697
2903585041	1384606797
1072668334	1384606844
2552549382	1384606870
2933188223	1384606965
2393458630	1384606986
1930348643	1384606992
3302306865	1384607131
2612185304	1384607238
3525552873	1384607252
2965157872	1384607442
3699422352	1384607640
2739870155	1384607712
2055286617	1384607828
3888579046	1384607856
1942866075	1384607962
1772737691	1384608065
2357726721	1384608184
3346498550	1384608406
1612917490	1384608413
2852760832	1384608418
2385596327	1384608586
1897911802	1384608685
1933699402	1384608715
1808304695	1384608759
2302248137	1384608915
1994080313	1384609038
1216851121	1384609151
3721367755	1384609224
2100947730	1384609266
2073487835	1384609271
2010259941	1384609327
2622181807	1384609417
2757841883	1384609548
1761848327	1384609585
2012077654	1384609632
3316281362	1384609750
2014866570	1384609811
1971698542	1384610070
2749141495	1384610370
2952474664	1384610422
2965157872	1384610442
3407220644	1384610459
2019384831	1384610553
1647255593	1384610887
1790278462	1384610967
2049998722	1384611134
1352845300	1384611140
3761183771	1384611326
1780117790	1384611378
2243977012	1384611451
1956657747	1384611506
1971000662	1384611634
1764629257	1384611742
2037475821	1384611910
1452682204	1384611942
2965157872	1384612027
1363171123	1384612181
1699426115	1384612395
1527824592	1384613138
3175114574	1384613174
1917662791	1384613432
1898415417	1384613464
2369558680	1384613595
1950205143	1384613765
3225825984	1384614277
2037897775	1384614293
2037897775	1384614295
2406831185	1384614730
2840076805	1384614867
1793008280	1384614876
1762570742	1384614963
2974784212	1384615011
2607920381	1384615073
2399815682	1384615252
3199318641	1384615439
2121333071	1384615511
1704981882	1384615782
2763484641	1384616078
2243485140	1384616252
1894974911	1384616429
3450484584	1384616585
1563057417	1384616622
1131140684	1384616639
3002593135	1384616783
1131140684	1384616901
2359670975	1384616961
2087884703	1384617015
1834893031	1384617371
2215252152	1384618500
2462742335	1384618935
2638060477	1384621102
1618863684	1384621891
2126111524	1384622140
2039084987	1384623893
1734135257	1384624272
1854716655	1384626331
3841613125	1384632783
1094642087	1384633968
2739686934	1384642089
2789725904	1384644034
3022113561	1384644726
2919917710	1384645471
2501654120	1384647608
3804014233	1384648172
1919710662	1384649049
3570459200	1384649597
1630674780	1384649723
3208683065	1384649787
2919242702	1384650678
1044754390	1384653148
2803835522	1384654275
1113713111	1384655082
2278942924	1384655583
2217120184	1384655634
1870010565	1384655805
2249851600	1384656103
3300923321	1384657401
1856669812	1384657955
3886569872	1384660848
1868114985	1384661730
1985377061	1384662055
1340600170	1384663229
1928799904	1384667698
1052709593	1384668609
2331140484	1384669943
2757076892	1384672376
1656263373	1384676486
2852086562	1384677143
2243258010	1384679409
1197128653	1384681783
1421104684	1384684105
3079061557	1384691369
3198891707	1384693295
2369407187	1384698195
3819621700	1384700398
1064436285	1384703323
1751329620	1384718409
2804936790	1384733231
3043732230	1384744607
1944815990	1384746489
2919514972	1384760670
3045317354	1384826557
2804551230	1384830775
1440440130	1384831480
1251479034	1384835739
2395900303	1384882094
2920130780	1384883323
1164132000	1384891657
2804018540	1384904080
1440672312	1384905142
1574459643	1384905267
2919796244	1384911948
1583367921	1384915528
1589015103	1384917546
2789861694	1384918298
2290356825	1384931003
3043560872	1384988754
2920091854	1384989422
2920618394	1384990724
3043753210	1385000327
3045005010	1385001698
2919320680	1385009148
2809130424	1385084092
1581664897	1385085044
2805050484	1385087115
2920422732	1385088394
1583939470	1385098825
3044081230	1385101387
2118720354	1385187090
3044161874	1385251550
2920369470	1385280876
2920240382	1385285445
2920607980	1385337653
2919491380	1385337941
2919538232	1385340569
3045172184	1385343945
2808622764	1385346187
2920438502	1385348464
2920345274	1385350657
2920506350	1385355979
2920642740	1385361658
2920434742	1385429038
3043825162	1385441712
3043541384	1385444274
3044519410	1385448836
2919854564	1385451213
3044349462	1385467760
2919324422	1385512362
2920473850	1385515549
2920223734	1385515699
3044689300	1385516126
3044112404	1385520439
3044883060	1385520925
2804406100	1385522292
3043480484	1385522921
2920164994	1385524401
2805075072	1385593872
2920595442	1385595058
2810750182	1385595700
2919980374	1385595756
3044677650	1385603034
1725382762	1385603211
1583930417	1385604121
1776519410	1385607734
1723921430	1385610646
2919832594	1385680782
2919330514	1385681063
3043703374	1385684313
3044030420	1385685753
3044143640	1385689730
3045328394	1385690211
2804584894	1385691709
3045289162	1385693230
1440672190	1385694273
1440468567	1385778937
3045304092	1385782748
3043632054	1385797747
3044105690	1385943146
2920318210	1385943957
1582893934	1385945552
2810988232	1385945622
2790071302	1385947949
1574180020	1385948069
2804723260	1385948578
1777751222	1385949301
2804351152	1385951655
2920591854	1385951819
2789762664	1385951888
3045063622	1385951891
2789890784	1385952167
1583978940	1386029371
2789678474	1386039949
1581817310	1386042873
2804284614	1386112873
1582609815	1386114274
2789911874	1386115396
2919298812	1386119089
1589513842	1386120529
2809473354	1386121448
3043902364	1386135512
2919957820	1386143889
2789848990	1386212199
2789840824	1386217497
3044525244	1386225830
3045280962	1386295117
3043938450	1386296057
2920226240	1386374543
2920386462	1386377453
2920639350	1386379390
3043479922	1386381158
3044654790	1386384325
3044299422	1386458195
2920211694	1386474892
2789975630	1386479034
2804070852	1386485220
1439597703	1386546028
3045162440	1386572090
2809248780	1386633660
2919590562	1386637055
3045247714	1386638342
3044609304	1386638639
2803886060	1386645528
2805074970	1386646417
3043554084	1386648572
2810339640	1386726895
2919962850	1386734477
2804359210	1386743180
2804178782	1386815482
2920548832	1386824627
3045161284	1386831737
3045425760	1386976195
3044332924	1386983819
3043477864	1386987162
1582569517	1386991312
2803968854	1386994307
2803131524	1387005052
1582750133	1387009489
1583603345	1387066743
3045346862	1387070743
1778389170	1387072222
2919475914	1387095357
3045314914	1387099846
3043766070	1387158666
2919635444	1387166392
2919679180	1387176293
3043994602	1387261827
2919365140	1387268265
1582734010	1387280356
3043890384	1387328753
3045237014	1387352745
3044348900	1387501851
3044898500	1387512150
3044572742	1387522955
3043836744	1387589091
2920650142	1387590353
2809744212	1387598340
2919498264	1387669209
2810334910	1387753889
2920233730	1387785137
2804439032	1387842486
3044714422	1387851367
3044662790	1387880618
2612262137	1389052223
5044964236	1395694663
