2451549504	1375026907
2701386743	1375026928
2722852733	1375026935
3485085457	1375026939
1776668662	1375026949
1808897127	1375026956
3174405461	1375026956
1724661755	1375026966
2282381843	1375026970
1615224925	1375026974
2706611291	1375026975
2118803620	1375026979
2115023175	1375026981
2163065545	1375026988
1772725024	1375026993
3301223225	1375026994
2523598471	1375026996
1582821190	1375026997
2201576970	1375026997
2078442343	1375027003
1958046762	1375027004
1219866374	1375027004
2710071172	1375027007
3030359955	1375027013
3670065102	1375027014
3154820557	1375027014
1842017673	1375027017
1301433050	1375027020
2774418861	1375027024
1456393701	1375027024
1829173767	1375027026
2306572471	1375027026
1934108282	1375027031
1971222353	1375027033
2965583493	1375027034
2437665631	1375027050
2819136502	1375027051
2828916370	1375027051
1959091885	1375027053
3173577050	1375027058
3099495561	1375027058
1770753061	1375027059
1736718000	1375027060
3513131061	1375027063
2882471542	1375027066
2929151431	1375027067
2615321211	1375027069
2963663305	1375027072
3055246891	1375027075
2635371704	1375027085
3601192202	1375027089
1889708317	1375027091
2093773004	1375027097
3129937647	1375027102
3153318113	1375027104
3613181002	1375027110
3570528807	1375027114
2846879101	1375027117
3028552453	1375027118
2253758172	1375027121
2024314631	1375027126
3635673470	1375027126
2560384494	1375027133
1853477472	1375027137
3256131891	1375027138
2731485490	1375027139
3511229973	1375027143
1766813554	1375027145
2527564753	1375027146
3496310690	1375027149
1600537967	1375027151
2716540860	1375027154
1422709867	1375027159
2903787907	1375054614
2848544931	1375054731
3191493460	1375054869
2782014107	1375054881
2690485951	1375055016
2702340931	1375055164
2284876642	1375055281
2650285110	1375055340
1921702244	1375055684
2636451053	1375055729
2650285110	1375055807
3315355475	1375056037
2679683957	1375056130
2801940490	1375056237
2823018865	1375056244
3298164555	1375056657
3285151643	1375056660
1856106571	1375056901
1855973605	1375056972
2334625881	1375057206
2267375315	1375057541
2303540165	1375057638
2122798734	1375057692
2456821930	1375057826
3544904053	1375057838
3541696511	1375057900
2826010975	1375057930
3503812581	1375057973
2438029600	1375058314
3215390634	1375058324
2865479164	1375058465
2139172260	1375058739
3033212740	1375058842
3533703060	1375059100
3590887933	1375059142
1911645084	1375059227
2041168903	1375059299
2640839331	1375059805
1890345055	1375059866
2845568135	1375059976
3622927743	1375060000
2609243971	1375060164
3017467075	1375060188
2209675760	1375060199
2528476381	1375060309
2055580023	1375060794
2439133790	1375061490
2785046580	1375061819
3522924612	1375062182
2656544260	1375062307
2675169335	1375062419
3109651891	1375062813
3314709195	1375062994
1891928670	1375063045
2548693832	1375063463
3645779291	1375063509
1871071204	1375063699
3027188943	1375064571
2440317055	1375064577
3138923497	1375064632
2933034871	1375064847
2821347854	1375065117
3653751350	1375065467
2634991417	1375065645
1016471990	1375065747
2262525265	1375066783
2313100401	1375066784
2629454353	1375067035
2505592882	1375067346
1854219330	1375067963
3314901581	1375068431
3509427652	1375069069
2919910940	1375069256
3584738821	1375069485
2944673154	1375070535
1295694757	1375070558
2903213744	1375070617
3612970322	1375071231
1847814265	1375071466
3288516094	1375072166
2761434025	1375072202
2100748527	1375072207
3568378821	1375072305
1650934627	1375072809
3403159304	1375072868
3181595060	1375072893
3308157371	1375073119
2107890440	1375074314
2919978344	1375075229
3603227167	1375075684
1925995321	1375076616
1923260537	1375076764
2789944212	1375077569
2887913202	1375077722
2920021232	1375078128
1769852987	1375078843
2709043343	1375079153
2505304690	1375079366
3554835554	1375080836
3014956737	1375080999
2730563921	1375081041
2189165971	1375081395
2478269662	1375081694
3044103084	1375082583
1772220500	1375084014
2754862057	1375084424
2980019335	1375088111
2581097940	1375088866
2804509555	1375089792
2789331140	1375090192
2814920800	1375090735
1085258024	1375091636
3276133561	1375093411
2844073877	1375093567
3554432302	1375094009
3171226750	1375095710
3316062801	1375096296
3124078221	1375096792
3486051783	1375097756
3624076703	1375101993
1370132597	1375106430
1863347867	1375107286
3592451173	1375110734
3358877902	1375112735
1793549225	1375121875
2678917421	1375123667
3336015552	1375154397
1827254744	1375154643
3063137233	1375154693
3078367631	1375154867
2194346853	1375156164
3598264103	1375156181
3063633203	1375156194
2948662271	1375156434
3512084664	1375156447
3053051201	1375156465
2753567143	1375156480
2821509094	1375156721
3063956495	1375156759
2291158617	1375156821
1925100153	1375156846
1783161262	1375156890
1803726015	1375157325
2247257743	1375157674
1796944380	1375157725
2098870181	1375158169
3213550951	1375158425
3304972760	1375158494
1503952141	1375158756
2480267670	1375158857
2848370667	1375158974
2979439714	1375159278
2754496215	1375159601
2653569687	1375160247
3065700471	1375318931
3612376585	1375337941
2622342861	1375364566
2014540903	1375372743
2875896557	1375459887
3231883924	1375493191
2949074181	1375495162
3475335464	1375527622
2404296047	1375540287
3481746653	1375546782
2891554623	1375586853
3044914812	1375665289
2803615512	1375667604
2277918571	1375756829
1677922417	1375796160
2216438590	1376097555
3234569432	1377350945
3518924787	1377698261
3789139375	1380031509
3733046017	1380719951
