2656274875	1429593464
2688274292	1429593478
1163367915	1429593482
3332269710	1429593489
2080398647	1429593494
5099415474	1429593502
2475204140	1429593507
1961169191	1429593509
2447702694	1429593514
3217085051	1429593519
5175002046	1429593529
2301458841	1429593533
1823396622	1429593538
1963018533	1429593538
3748249214	1429593539
2133635260	1429593539
1941892344	1429593540
2906530287	1429593544
5183941691	1429593545
2859543784	1429593546
1699759547	1429593546
5328846831	1429593556
3177818560	1429593556
3908112871	1429593556
3668840495	1429593557
1629517711	1429593561
5019342488	1429593563
3625353181	1429593567
2927024651	1429593582
5106342899	1429593583
3556094260	1429593585
5201120843	1429593594
1539140951	1429593596
1828643125	1429593602
3938868171	1429593604
5580917519	1429593604
2139186225	1429593614
1886847925	1429593619
1369630710	1429593619
2929951382	1429593630
2074267173	1429593645
3220202123	1429593654
5446489609	1429593656
2864815261	1429593661
1850719275	1429593664
3196814512	1429593668
1868250361	1429593668
1868686525	1429593679
3248997262	1429593684
1771562305	1429593703
2928345797	1429593709
5486624551	1429593710
2880144520	1429593713
5250095452	1429593714
5565419230	1429593714
3124802694	1429593715
1837888142	1429593719
5185257944	1429593722
3226512795	1429593723
5020559449	1429593733
5591547201	1429593736
2869162884	1429593737
2718776024	1429593738
2657002597	1429593740
3802022168	1429593757
2568276640	1429593775
3482473503	1429593777
2019631002	1429593778
5408627260	1429593782
3292834214	1429593783
2519711342	1429593783
5311642722	1429593795
2177374895	1429593796
5321248165	1429593800
3263453252	1429593816
1291325551	1429593823
1087704547	1429593829
3257696823	1429593829
1413039237	1429593835
5531104772	1429593838
2391195140	1429593843
5295651783	1429593853
1898794791	1429593860
1747680741	1429593860
2589341047	1429593860
1630450365	1429593865
5544603687	1429593865
3949250395	1429593887
2821978260	1429593896
1354386414	1429593923
1670051947	1429593926
1018072287	1429593933
3578951240	1429593935
3946540383	1429593936
5516017502	1429593948
1661570360	1429593965
5477309892	1429593970
3664639027	1429593971
3303814824	1429593974
3879686811	1429593983
3959457229	1429593984
1374468910	1429593996
2262585870	1429593997
5384934820	1429593997
2468907231	1429594035
3897453835	1429594036
5533452886	1429594041
2924264825	1429594043
5532035285	1429594050
1744729263	1429594073
5530032613	1429594115
5093710367	1429594115
5535976235	1429594133
5429604189	1429594135
1824490815	1429594146
2407008135	1429594164
2608769335	1429594166
3814279948	1429594170
1812039875	1429594196
3846528231	1429594198
2045610142	1429594205
3816236163	1429594229
2425209325	1429594235
5192599095	1429594257
1314154460	1429594268
1827580805	1429594269
5018024155	1429594288
1923930185	1429594313
1894002661	1429594331
2951277087	1429594333
5584642631	1429594364
2364643164	1429594370
1838797177	1429594411
3212794914	1429594418
5583913991	1429594437
5500274499	1429594455
2314709753	1429594458
3035125531	1429594477
3225309410	1429594490
2826227101	1429594547
5037442282	1429594554
2895762845	1429594575
1819638285	1429594588
3810165726	1429594607
1788232271	1429594610
3885087622	1429594659
1683982431	1429594687
2787954544	1429594703
2706412390	1429594706
3787092751	1429594768
2865106027	1429594769
5159123208	1429594790
5242027146	1429594812
1193092822	1429594817
2689037101	1429594865
1809080591	1429594865
2294539155	1429594874
3260865592	1429594977
2794139030	1429595003
2391701222	1429595009
3178185871	1429595083
3856724827	1429595102
3470897610	1429595114
2943311367	1429595136
2608527137	1429595141
3916539973	1429595167
1783939692	1429595247
2011502434	1429595322
5344268531	1429595331
2549263825	1429595337
3266170364	1429595348
1427316600	1429595354
5490369726	1429595407
2695581570	1429595485
5020819407	1429595499
1067245013	1429595510
2289248863	1429595527
5553189573	1429595540
2605231853	1429595551
2477126762	1429595818
5205707217	1429595843
3303871445	1429595853
5291734662	1429595880
5184662336	1429595882
2654747325	1429595922
2130510941	1429595951
2773142195	1429595977
1460269011	1429595994
3950357637	1429596045
2963235782	1429596087
3814991110	1429596105
1249395927	1429596139
5514348015	1429596183
3925833740	1429596189
2629072743	1429596220
1668463157	1429596316
5063937150	1429596320
2568927967	1429596320
2892920603	1429596347
5176971833	1429596402
2594417047	1429596417
2991079677	1429596468
3598027992	1429596511
2112825082	1429596562
5097686546	1429596565
2557715783	1429596579
2817629510	1429596589
2691321762	1429596680
5240391484	1429596708
3218043725	1429596753
5355580507	1429596778
2813147724	1429596859
1109693607	1429596885
2719436593	1429596896
5314463512	1429596909
3131791823	1429597006
3974748040	1429597136
2581091174	1429597167
3173682804	1429597209
1720586035	1429597213
1774745041	1429597220
1746052893	1429597302
5255374090	1429597362
1987679153	1429597428
2725670095	1429597441
2529383417	1429597497
2111624031	1429597567
2709752942	1429597643
5574285942	1429597693
5018759697	1429597763
2810982337	1429597977
5049475728	1429598034
3995709421	1429598040
5094475608	1429598062
5354793334	1429598147
1910108115	1429598160
5576553643	1429598167
2013046764	1429598216
5511814510	1429598235
3994419550	1429598244
5328852575	1429598384
2684902231	1429598457
3963142355	1429598477
3900270972	1429598514
2745955157	1429598596
1986131724	1429598736
5577719125	1429598780
5230907622	1429598798
2161705603	1429598802
3609367647	1429598812
1762851090	1429598949
2730546823	1429598962
5032647710	1429599023
1966268690	1429599039
5189991026	1429599039
1165689641	1429599080
2661644111	1429599104
3933800109	1429599109
3876930450	1429599132
5249267694	1429599260
2957316033	1429599365
3938647987	1429599429
3501737505	1429599473
5281470012	1429599742
1691570653	1429599785
3701492023	1429599793
1858564352	1429599888
2817669475	1429599923
3783838163	1429600255
1768436853	1429600345
2196247830	1429600568
5590532919	1429600573
1978484037	1429600893
2720850471	1429601145
2877824482	1429601647
3793711455	1429601683
2042461774	1429601726
5478782670	1429601768
5394204404	1429602023
1970824475	1429602052
3759411530	1429602059
3946425302	1429602618
3035737027	1429602745
1829573290	1429602818
1041468444	1429602855
5124504761	1429602947
2219546934	1429602955
3087433233	1429603398
1836979980	1429603467
5076641205	1429603468
2969345911	1429603522
3939553546	1429603529
2656307902	1429603593
1830971214	1429603943
2167450325	1429604055
3930014855	1429604079
1275633740	1429604612
3978046560	1429604894
2693045812	1429605024
1822114792	1429605137
5384230031	1429605234
5364040498	1429605250
1772730175	1429605851
5034238452	1429606103
2705826827	1429606727
5537283999	1429606923
5305734543	1429607256
1814343231	1429607766
5586952615	1429607802
2934973861	1429608504
3848100852	1429608795
3528531513	1429609490
5037903045	1429610468
1877376861	1429611271
2195398307	1429612362
3125508283	1429613085
2656274875	1429613187
2940693373	1429613203
3306906413	1429613203
3967209347	1429613204
5498760959	1429613212
3881660513	1429613221
1694414953	1429613232
3878430607	1429613249
5299364302	1429613252
5293334837	1429613259
2321512637	1429613262
5070807746	1429613265
2470963340	1429613268
5303374184	1429613274
2317059707	1429613287
3203430495	1429613288
3281003222	1429613297
2986120122	1429613299
3976473267	1429613300
1801318451	1429613318
5119981038	1429613320
2532986961	1429613322
5221511836	1429613330
5041564276	1429613332
2436982055	1429613335
5035168494	1429613345
5126972653	1429613348
2733854593	1429613356
1809494963	1429613362
1835081942	1429613372
1111638404	1429613373
5319325766	1429613374
2895208331	1429613382
1738828553	1429613383
5572608133	1429613404
5136305763	1429613406
3748249214	1429613412
5547392674	1429613416
3178546072	1429613421
2173748125	1429613425
3607964115	1429613428
3916334643	1429613429
5520407625	1429613440
2358449255	1429613447
1735096934	1429613468
1906294301	1429613471
5279340653	1429613484
3779808873	1429613485
1710102102	1429613487
3500468147	1429613491
3839170743	1429613498
1992203097	1429613499
2299854471	1429613502
3973925108	1429613511
3780179990	1429613534
2784766192	1429613544
5238667999	1429613544
5228575046	1429613547
2040175790	1429613553
2522034644	1429613555
1972710181	1429613635
1728813152	1429613642
5532397311	1429613673
3213386702	1429613675
5228235980	1429613681
2369342514	1429613684
5279534929	1429613698
5304635033	1429613703
3246349242	1429613706
5591643235	1429613715
2008349661	1429613735
5015659740	1429613738
5413770139	1429613746
3783383067	1429613746
1765379694	1429613765
3299549274	1429613773
1411119540	1429613785
1312430265	1429613791
2311271183	1429613796
5227775465	1429613822
5450427113	1429613831
1704838661	1429613845
1791826063	1429613852
5141427973	1429613879
1736821600	1429613943
3098490657	1429613948
2624741031	1429613955
1812039875	1429613976
1803546071	1429613982
2419384641	1429613987
1950877041	1429613989
2708554611	1429614006
5061344932	1429614042
2010648683	1429614052
2774704501	1429614108
2296001277	1429614113
3395539382	1429614115
5079385002	1429614137
2172546497	1429614147
1750277381	1429614149
2393909175	1429614197
2314897067	1429614198
2873269274	1429614214
3014737881	1429614215
1879335557	1429614219
1199621053	1429614221
2106239642	1429614258
3779255412	1429614269
5502665319	1429614270
5332228369	1429614378
5248308154	1429614418
2680598132	1429614420
3123726235	1429614423
5577559844	1429614465
2407811473	1429614511
2315473977	1429614527
3123410581	1429614536
1181702421	1429614650
1660516004	1429614659
2150311305	1429614669
2627003221	1429614775
1639626913	1429614779
3407463062	1429614790
5589427620	1429614828
5356666001	1429614835
5223062768	1429614843
3814991110	1429614869
2805009864	1429614899
5033498604	1429614904
2469776554	1429614905
2948485357	1429614940
2464585637	1429614948
3991730084	1429615046
5076641205	1429615055
3976300515	1429615063
1777376793	1429615073
1778771930	1429615106
1737390655	1429615130
3894196627	1429615131
2392875651	1429615136
2340976390	1429615138
3606725115	1429615156
2089696517	1429615160
5570197861	1429615190
2633131411	1429615287
2041939053	1429615333
2540394814	1429615335
1661031843	1429615337
3699644913	1429615344
2402252563	1429615362
5348013981	1429615369
5582169047	1429615382
5480715586	1429615387
1343056561	1429615477
2363108471	1429615543
2750780212	1429615548
1810398877	1429615580
2650653671	1429615606
5239252561	1429615639
5293587117	1429615651
3204157172	1429615655
1696925143	1429615666
3840675851	1429615827
3434311242	1429615925
2491651164	1429615999
2717849603	1429616001
5097572083	1429616016
5395934753	1429616023
3072942365	1429616048
1415384235	1429616098
5017351249	1429616103
2713714821	1429616132
5581437823	1429616448
2433962904	1429616562
5577882978	1429616588
1838979672	1429616629
3969886638	1429616656
3627968995	1429616678
3274687822	1429616729
2732766543	1429616792
1834602061	1429616886
2933849785	1429616981
5578567757	1429617016
5252578928	1429617028
5118258575	1429617066
5483878814	1429617073
1948022484	1429617105
1104213144	1429617200
3193513872	1429617307
2624627830	1429617474
2834620073	1429617534
3966808256	1429617654
3170455873	1429617903
3653739021	1429617910
2875435447	1429618022
3950826277	1429618049
5188714625	1429618081
5067538849	1429618182
2668628591	1429618237
5424456097	1429618245
2610314312	1429618271
3223003187	1429618290
5230936460	1429618357
5479460423	1429618419
2276078925	1429618654
5035280565	1429618673
3303065370	1429618731
1819532955	1429618836
3893431419	1429619439
3805655216	1429619786
1101043695	1429619973
3558050482	1429620271
2928538075	1429620753
3150817060	1429620970
2995651300	1429621032
2724028597	1429621175
2351943360	1429621305
1948001522	1429621474
5491836646	1429621570
1015904392	1429621646
3860052944	1429621832
2150814203	1429621877
5473338736	1429621893
2014439585	1429621944
5348538451	1429622069
2608134362	1429622330
3170798512	1429622489
3947365257	1429622652
2760770795	1429622670
3849858698	1429622820
1842604365	1429622840
2421924422	1429622983
1449635504	1429623241
2421924422	1429623265
1341625643	1429623279
3154687097	1429623317
3316882681	1429623542
2489617851	1429624071
2618753910	1429624582
5579603605	1429625637
2979557063	1429625734
1807510221	1429625743
2243329334	1429625837
2758838753	1429625897
2917614733	1429626142
5276286430	1429626359
2817303301	1429626383
2060292977	1429626460
1602498612	1429626476
5304055493	1429626871
5411058348	1429627192
2725699733	1429627211
3247399482	1429627230
2962069775	1429627267
1297789720	1429627362
5124612838	1429627815
5124612838	1429627847
2793267875	1429627921
5133410030	1429627978
3887256307	1429628056
3091495713	1429628299
5590018548	1429629208
3945239704	1429629432
2423501477	1429629676
3842003014	1429630029
1302147952	1429630247
5043783269	1429630862
5374618044	1429630903
2601878763	1429631196
5066313479	1429631342
3836960904	1429632371
3130781177	1429635487
2921561253	1429636065
3228904952	1429638284
5332274278	1429641387
2285880953	1429643989
5258409533	1429647903
3886845302	1429649309
2421748223	1429650814
3613094640	1429651486
1079250905	1429652173
5384040191	1429652440
1872137967	1429653373
2425579961	1429655103
5355580507	1429656370
5353076761	1429656373
3847114864	1429657256
1678559673	1429657301
3626081411	1429658260
3252528785	1429659138
3011064253	1429660417
5589964531	1429663770
3963805823	1429664979
3963805823	1429666410
5364131820	1429667448
3835053815	1429668237
2924688925	1429668486
2930673713	1429668909
1508249752	1429669437
5475373403	1429672016
5591578241	1429674459
1556992194	1429680306
1859506117	1429682563
5343443184	1429683155
3925442581	1429683248
5042557265	1429702399
5042557265	1429702461
2809745837	1429717195
5475373403	1429742985
2656274875	1429747249
5516850149	1429747259
5197416883	1429747273
3229267977	1429747277
1651831207	1429747281
2131868565	1429747301
1767169801	1429747301
1772283574	1429747319
5393935382	1429747326
1882002182	1429747330
3948167104	1429747335
1835439955	1429747337
5367298771	1429747339
2723749623	1429747346
3098330704	1429747357
5548673187	1429747359
1498578943	1429747361
1913379517	1429747365
2431016445	1429747365
1306296230	1429747371
1960211945	1429747372
5589376108	1429747373
5519146776	1429747378
2859543784	1429747380
1894145862	1429747387
5367239177	1429747391
2757174237	1429747397
1968966801	1429747406
3885087622	1429747407
3229410197	1429747411
5344643321	1429747420
2427291353	1429747425
2717849603	1429747433
2530701622	1429747435
5384934820	1429747440
1570893132	1429747447
5532370706	1429747454
1257136274	1429747462
1731644931	1429747469
3887142001	1429747471
5258293840	1429747487
5295530085	1429747496
1988752271	1429747497
5109734824	1429747500
5150695019	1429747501
5512183104	1429747503
1763761740	1429747508
3399246420	1429747514
3757913283	1429747520
5592605912	1429747522
2730831572	1429747539
2111501883	1429747545
5390002694	1429747548
1905888933	1429747549
1049646917	1429747559
3356826984	1429747566
3695851553	1429747578
1773695011	1429747589
1930117951	1429747589
5404379777	1429747591
2302795745	1429747602
1886847925	1429747611
3108351887	1429747613
5584824586	1429747614
5511859270	1429747620
2712037584	1429747638
1936539725	1429747650
3166403803	1429747652
1841494142	1429747654
5243953616	1429747662
3295058581	1429747668
1885846555	1429747690
2612503055	1429747702
3218917062	1429747704
2292485971	1429747709
1828536301	1429747719
3805795630	1429747720
1744627533	1429747725
2200922387	1429747734
3814991110	1429747741
1623117641	1429747747
3122640540	1429747749
3096855763	1429747754
3889843074	1429747768
3943199370	1429747783
2574677072	1429747797
2250736801	1429747799
1797067255	1429747808
3821212401	1429747811
3951700561	1429747814
3753871993	1429747818
3318082241	1429747822
1688568961	1429747823
1972710181	1429747832
1696925143	1429747836
1977385884	1429747845
5396802405	1429747866
2681971631	1429747870
3436948740	1429747870
1774745041	1429747881
5255374090	1429747908
2951791080	1429747911
5036325522	1429747919
1314734522	1429747919
5345725523	1429747939
3226453764	1429747946
2253800787	1429747956
1932818847	1429747961
3150817060	1429747966
3277035381	1429747969
1404232085	1429747980
5478782670	1429747982
2186388955	1429747992
2379923682	1429747993
1733503227	1429748009
3761361594	1429748018
1834320257	1429748050
1787139924	1429748066
1972879991	1429748069
3207916761	1429748074
2079525280	1429748087
2242417203	1429748096
2719971234	1429748096
1246430054	1429748128
2834148824	1429748149
1660174367	1429748149
3740280340	1429748151
3576101304	1429748168
3965452810	1429748170
3305604977	1429748185
3380835934	1429748186
2953790315	1429748198
2230667361	1429748204
1733903483	1429748209
3508662785	1429748221
3285011430	1429748224
3208143635	1429748233
2992770747	1429748238
2978032803	1429748244
2814535770	1429748259
3211514521	1429748265
3240311864	1429748266
2421741287	1429748268
3630909730	1429748268
5186899037	1429748286
3313035560	1429748292
1835579111	1429748300
1700987133	1429748305
2826659710	1429748305
1790932061	1429748308
2679496433	1429748312
3087433233	1429748313
3297053085	1429748316
3266181444	1429748324
5361661510	1429748349
3193608450	1429748351
3526814092	1429748354
1751487772	1429748354
3567398891	1429748358
5102692431	1429748375
2112327853	1429748385
5199936770	1429748406
2187600713	1429748435
5125327160	1429748489
2572701915	1429748546
5209986212	1429748551
1777786783	1429748577
2948546091	1429748589
1661570360	1429748603
2365990115	1429748604
2189406745	1429748628
1942900363	1429748639
5506094265	1429748670
2873856053	1429748682
3840323836	1429748689
1929792021	1429748693
5111537843	1429748700
2698502161	1429748717
2917614733	1429748718
1880310312	1429748733
3276125371	1429748739
3196935104	1429748777
3856724827	1429748786
2872612427	1429748832
5465992370	1429748843
2977919391	1429748892
2930044552	1429748936
5126972653	1429748939
2676945433	1429748977
1035825664	1429749016
5055510832	1429749031
5393185130	1429749031
3123410581	1429749036
5425115993	1429749055
3292533972	1429749058
2583961892	1429749070
3186076723	1429749075
5343646581	1429749092
2681589375	1429749104
5245477311	1429749114
5126558723	1429749172
1447639051	1429749214
1819463951	1429749215
5120284013	1429749232
1734105995	1429749234
2448362410	1429749264
3218902570	1429749273
2938187311	1429749311
1253288920	1429749321
3045972451	1429749324
2230667361	1429749337
2728048935	1429749361
2119322560	1429749371
3599152934	1429749386
2391146947	1429749387
2537087790	1429749450
1890413853	1429749482
1093061605	1429749503
1401716997	1429749537
2806073904	1429749560
3597636632	1429749568
1780546067	1429749569
3640213435	1429749607
5241034922	1429749610
2768935981	1429749633
3203100625	1429749646
3319054834	1429749656
3936755805	1429749682
2853002834	1429749686
1924911313	1429749694
2486421543	1429749713
2738446985	1429749735
1276789105	1429749765
1223716413	1429749771
1707604920	1429749777
1840532701	1429749803
5370343481	1429749819
5385510792	1429749842
3024387102	1429749864
5031846403	1429749889
2882589100	1429749933
5100363062	1429749939
2922359602	1429749962
3976351292	1429750001
1765268964	1429750120
2948485357	1429750199
5327731476	1429750214
5472381543	1429750242
1637188772	1429750262
2396072467	1429750367
3708275553	1429750392
1689314564	1429750411
3754841672	1429750451
2929004517	1429750480
5049475728	1429750609
3860052944	1429750620
2797070163	1429750620
1224568070	1429750638
3771693777	1429750644
3747828624	1429750673
1988752315	1429750698
2101544963	1429750716
5289593713	1429750724
3029457497	1429750778
1847748995	1429750803
1964239970	1429750941
5086595624	1429750946
1907559237	1429750991
3251939167	1429750991
2466381247	1429751013
5584412990	1429751018
3065235001	1429751039
5099127496	1429751040
1286419162	1429751046
1973967044	1429751100
5024884616	1429751108
1528236467	1429751138
2012441614	1429751171
2620261165	1429751191
3896332501	1429751218
5151101560	1429751225
3279808882	1429751390
1895659151	1429751457
2627792595	1429751573
5155343056	1429751619
3391187114	1429751656
3180821320	1429751673
3391187114	1429751758
1820773654	1429751860
2994131983	1429751933
5151269077	1429751940
3994019211	1429751966
3391187114	1429752081
5343447542	1429752232
2230262005	1429752270
1489517031	1429752391
5380188413	1429752648
5388877903	1429752697
5414772556	1429752706
1986769725	1429752845
5033317457	1429752859
5294892690	1429752932
2167017260	1429753087
5574384093	1429753514
1402692380	1429753568
2034544691	1429753574
3109144673	1429753664
1657018335	1429753936
5513534037	1429754101
5306137025	1429754106
3934200878	1429754144
1686089505	1429754189
1988752355	1429754195
5515365831	1429754235
5067201254	1429754286
5514342617	1429754414
3109144673	1429754596
5077119107	1429754757
3855470431	1429755197
2981629320	1429755353
5510195224	1429755550
2304384093	1429755835
3199283825	1429755918
2805184891	1429756479
2466776750	1429756615
5312969485	1429757348
5270479447	1429757676
1343056561	1429757765
3949704240	1429758282
2760112583	1429758326
2879580340	1429758831
2695962653	1429759154
3132814723	1429759410
2034078760	1429759662
1783604293	1429760307
3753036170	1429760329
1691737295	1429760359
1677639262	1429760916
3900412327	1429761763
3092405943	1429762484
3793626293	1429762759
2615220087	1429762944
1953890221	1429763111
2824015923	1429763411
5189943811	1429763701
5296998055	1429764255
2698406131	1429765053
2814365483	1429765716
3547031985	1429766054
5494319886	1429767742
2033813523	1429767834
3288446905	1429768812
1016966627	1429768862
3723480110	1429769061
3916950626	1429771131
2760069285	1429775135
2969345911	1429776583
3160173720	1429776623
3160173720	1429776654
3930895161	1429777331
2805219282	1429778631
5076641205	1429780522
2793267875	1429780540
5457355779	1429781247
2214131817	1429781280
5076641205	1429782293
2560774591	1429783613
2738699130	1429788572
2041939053	1429793459
5126649180	1429794076
5161156554	1429833827
3019026155	1429837534
5334794583	1429853984
5475373403	1429873226
2553147317	1429880309
1015904392	1430022570
3976473267	1430884194
5400299686	1431346679
