1618051664	1429604009
1751698273	1429604030
1909299351	1429604042
1406411883	1429604049
1758767061	1429604053
1763002945	1429604063
1768360620	1429604065
1893607712	1429604066
1781380781	1429604071
1275822213	1429604072
2041627433	1429604076
2887702922	1429604081
1756487151	1429604089
2422070557	1429604091
2692970261	1429604094
5321748886	1429604096
1951049341	1429604101
1197081963	1429604107
2787352971	1429604118
1610196685	1429604119
1768146502	1429604126
2639255091	1429604128
2572160242	1429604128
5448285360	1429604130
2668403081	1429604130
2493177902	1429604132
2865435252	1429604136
2009451023	1429604138
3228544253	1429604139
1325331301	1429604147
1788673664	1429604154
1694533185	1429604155
2158155030	1429604172
1649024124	1429604177
2537431531	1429604180
2668463293	1429604182
1833676644	1429604185
3221959424	1429604186
1596869661	1429604189
1295453551	1429604194
3053803327	1429604198
1904164700	1429604200
1704568912	1429604204
5452702098	1429604206
2316913915	1429604218
1680225274	1429604220
1913791910	1429604221
5087684270	1429604225
5585480513	1429604226
2755134017	1429604227
1215213685	1429604229
5159707657	1429604232
2126314537	1429604233
1824605321	1429604233
2805934453	1429604235
1429354260	1429604242
1341192973	1429604244
1439153492	1429604245
2149125457	1429604257
1680945914	1429604258
1750152052	1429604261
1971491472	1429604265
1927799885	1429604266
1695897187	1429604268
2443637033	1429604280
1298285544	1429604281
1212501232	1429604290
1243969717	1429604304
2043663021	1429604309
1802306271	1429604311
1692719810	1429604313
1646304805	1429604327
1647891472	1429604327
1660377332	1429604330
5521064113	1429604332
1927931645	1429604336
1632162532	1429604339
5511839315	1429604341
1925381707	1429604347
1870374751	1429604359
1653471105	1429604367
2094939153	1429604372
3849465990	1429604378
1834257981	1429604379
1655714500	1429604380
2834911824	1429604381
2219733690	1429604383
3896534668	1429604394
2341803043	1429604398
1587467513	1429604398
3735616957	1429604409
1849730144	1429604413
1879350263	1429604418
1104534672	1429604424
1639366517	1429604426
1987626831	1429604432
1862183170	1429604434
1294642751	1429604444
2956007307	1429604446
1888839731	1429604447
1769840647	1429604448
3970314293	1429604450
1695897187	1429604462
1664881954	1429604476
1598864627	1429604497
1887997435	1429604509
1746844643	1429604509
1844491044	1429604526
1798916275	1429604539
1931127654	1429604544
1413426342	1429604546
2676611632	1429604549
2807208815	1429604555
5131203657	1429604556
1243063333	1429604568
2618875650	1429604573
2952949803	1429604581
5584143801	1429604586
2607607543	1429604591
1876149677	1429604596
1888703041	1429604600
1779876085	1429604610
2692404744	1429604610
1968484613	1429604610
1425994625	1429604611
2524417661	1429604625
1468637735	1429604636
3170980747	1429604668
3413188824	1429604672
1770596923	1429604673
1498578943	1429604674
1676563223	1429604677
1720326785	1429604693
1583129770	1429604697
3967677870	1429604700
1781863931	1429604703
1769549467	1429604710
1826462322	1429604721
2035624060	1429604723
1274418802	1429604723
1215161704	1429604725
1724123115	1429604730
1614970587	1429604742
2367571311	1429604754
1270448602	1429604756
1737011514	1429604760
3264791742	1429604761
1921322981	1429604770
2177657665	1429604778
2006203390	1429604782
1761611902	1429604785
3167346777	1429604794
1570728904	1429604796
1588796982	1429604799
5270442884	1429604802
1719781614	1429604810
1752391050	1429604830
1945757583	1429604844
2624850535	1429604847
1749684140	1429604847
2105210830	1429604852
1680945914	1429604853
2611437515	1429604892
3174763522	1429604897
1871855865	1429604907
2782686907	1429604910
1835728620	1429604922
1244257630	1429604931
3902004336	1429604973
1968771773	1429604973
1744753340	1429604975
1459703773	1429604977
1832341364	1429604977
1064222723	1429604980
1680945914	1429604981
1959792855	1429604983
1262632494	1429604984
2656893443	1429605010
1803919852	1429605012
1950911974	1429605015
3266783620	1429605019
2119850154	1429605034
1567230481	1429605052
1802618032	1429605060
1773101003	1429605067
1740891417	1429605084
2008025011	1429605085
2795072137	1429605086
2683637091	1429605089
1678747977	1429605118
2458090903	1429605120
5056094018	1429605121
1268865523	1429605144
1235277170	1429605165
5528287310	1429605238
2100766954	1429605245
1800956463	1429605248
3973344157	1429605253
1212640310	1429605253
1842405062	1429605260
2881345190	1429605285
1829494684	1429605290
1626714185	1429605295
2199602285	1429605297
2085913053	1429605328
2608765923	1429605330
1357389325	1429605382
1802618032	1429605421
2132836077	1429605423
1611376722	1429605452
2647171902	1429605463
2909797927	1429605476
5575847159	1429605478
1942389657	1429605504
1242720442	1429605530
2324742997	1429605530
2613507287	1429605587
1647500363	1429605587
3217907555	1429605623
5109962733	1429605641
5056094018	1429605650
1813085701	1429605654
2915644283	1429605668
2452418683	1429605675
2365508363	1429605707
1842545140	1429605722
3034177430	1429605725
1686538430	1429605746
5568860022	1429605784
3217374571	1429605790
1861297870	1429605799
3035020873	1429605801
2214173173	1429605807
1497685273	1429605827
2093554437	1429605850
3033878173	1429605851
1721345604	1429605894
2156011834	1429605898
2544223621	1429605932
1978339687	1429605932
2157730525	1429605938
1793865415	1429605955
1653728213	1429605963
5057777448	1429605971
2672687873	1429605981
1360798764	1429606015
2385317173	1429606027
1406790253	1429606034
1976934232	1429606037
1251721464	1429606049
3192217060	1429606056
2455856177	1429606059
1267142094	1429606069
1510485091	1429606076
1719119381	1429606082
1774584153	1429606083
1847032713	1429606113
2078409271	1429606114
2092914413	1429606114
5445723688	1429606144
5581493812	1429606145
1678368441	1429606184
5590513393	1429606212
1489181714	1429606220
3745489012	1429606224
3160509552	1429606266
1646668302	1429606287
1394697493	1429606296
1604804283	1429606301
1081389801	1429606308
1244238173	1429606391
2299783030	1429606453
1573773053	1429606468
1066129034	1429606537
3500511230	1429606556
2285438795	1429606561
2212937752	1429606623
2687820945	1429606629
2403151903	1429606651
2520500670	1429606706
1671000673	1429606790
1700840135	1429606903
3688847987	1429606913
1826786405	1429606935
2994485595	1429606958
2258422520	1429606978
3564307345	1429607015
2622986210	1429607025
3311952335	1429607025
2026406087	1429607053
2902264857	1429607074
2658102054	1429607118
1401667395	1429607127
1765632375	1429607224
1147144744	1429607271
2293485651	1429607274
3780732895	1429607284
1735065841	1429607285
2712072383	1429607294
2113468361	1429607314
1433424017	1429607329
3203981655	1429607343
3948223203	1429607365
1273734537	1429607398
2880093580	1429607434
3171527770	1429607459
2768809487	1429607493
5592289091	1429607497
1728871022	1429607544
3601002924	1429607598
5582253033	1429607613
1698948112	1429607681
1727700102	1429607708
3186182444	1429607712
3033582577	1429607769
1655315654	1429607833
1576811202	1429607923
2756950563	1429607923
1696949745	1429607941
1797019724	1429608090
1855613717	1429608101
1265868030	1429608159
2838300590	1429608173
5466354320	1429608184
1779296997	1429608306
1615702441	1429608389
1747066367	1429608400
3234275160	1429608412
2277387291	1429608413
81364318	1429608414
1915817531	1429608440
5551953900	1429608442
2736057935	1429608482
3694558917	1429608499
1747281657	1429608512
2062926875	1429608530
1694757613	1429608534
5586935331	1429608536
3796038	1429608546
1764000857	1429608571
5571668470	1429608583
2185120171	1429608623
1612474233	1429608631
2608412453	1429608659
1400921367	1429608674
1647312992	1429608675
5142773201	1429608709
5069379948	1429608713
1307961673	1429608736
1736393781	1429608740
1403866821	1429608754
1741898081	1429608764
3238766843	1429608772
1493609047	1429608784
1732767191	1429608794
3169339240	1429608828
2902645035	1429608833
1785295235	1429608848
2151937157	1429608849
5544661065	1429608875
1991897867	1429608877
2013447644	1429608886
2010175265	1429608889
1232444184	1429608893
1772325904	1429608925
3089756171	1429608950
2420343870	1429608952
1751950412	1429608986
2281980765	1429609041
2307198940	1429609068
3114901305	1429609072
3089614774	1429609095
2352470704	1429609107
2172866365	1429609125
1402846685	1429609128
3929195489	1429609128
1988383795	1429609149
1869181422	1429609185
5019957219	1429609188
1904414270	1429609191
2234711045	1429609233
3864232113	1429609292
1915128605	1429609299
1780118355	1429609323
2843498262	1429609330
2855208802	1429609340
1198520931	1429609349
1947422033	1429609354
1805246880	1429609363
2497347903	1429609369
2402401374	1429609380
2558879667	1429609471
5564011346	1429609472
2268359851	1429609477
1833148052	1429609497
1901829473	1429609505
2028372071	1429609516
2284420060	1429609535
5249076209	1429609549
2022513784	1429609558
1795410640	1429609600
1840606230	1429609602
1743971775	1429609606
1994831133	1429609636
3207734030	1429609640
1136697042	1429609649
3084239037	1429609665
3983070799	1429609701
1788259361	1429609732
3720078714	1429609732
1834991295	1429609773
3084239037	1429609788
1900451903	1429609800
1857984220	1429609837
1771472192	1429609843
1969030221	1429609855
2118939281	1429609868
1924876324	1429609885
3130352592	1429609887
2006285217	1429609950
1347841232	1429609966
3439723762	1429609967
1853179333	1429609991
5464137398	1429610017
3844983745	1429610055
1776364170	1429610074
1672066681	1429610112
2851585463	1429610138
1824206927	1429610154
2508139054	1429610179
2350332013	1429610183
5388769664	1429610184
1833574167	1429610219
2019802175	1429610244
5026414432	1429610254
2510415264	1429610265
1924373173	1429610269
2837460073	1429610293
1972957343	1429610294
1684369340	1429610306
2929535271	1429610314
3319632825	1429610318
1839985381	1429610346
1748789205	1429610365
1745414911	1429610379
5107538396	1429610382
2132501942	1429610389
2451993011	1429610391
1847386855	1429610393
2281099474	1429610398
3602961617	1429610403
2231954295	1429610417
1220646097	1429610419
3134287023	1429610434
1884885644	1429610441
5101486364	1429610456
5223208361	1429610464
1891000742	1429610471
3524308135	1429610489
1873810613	1429610533
5110337589	1429610534
5258579826	1429610576
1902107702	1429610646
2829204457	1429610649
3108483765	1429610668
1828275563	1429610702
2478353241	1429610730
1256957967	1429610743
1560048820	1429610749
3311295157	1429610752
3478747004	1429610759
1691932750	1429610782
2007748403	1429610796
3584079942	1429610813
3169198137	1429610816
1748331082	1429610854
3015100881	1429610857
1946081875	1429610868
1780962613	1429610901
5592039863	1429610923
2200302513	1429610976
2650819454	1429610980
1925152062	1429610991
5192120299	1429611027
1909938035	1429611029
3247131923	1429611035
1707205120	1429611038
2579223747	1429611059
1943243911	1429611088
1728275477	1429611095
2758425501	1429611133
1766422500	1429611141
2571915121	1429611157
2952739353	1429611158
1949612781	1429611176
1766083104	1429611176
5390054321	1429611196
2508139054	1429611212
1943400315	1429611219
1213296987	1429611231
1248490012	1429611234
5222063622	1429611253
1403000684	1429611261
3317536301	1429611292
1280699150	1429611292
1749590311	1429611299
1961887001	1429611328
5337553330	1429611336
1761927927	1429611371
2187837651	1429611376
5095433971	1429611380
2368857315	1429611387
1775778783	1429611395
5023103413	1429611418
2784160455	1429611463
1679869905	1429611487
3210020525	1429611511
2576697920	1429611515
5340985315	1429611520
1853896733	1429611521
2084181775	1429611527
1842886115	1429611563
2745505772	1429611568
1975184633	1429611571
2199265425	1429611596
2635494604	1429611599
1751698273	1429611602
2627375977	1429611604
1257348955	1429611628
1678399483	1429611632
5534501091	1429611639
1790151301	1429611648
1566065105	1429611655
1820813757	1429611666
1357398141	1429611693
2884551500	1429611709
5569421008	1429611726
1748642025	1429611765
3828801676	1429611767
1737266482	1429611769
2093882590	1429611776
1870605784	1429611809
3650622365	1429611820
1346031525	1429611865
1808770650	1429611901
1226518074	1429611908
5124405023	1429611913
3391769412	1429611927
1666155785	1429611938
1647780371	1429611960
1482449035	1429611989
2008502183	1429611990
2756321421	1429611992
2197431053	1429612003
3150762007	1429612008
2704852615	1429612022
2828789184	1429612025
1949347505	1429612064
3463760644	1429612077
1767864894	1429612116
1250406810	1429612125
5581412120	1429612190
1739316717	1429612272
2625565113	1429612279
2404125804	1429612380
1784164280	1429612430
3968005902	1429612444
1649712402	1429612513
3043908822	1429612528
5343106075	1429612564
2296421711	1429612574
1735571417	1429612632
1557886881	1429612669
1822467877	1429612701
5240217937	1429612873
5579084776	1429612929
2939681147	1429612952
3562561140	1429612953
1959743021	1429612966
1426824202	1429613159
1825177741	1429613278
3024331414	1429613307
1006742792	1429613367
2135055871	1429613401
2992913931	1429613422
2192185197	1429613492
1878123544	1429613505
2383192383	1429613507
3135265140	1429613517
2658303811	1429613533
1158590885	1429613626
1878123544	1429613637
1519047661	1429613722
2547664421	1429613725
1742671565	1429613798
3464077440	1429613854
1995877897	1429613950
1887009460	1429614007
1871190962	1429614193
2205171767	1429614308
1675604522	1429614363
1367970300	1429614380
3056383123	1429614445
1286002100	1429614629
5037471310	1429614748
2424116704	1429614788
1818710537	1429614812
1624433613	1429614842
2147449614	1429614885
5091688777	1429614897
1502160872	1429615201
1639870262	1429615358
2372195850	1429615424
2540903134	1429615428
1880178383	1429615510
2494415055	1429615618
5311391407	1429615727
2681082631	1429615791
2604853321	1429615798
1824826614	1429615828
2091973690	1429615897
5268023590	1429615999
1353903531	1429616066
1844329300	1429616209
5343944608	1429616267
3687282525	1429616331
1007832860	1429616332
2780458907	1429616377
5574383772	1429616569
1585785234	1429616723
1963386327	1429616835
3836817568	1429616843
5566962875	1429616867
2190689483	1429616875
2094926003	1429616958
1759722211	1429617162
1536172962	1429617176
1999457860	1429617425
2383976970	1429617471
1774544687	1429617582
3219868487	1429617630
1928992863	1429617654
2597314654	1429617858
3991243638	1429617887
1896528175	1429618050
5387224447	1429618261
5587430470	1429618389
2580686742	1429618863
1628050132	1429618896
5344772024	1429618909
2684946734	1429618932
1710460360	1429619017
1839818073	1429619053
1797019724	1429619082
1816148725	1429619107
2968313671	1429619123
1491478302	1429619259
1770557750	1429619301
1662957707	1429619369
1686583747	1429619371
1648418037	1429619436
1261293162	1429619442
2998536273	1429619682
1662957707	1429619701
2403548902	1429619833
3828635898	1429619987
3919797822	1429620495
1957738205	1429620515
3288122117	1429620707
5050894089	1429621034
2321255175	1429621109
1855149905	1429621113
2144471800	1429621114
2420064193	1429621152
1774861664	1429621212
2682600803	1429621418
1682833131	1429621582
1730957361	1429621662
1747197963	1429621738
1822229221	1429621813
2014910891	1429621952
1632389773	1429621970
1586119940	1429622230
1739967160	1429622265
1793057765	1429622428
5292440613	1429622445
1955514040	1429622808
1828057781	1429622848
1817773293	1429622881
3934747505	1429622945
2421924422	1429623064
2216055405	1429623069
1802362850	1429623220
1945774175	1429623372
1679924670	1429623481
3577642752	1429623627
2012238450	1429623745
5200435017	1429623783
5259657365	1429624001
1909196993	1429624006
1904221625	1429624109
2100500145	1429624164
1897342034	1429624251
3926452918	1429624405
1910623397	1429624630
5523431303	1429624650
5590115998	1429624906
5590465728	1429624916
5590116703	1429624929
5590135729	1429624962
1887736415	1429625303
2348324257	1429625365
1791469997	1429625540
2320696783	1429625540
2759766423	1429625639
1662069760	1429625656
1351040310	1429625756
2882040584	1429625772
5590485956	1429625861
5590136109	1429625864
5589850411	1429625871
5589850541	1429625874
2082902905	1429625922
2637147864	1429625990
1453927603	1429626013
1881536737	1429626028
5589850541	1429626038
2257927047	1429626039
5589850716	1429626042
5590486916	1429626055
5589851427	1429626059
3109843407	1429626075
2098478824	1429626152
5590487684	1429626164
5590488260	1429626179
1560947167	1429626205
3540818913	1429626218
5589852436	1429626249
5590138431	1429626252
5590490455	1429626259
5590140279	1429626341
5589854485	1429626345
5590824887	1429626348
5590825141	1429626350
5589855001	1429626354
2146034962	1429626377
1729104614	1429626429
5510756178	1429626636
1846185297	1429627080
1786797063	1429627268
2023065112	1429627354
5376712964	1429627379
1786797063	1429627420
1742039941	1429627431
1742039941	1429627507
1786797063	1429627557
1786797063	1429627645
1647476420	1429627796
2959472163	1429627846
1648481087	1429627851
3511358312	1429627913
1786797063	1429627951
1786633847	1429628010
1786797063	1429628015
5564486651	1429628025
1273190051	1429628043
1786797063	1429628080
2249386834	1429628501
1973783947	1429628734
5087973374	1429628744
1726617572	1429628771
2637371724	1429629195
2003197747	1429629241
1879833330	1429629244
2166789884	1429629371
1919422770	1429629577
2024096875	1429629581
3800209409	1429629736
1700842104	1429630097
1217617287	1429630435
3359051180	1429630454
3233576230	1429630800
1805523197	1429631154
1231511944	1429631452
1881536737	1429631526
2816685153	1429631654
1812673381	1429631665
5348587079	1429632633
2606833591	1429632714
2295893510	1429632889
3188985502	1429633329
1864612494	1429633658
2169250725	1429633689
2648758592	1429633725
5091197207	1429633882
2584517604	1429633905
1272968863	1429634078
3947856744	1429634106
2990042032	1429634726
2263662900	1429634858
2446416390	1429635967
3199180341	1429636088
3199180341	1429636104
1646744577	1429638186
1780836044	1429639707
3161226167	1429640902
1707717184	1429641137
1424195670	1429644764
1710903002	1429650921
2422945987	1429653605
2851512124	1429654586
1936051834	1429655029
3042827317	1429656806
5116841872	1429656876
2915644283	1429657864
5585442626	1429659239
3526814092	1429659846
1862535502	1429660444
5513975325	1429660541
1251842443	1429660728
1408814011	1429661422
2295189347	1429662146
1610459790	1429662645
5409525295	1429662731
5186488220	1429662738
1707026764	1429663110
3224490815	1429663114
1858644711	1429663510
3544141692	1429663746
1821713823	1429664267
1826171055	1429664469
5560047685	1429664543
1435104730	1429664699
1684555931	1429664713
1738823711	1429664833
1168415424	1429666000
2060729037	1429666203
2436393605	1429667013
2745153261	1429667272
1955075731	1429667368
2309439764	1429667457
2552157217	1429667832
2069747887	1429667969
1742221271	1429668041
1783415424	1429668338
1591346071	1429668555
1130265485	1429668860
2041650022	1429668908
5307281618	1429669026
2642773371	1429669131
2024885904	1429670318
1733366170	1429670645
1946245845	1429670672
1892388660	1429670818
1654305151	1429671507
1791355073	1429671897
2153804884	1429671902
1847095975	1429672143
2689321011	1429672323
2706715941	1429672332
2041521777	1429673414
5423435377	1429673702
5249472520	1429674017
1827313122	1429674018
1773861023	1429674277
1650872974	1429674587
1728746660	1429674696
1808461677	1429675086
5376400404	1429675774
1745248264	1429675832
1252255054	1429675948
2677350503	1429676045
5494034963	1429676140
5070165415	1429676545
3729166320	1429677269
3887283178	1429677502
1353202570	1429677546
2886583214	1429677799
2409623952	1429677928
5497165906	1429678910
5301441058	1429678971
2137224991	1429679071
3754441337	1429679273
3874609366	1429680106
3874609366	1429680174
2709974052	1429680671
1366562672	1429680832
3262033392	1429681106
1756491765	1429681246
1801181147	1429681299
2620476642	1429681423
2291545605	1429681475
1710465594	1429681987
1696808247	1429682120
1800048473	1429682510
2432510583	1429682711
1934531467	1429683006
5515294302	1429683283
2334270682	1429683589
2093681784	1429683661
1907200053	1429684826
1331967472	1429685538
3781874513	1429687916
1785920287	1429689368
3202965433	1429689432
3193920672	1429689555
1889056854	1429689974
1269403937	1429690831
2470500395	1429690988
2175769247	1429691407
5518592094	1429691901
2790958141	1429692126
2854498714	1429693227
1147206620	1429693731
3946703552	1429693859
3169296655	1429694149
5368475438	1429694217
1928825233	1429700037
1269403937	1429704227
1269403937	1429704695
2436400582	1429708444
3198147410	1429713052
1800004202	1429713191
2725007085	1429717827
1454211210	1429749327
1711631713	1429756240
1832144825	1429763486
2034511077	1429765716
2610859941	1429766813
5573299036	1429852114
1312683317	1429864364
1693412753	1429882033
3095332313	1429921982
3592332835	1429937087
2283387464	1429938888
1201123261	1430828981
2250149320	1434741152
1774747777	1434990103
2250857130	1435251901
1052036247	1436770298
3756226251	1438569976
3846246481	1438573610
5318951361	1438579594
5120481221	1438582004
1147206620	1438674414
1812807340	1441092517
