1784473157	1429506533
2815001083	1429506561
1915121144	1429506575
1678235303	1429506579
2101919793	1429506591
2574374407	1429506595
2419761613	1429506597
5590458411	1429506600
1916331821	1429506604
5400980329	1429506605
1847353364	1429506613
5457757204	1429506613
5520131291	1429506644
1774763822	1429506652
1443733555	1429506656
1936025700	1429506659
1081837913	1429506660
3185638477	1429506670
1819551902	1429506678
3035059431	1429506686
1169375851	1429506695
3843423364	1429506702
2160144527	1429506704
2375714732	1429506707
2460463553	1429506717
2445463251	1429506725
5563703091	1429506727
2459785300	1429506735
1758100843	1429506737
1832347423	1429506742
1708288833	1429506747
2325921250	1429506753
1880260131	1429506758
2958312784	1429506761
3486016064	1429506773
1299332242	1429506788
5577555710	1429506789
5576401728	1429506795
3625775987	1429506799
1793136260	1429506807
2675080601	1429506810
2770675194	1429506812
3048972091	1429506812
5570383857	1429506823
2700669960	1429506824
2053688003	1429506825
2366778251	1429506832
5427489238	1429506845
3235162964	1429506851
3983148887	1429506853
2394995847	1429506854
2545205192	1429506860
5245142920	1429506864
2112374061	1429506867
2940988991	1429506874
1711855250	1429506874
2936010533	1429506875
3983148887	1429506877
3740480482	1429506886
3630338834	1429506891
2063811020	1429506907
1659958301	1429506909
1280742007	1429506922
3382347242	1429506935
1984895831	1429506944
5525620048	1429506954
2945863361	1429506975
3603473380	1429506980
2409357171	1429506986
2991213730	1429506989
1685336151	1429507001
1982191661	1429507004
5257771816	1429507006
1823589217	1429507019
5584140755	1429507026
1932280070	1429507028
1846008291	1429507035
1936421730	1429507035
1937008643	1429507040
2087075891	1429507057
2703728200	1429507069
1779396344	1429507073
1344311791	1429507098
2013414011	1429507100
5504041272	1429507116
2122820817	1429507116
2012282832	1429507123
5478762538	1429507126
2977882477	1429507133
2008739975	1429507146
2901285437	1429507148
2417919137	1429507160
2615178751	1429507168
2372863115	1429507197
2483662541	1429507198
5058862843	1429507202
1789283137	1429507202
5590512332	1429507210
1632157927	1429507215
1068735091	1429507227
5585613877	1429507244
2197789934	1429507250
5523232099	1429507264
3867009725	1429507265
2646737993	1429507270
1794065154	1429507298
2264856950	1429507299
5377571606	1429507300
2923942054	1429507326
1998205183	1429507326
2536621605	1429507341
2669779750	1429507389
1750973647	1429507408
2435629247	1429507411
3306070201	1429507412
3217009983	1429507412
5591543992	1429507413
3294400805	1429507413
1764944073	1429507430
3888366126	1429507449
2688202335	1429507453
2218162025	1429507461
2479124543	1429507467
3932828056	1429507469
2774269763	1429507477
5373604227	1429507498
1431342397	1429507505
1750636884	1429507510
5307242992	1429507587
2662353075	1429507590
2018068901	1429507612
2238107682	1429507613
2695572113	1429507620
1647367980	1429507655
2684731880	1429507728
5284841534	1429507749
3126464613	1429507777
3883354407	1429507787
2992138027	1429507790
5521688696	1429507826
2386124634	1429507827
5493505864	1429507838
1622244521	1429507844
2815742804	1429507871
3181329133	1429507894
5195448385	1429507907
2449428042	1429507919
1308967150	1429507927
2012551112	1429507950
5494434103	1429507961
5543070232	1429507969
5373349630	1429508004
1737635317	1429508026
2802554470	1429508028
2720358321	1429508046
2494811720	1429508122
1691594181	1429508141
5558284758	1429508141
5515191222	1429508152
2011884777	1429508155
3217206211	1429508177
2023312523	1429508189
2516839112	1429508204
1830138763	1429508218
1309576034	1429508222
2668120357	1429508279
1420814915	1429508289
2394573653	1429508291
5505623794	1429508293
3710367734	1429508321
2548075812	1429508350
1173344303	1429508355
5562206017	1429508375
1929868324	1429508391
1593121110	1429508403
3487498457	1429508425
5580803460	1429508457
1791227181	1429508468
2832056087	1429508504
3976441307	1429508634
5328922726	1429508635
3886977757	1429508643
5589588635	1429508656
1526424017	1429508688
5585743394	1429508690
5203021809	1429508708
5391030798	1429508820
2113906314	1429508850
5548983476	1429508909
3168876934	1429508931
1798688281	1429508963
3635478312	1429508973
3086612434	1429508980
5066055540	1429509004
2180607494	1429509033
5200210543	1429509034
3016362887	1429509037
2884194673	1429509038
2112771612	1429509077
2086559685	1429509132
2761610804	1429509136
3908984600	1429509185
5315122415	1429509237
3307782145	1429509255
3009101941	1429509265
3735085190	1429509276
3315429422	1429509280
1857354782	1429509317
1862523430	1429509341
2014216955	1429509368
5331548173	1429509510
1636991983	1429509565
5020121755	1429509615
5590226738	1429509688
3087912170	1429509715
2630085793	1429509723
2684883167	1429509730
1865451967	1429509817
5581435406	1429509889
5564328475	1429509929
2644691251	1429509937
2280216847	1429509959
2397197061	1429509971
3005409015	1429510004
5581168363	1429510007
5535343235	1429510058
3629439392	1429510066
5582162548	1429510071
1969856371	1429510143
3299989214	1429510147
1871976027	1429510200
2987648422	1429510313
3444316040	1429510350
3285483221	1429510383
2192917822	1429510432
3178621275	1429510462
1842037781	1429510488
2059800275	1429510503
3986448828	1429510557
5544527265	1429510631
5529884703	1429510667
2418959447	1429510668
1850506615	1429510745
1864926897	1429510903
3852067123	1429510920
2212322681	1429511004
5321285019	1429511109
1769891524	1429511156
1937628900	1429511195
1961298505	1429511227
1765072327	1429511252
2244301174	1429511253
2351819551	1429511258
3556205980	1429511272
5219077307	1429511287
2526043285	1429511304
5359623106	1429511319
1887026583	1429511329
3010352233	1429511344
2080597581	1429511366
2738284973	1429511386
3992075422	1429511390
2296565451	1429511397
5107588944	1429511397
5582868207	1429511416
2802590340	1429511446
3728919563	1429511486
1819689255	1429511500
1045988245	1429511521
2057100753	1429511536
2085974363	1429511584
3991746349	1429511599
2613044315	1429511614
3161832982	1429511635
5405659956	1429511636
3151083944	1429511643
5544737920	1429511643
2268168255	1429511701
1880946092	1429511729
2728190265	1429511729
1792868187	1429511731
1180305050	1429511772
2498787761	1429511793
2192695952	1429511830
1745215351	1429511837
3267045622	1429511864
2162784287	1429511903
2630609494	1429511916
3990014803	1429511920
3128114767	1429511938
1906580445	1429511939
1360723112	1429511941
3815979331	1429511980
2994896681	1429511982
3305770455	1429511998
3960084188	1429512000
3200268772	1429512011
1708043184	1429512023
1928642611	1429512045
2506684863	1429512052
5134324322	1429512099
5085615725	1429512119
5036044083	1429512150
2079738697	1429512151
2364339305	1429512158
5345731058	1429512170
3963805823	1429512243
2517273980	1429512247
2859839054	1429512256
2324750311	1429512270
1773787417	1429512290
1297598553	1429512299
2712441725	1429512316
1930007681	1429512340
5197205683	1429512345
1823850095	1429512361
1400632130	1429512374
5101980629	1429512383
1851604971	1429512426
2144558725	1429512428
2756951543	1429512435
2306611047	1429512443
2098565730	1429512450
3050385231	1429512460
3061687053	1429512474
2949941714	1429512486
3147797375	1429512496
1679414002	1429512496
3283993763	1429512508
5076877699	1429512532
3911352156	1429512571
2421804623	1429512617
3962317354	1429512620
3457312992	1429512620
2491450620	1429512630
1790357147	1429512668
1892242540	1429512674
2648866080	1429512676
1633263312	1429512688
1771317285	1429512748
2609095847	1429512773
3978415272	1429512780
1900480437	1429512783
1132949391	1429512784
3935082690	1429512822
5558724869	1429512826
2565779131	1429512835
1886189862	1429512838
3185937600	1429512865
3291634204	1429512889
2909582927	1429512912
2634751213	1429512918
3815926331	1429512940
5418509502	1429512944
3022965301	1429512952
1677430393	1429512956
1990606524	1429512960
3882993126	1429512962
1856738060	1429512976
5364780574	1429512992
2818282100	1429513002
5590651718	1429513021
2690635383	1429513032
3285775861	1429513034
3930237318	1429513066
2860832714	1429513066
2736264513	1429513083
5143644829	1429513087
2734485183	1429513089
5179362020	1429513112
5558339784	1429513173
5135176379	1429513175
3912357491	1429513184
2644607855	1429513192
1013370614	1429513223
1752043712	1429513261
3900009322	1429513270
5530828296	1429513271
2930487845	1429513281
3228950964	1429513297
3672592247	1429513352
3299735857	1429513362
2653903122	1429513371
1274791614	1429513386
2266199822	1429513415
1914696937	1429513419
2206544685	1429513422
5329462524	1429513427
1675110980	1429513429
1871757281	1429513432
2871624847	1429513448
5479122507	1429513469
3798114432	1429513469
5405162825	1429513474
5274882716	1429513502
5506129952	1429513537
1817719052	1429513586
3494648901	1429513593
2388561085	1429513617
2199001022	1429513618
3146406920	1429513619
2092363471	1429513656
3894438177	1429513658
5564249030	1429513664
5292994242	1429513689
2511557723	1429513695
1763384124	1429513708
1646635525	1429513711
1079792491	1429513713
2993655781	1429513743
3978240267	1429513758
2183042537	1429513810
3271965941	1429513842
5335247966	1429513846
2364487242	1429513871
2248447312	1429513895
2663247295	1429513903
5427797659	1429513942
3828762684	1429513959
2358893984	1429513974
2104269063	1429513976
1928857945	1429513981
2665808543	1429514022
2370174160	1429514037
2164997845	1429514076
2665808543	1429514142
2956025665	1429514142
3039379300	1429514143
1737779712	1429514149
3771693777	1429514152
2261964283	1429514160
1798983245	1429514178
1772960633	1429514181
1008989611	1429514192
1757294551	1429514206
2612319351	1429514206
2670298214	1429514207
3123344595	1429514218
2236170302	1429514242
1772722892	1429514248
1975288930	1429514256
2619508961	1429514275
3485066921	1429514300
2945760481	1429514306
1800385714	1429514317
2852962905	1429514317
2083212097	1429514324
2949446421	1429514332
5112742957	1429514367
2644979850	1429514398
3001132874	1429514408
2926534293	1429514418
3024615727	1429514428
3170492220	1429514436
1772249351	1429514449
2155041514	1429514470
1895003783	1429514474
1574117611	1429514485
1643388581	1429514492
1763937473	1429514493
1957873942	1429514498
2026658310	1429514519
5245308567	1429514555
2091881637	1429514558
3939598111	1429514568
2239505223	1429514596
2807912370	1429514604
5154722017	1429514620
3137133613	1429514630
5391930566	1429514633
5046064783	1429514633
5377630191	1429514664
5474209696	1429514665
3070425503	1429514687
2931043521	1429514707
3178041695	1429514741
2983375212	1429514747
2704938584	1429514776
1834829582	1429514784
1735044404	1429514845
2637379427	1429514846
5114248222	1429514857
1043020102	1429514900
1917863733	1429514963
2572944655	1429515051
2521397584	1429515090
5394088329	1429515231
3079770663	1429515240
2956969445	1429515250
5527981123	1429515664
2687053077	1429515669
1854918521	1429515783
2275608574	1429515969
3197802560	1429515975
1880849540	1429516124
2858678582	1429516537
3367464012	1429516783
5266868482	1429516796
2743893052	1429516905
3031185983	1429517014
2727628510	1429517055
2209310020	1429517092
2992548640	1429517105
2256122062	1429517208
1283035421	1429517393
3912711081	1429517487
3303621895	1429517943
2717667292	1429517961
1053385010	1429518132
1666175854	1429518236
2680229587	1429518264
2016865813	1429518350
5573218577	1429518784
2158055077	1429518804
3481502450	1429519313
3868791869	1429519346
211834031	1429519600
5434017581	1429519995
2993871180	1429520305
2583124752	1429520342
5565362314	1429520561
3815889861	1429520730
5529884703	1429520898
2530084450	1429520975
3268931137	1429521570
2526252652	1429521747
5288987101	1429522175
1617246207	1429522872
2810268182	1429523288
2266263494	1429524401
2414034274	1429525007
1862765260	1429525883
3148234804	1429525922
2005357970	1429526221
2548651864	1429526919
5541849458	1429528583
3016227483	1429528987
5587459892	1429529620
2298164177	1429529834
2859962492	1429530023
3026144382	1429530184
1558297720	1429531149
1885646557	1429531660
1377052214	1429531866
1748933655	1429531923
3816846517	1429533487
1901844595	1429533587
5140815991	1429533706
5332088706	1429534017
5389765589	1429534190
3096809431	1429534970
2130820974	1429535064
3148035543	1429535343
5278454671	1429535588
5260750597	1429535903
5578040286	1429536310
5015029889	1429536311
1146852387	1429536514
5342275393	1429537245
5184426473	1429537411
5248232701	1429537647
5345731058	1429537658
5412367240	1429538559
2773932887	1429538729
1872260802	1429538812
3918711023	1429538912
2809275313	1429539112
5584167925	1429539311
5579550427	1429540062
2374372020	1429540387
3189166203	1429542364
1910825103	1429543073
1003613182	1429543767
3191571853	1429543990
2685697981	1429545720
2438186012	1429545815
5199785797	1429573310
2880093580	1429575308
2754507563	1429576526
1785357102	1429577813
3714320144	1429583190
1135935450	1429584123
1953515881	1429589050
1798657682	1429589791
1883598585	1429595193
2834553014	1429611867
5576405347	1429612338
5364962717	1429659753
2327066987	1429698070
3942496696	1429715037
1726044607	1429750492
1143511090	1429882577
1834667380	1429882883
5306598484	1430534864
2248399750	1430898841
5449823840	1431799607
5243651358	1432713657
3464262814	1433767341
2562657192	1440321596
2583593951	1442123288
