2656274875	1429514487
2251059650	1429514511
1784613055	1429514519
5520095378	1429514523
1674161527	1429514525
2740773455	1429514529
3567556862	1429514536
1677277880	1429514542
2609545883	1429514555
2423970217	1429514558
2605667790	1429514572
2868053900	1429514577
5078081210	1429514581
5188652184	1429514584
2454952824	1429514587
3707975312	1429514591
5013258740	1429514591
1843168605	1429514595
5013258740	1429514596
5562702509	1429514597
1725892681	1429514598
2574780620	1429514602
1893731625	1429514602
2688256287	1429514608
2164643753	1429514609
5013258740	1429514610
1411074910	1429514615
5013258740	1429514617
1241794441	1429514618
5013258740	1429514622
3841199679	1429514625
5013258740	1429514627
1796088513	1429514631
5013258740	1429514632
3166153302	1429514635
5013258740	1429514637
5047639814	1429514640
3166043084	1429514641
3182837232	1429514641
5013258740	1429514642
2739431021	1429514644
5013258740	1429514646
1898665831	1429514649
5013258740	1429514651
2129452154	1429514656
5013258740	1429514657
5013258740	1429514661
2160958247	1429514664
1786692965	1429514666
5013258740	1429514666
5058789768	1429514670
5013258740	1429514672
1918484174	1429514677
1786972075	1429514691
2738562101	1429514700
5514064101	1429514701
1405202922	1429514704
2168610670	1429514707
3093845515	1429514714
1658270203	1429514721
2105678922	1429514729
2892618525	1429514735
1651430985	1429514742
5148994366	1429514755
1865968440	1429514757
3211489582	1429514759
1833369327	1429514761
1798654983	1429514764
1812592400	1429514772
3330003632	1429514776
1097414737	1429514784
2245394492	1429514789
2169487800	1429514789
3948821368	1429514794
2235477575	1429514800
1885404811	1429514806
5051588310	1429514807
5117480221	1429514808
1745845601	1429514813
5121294794	1429514821
2272929380	1429514830
2242724934	1429514835
3540177894	1429514835
3935032901	1429514838
1856662225	1429514882
1266497212	1429514894
1266497212	1429514897
1267092340	1429514897
2549457234	1429514900
3268218215	1429514908
1808626220	1429514916
1879995955	1429514917
1772134871	1429514917
5285919524	1429514917
2289514507	1429514918
2814841855	1429514931
2918047711	1429514933
3067948535	1429514940
2778560215	1429514963
2637494741	1429514969
3875357267	1429515005
3232965455	1429515022
3697263790	1429515028
2839546071	1429515028
3146631314	1429515030
1806860015	1429515035
5177571096	1429515050
5177571096	1429515055
3149780460	1429515057
1661944641	1429515057
3777660290	1429515076
5505352683	1429515136
3494843642	1429515140
2577005693	1429515141
3608313005	1429515151
1748036633	1429515151
2606940591	1429515162
5508446302	1429515170
5563195399	1429515191
1412182092	1429515261
1745680163	1429515278
5454492731	1429515286
5052713909	1429515298
1773727207	1429515300
2404687231	1429515312
1903529083	1429515327
5376647630	1429515342
5573183101	1429515357
1736204084	1429515382
5078634126	1429515386
5035715962	1429515417
1751665251	1429515449
5299364302	1429515469
5296955007	1429515496
2118867974	1429515506
1634160113	1429515511
2469684087	1429515519
1769962727	1429515532
3213576712	1429515543
2089991132	1429515544
3967359359	1429515549
1281148562	1429515579
1704154510	1429515614
2594212682	1429515623
2101135747	1429515629
2091230153	1429515662
3512497630	1429515663
1977125857	1429515682
5584796481	1429515703
5013258740	1429515721
3171722581	1429515735
3406270870	1429515742
5099408080	1429515764
3892110013	1429515780
3127430145	1429515791
3087091041	1429515811
2376543901	1429515829
1722212991	1429515851
3022877487	1429515854
5425014007	1429515864
1676485003	1429515886
5369502580	1429515908
2236301167	1429515912
1235550643	1429515958
2314989297	1429515991
2517845667	1429516010
3912286189	1429516013
2816996420	1429516015
2417896803	1429516052
1157883037	1429516084
5188714625	1429516169
2281843112	1429516179
3172707654	1429516197
3019041675	1429516199
2504766484	1429516204
2184532797	1429516305
5213076214	1429516366
3442905280	1429516385
3900066461	1429516398
5341640183	1429516404
2351450501	1429516411
3710250490	1429516448
3710250490	1429516460
1948228143	1429516484
2039481027	1429516511
1883191000	1429516532
2143181613	1429516551
1685707445	1429516553
3802545959	1429516567
2293485651	1429516585
2625975977	1429516587
2079676825	1429516610
1773440064	1429516628
2753526311	1429516637
1726994483	1429516683
1887867762	1429516713
3918147692	1429516718
1887867762	1429516719
1365797913	1429516767
2633945833	1429516771
3266182295	1429516776
2399576951	1429516848
3894623308	1429516859
2150650227	1429516922
2716686093	1429516928
3963923819	1429516943
2133277744	1429517020
1913716341	1429517060
2681476975	1429517073
5402655077	1429517109
3197365152	1429517116
1637188772	1429517151
3234522115	1429517180
1241186675	1429517237
2414113212	1429517265
3442905280	1429517287
5062406983	1429517289
5013621785	1429517303
5013621785	1429517310
2347960480	1429517370
5026468172	1429517438
2098332000	1429517450
3775136561	1429517563
5000719470	1429517601
3351665394	1429517616
1977125857	1429517709
1977125857	1429517713
5271485718	1429517715
2463762271	1429517722
2389183695	1429517724
5325358233	1429517755
1705015373	1429517797
5340175528	1429517828
5566720840	1429517895
2901291205	1429517899
1074357350	1429518020
2378097381	1429518120
2237988081	1429518125
3963537345	1429518151
2060292977	1429518185
2991079677	1429518202
2549844344	1429518237
2991713254	1429518271
1337143800	1429518275
3627132562	1429518299
1864167890	1429518343
3983801845	1429518349
2675190587	1429518364
3224702887	1429518390
2676385460	1429518411
1651901781	1429518470
1752148194	1429518476
2794174244	1429518576
5411862358	1429518616
2257567644	1429518633
5355693944	1429518676
5517015991	1429518698
3639957501	1429518721
1745215351	1429518725
1827047872	1429518803
5035970400	1429518839
5363665654	1429518977
3665307145	1429518999
3955175889	1429519031
2411086231	1429519054
3169301984	1429519077
2387132635	1429519079
1442910291	1429519122
2038874453	1429519141
2860828180	1429519183
2991553261	1429519202
2292361272	1429519217
2375010894	1429519253
1574517485	1429519279
5530167783	1429519426
3578951240	1429519542
1759106641	1429519571
2681194007	1429519660
2857917432	1429519669
2434936533	1429519677
5338611740	1429519695
3232431204	1429519827
3796765224	1429519865
1009236410	1429519910
5099001115	1429519988
3179288404	1429520015
2120477892	1429520154
1959087485	1429520175
5103596890	1429520237
2174544023	1429520256
2272573713	1429520263
1789828343	1429520328
1052793173	1429520344
3968528525	1429520364
2034078760	1429520371
5213655305	1429520521
3592542352	1429520579
3963447506	1429520624
5016320227	1429520653
2091273435	1429520671
1764864303	1429520672
5242732474	1429520691
5153444398	1429520723
5047582060	1429520738
5530164471	1429520759
1994543927	1429520843
5179800265	1429520855
5164513059	1429520879
5460504462	1429520894
1003930604	1429520905
2466443407	1429521104
2584806302	1429521106
2311271183	1429521115
1846936381	1429521188
3579368214	1429521232
1744047634	1429521303
2769649267	1429521360
2232625672	1429521407
5113237447	1429521421
3794279997	1429521518
1101378302	1429521546
3206961234	1429521582
3137576407	1429521596
5025810914	1429521631
1581771651	1429521634
5572839831	1429521646
3045962237	1429521756
2431864830	1429521761
5310437853	1429521820
3041640263	1429521835
3904393009	1429521882
2848392584	1429521988
2618069235	1429522031
2840408871	1429522118
5044029348	1429522175
3299843767	1429522252
2871932442	1429522468
5473235716	1429522516
5408585373	1429522555
5203135764	1429522626
2466443407	1429522817
2392061085	1429522820
3820620691	1429522881
2668637611	1429523109
3648517403	1429523267
1039662584	1429523357
2322365105	1429523635
3167667911	1429523861
5500217697	1429524076
1217072970	1429524122
5305628033	1429524231
2531398411	1429524278
1902570860	1429524395
1996459061	1429524415
5230679401	1429524843
1830945733	1429525475
2679743992	1429525853
2516415040	1429526028
2819039807	1429526045
1569588525	1429526170
1076769440	1429526298
2138760303	1429526513
2411210541	1429526688
3651924971	1429526938
3865451142	1429526963
2163881173	1429526970
5444554413	1429527011
5095624032	1429527370
1825510347	1429527561
2818991373	1429527590
17852755	1429528150
17852755	1429528159
1634397330	1429528246
3531223564	1429528249
3531223564	1429528265
3126839361	1429528365
1354736523	1429528395
5343842897	1429528459
2839546071	1429528506
1141572080	1429528560
1963028723	1429528704
3187537151	1429529352
1303834011	1429529814
2368184595	1429529855
3702462440	1429529897
3275292844	1429530208
5493832963	1429530299
3275292844	1429530419
2254395371	1429530493
3964301908	1429530565
5077429971	1429530674
3188718237	1429530780
1970264391	1429531306
2657538537	1429531589
2537317663	1429531862
2537317663	1429531871
1865656195	1429532036
1933350907	1429532719
2995651300	1429532938
1513358994	1429532939
1300590410	1429533677
2193846251	1429533727
2740341830	1429534453
2740341830	1429534461
5191199804	1429534592
3558050482	1429534850
5487057024	1429535090
3991925078	1429535494
1723874733	1429535527
1918784905	1429536875
5482523808	1429537189
2198938321	1429538025
2739431021	1429538082
3299843767	1429538125
2278839354	1429538423
1775662825	1429538698
1361948977	1429538790
2900629905	1429539832
3244616700	1429540003
1286745687	1429540042
5373570173	1429540220
2258971704	1429541576
3891994848	1429543307
1380374923	1429566953
2849241311	1429568666
2849241311	1429568668
2994681455	1429574644
1883191000	1429574895
5061218841	1429578984
5331465237	1429579421
5329369127	1429579642
5329369127	1429579652
5218188621	1429579852
5218188621	1429579858
5340382890	1429580847
5340382890	1429580853
5338106561	1429581071
5338106561	1429581077
1946832710	1429581607
2259982495	1429583417
3866230855	1429586970
5172879557	1429591097
5414222498	1429601451
5392133940	1429602443
5113237447	1429607816
3803561811	1429608627
1833249020	1429614191
1039662584	1429623223
1581801401	1429625258
5113237447	1429655684
5113237447	1429655697
1883191000	1429658657
1863714141	1429686337
3779518497	1429747772
5616616953	1432546448
