1642512402	1429603238
2339394335	1429603285
3393577360	1429603327
2276449191	1429603328
5110710538	1429603353
1669015133	1429603386
5340244093	1429603441
5502324218	1429603453
2125784285	1429603496
5569282415	1429603500
2549048263	1429603503
2757939963	1429603519
2410099522	1429603531
5473273921	1429603571
1657446304	1429603577
3065435101	1429603589
2906797345	1429603595
2003698561	1429603597
1805335335	1429603604
1723040503	1429603641
2718530851	1429603692
1211441865	1429603730
2257060237	1429603751
3796971440	1429603752
1904127420	1429603755
5550394272	1429603768
3258907870	1429603790
1814591937	1429603796
2278424704	1429603827
1720125103	1429603828
1016100481	1429603832
2843584390	1429603850
3269891204	1429603863
2712801650	1429603911
2838199064	1429603920
2786364420	1429603950
5517521852	1429603990
5236424882	1429603992
3461224790	1429603993
2343842131	1429604030
1300203803	1429604076
2682328614	1429604096
2954309401	1429604124
1912162341	1429604159
5190269158	1429604160
3072725123	1429604189
1192033397	1429604219
2728500785	1429604295
1246343694	1429604297
3925983675	1429604328
1964868743	1429604408
2450430330	1429604414
2896899190	1429604425
5188908941	1429604437
5589804256	1429604452
5304921673	1429604469
3148734094	1429604547
1882036045	1429604585
5261861315	1429604595
5143545998	1429604599
5508446302	1429604609
1700011444	1429604612
1619817907	1429604627
5574396980	1429604692
1400002292	1429604701
1762593742	1429604755
2166102113	1429604767
2731044855	1429604771
1746237990	1429604847
2991695135	1429604848
3826605598	1429604876
2426472527	1429604947
3729947680	1429604981
1674063371	1429604989
1990907427	1429605030
1141308414	1429605124
1740551453	1429605286
1727803507	1429605331
1731066560	1429605373
2454914191	1429605467
2239827265	1429605470
2704143235	1429605511
1952195934	1429605590
1889076162	1429605689
2114561272	1429605870
2160145517	1429605881
2523556022	1429606005
1609376330	1429606095
5247571480	1429606133
5507933710	1429606364
1942732947	1429606469
3231671844	1429606612
3231671844	1429606672
3177125473	1429606720
5443826683	1429606792
2510829690	1429606878
1758743435	1429606887
3093845515	1429606894
2614267327	1429606896
1791394170	1429606902
5446645615	1429607040
1713909761	1429607226
2709402383	1429607339
3015433634	1429607741
5294594950	1429607839
3065358875	1429608095
1259963550	1429608154
2013265595	1429608189
1197295151	1429608410
2452354020	1429608440
1813212902	1429608469
1663671171	1429608474
1796728714	1429608664
3610965164	1429608855
2278527327	1429608898
1796817487	1429609312
1915559717	1429609330
2398008285	1429609341
1979964353	1429609449
5053709053	1429609512
2708502132	1429609609
1792968712	1429609621
2422641204	1429609646
3740003991	1429609681
5173394108	1429609900
1671941723	1429610019
2645251530	1429610042
2369965117	1429610047
3199260850	1429610123
2455866237	1429610261
2280452283	1429610461
3811056783	1429610494
5337332965	1429610620
2567706774	1429611038
2988635233	1429611063
1782676777	1429611173
3121330595	1429611393
3121330595	1429611438
2633253095	1429611489
5513387051	1429611728
1942008350	1429611796
2296989272	1429611883
5510251561	1429611937
2611292063	1429611950
2129935272	1429611979
2933493561	1429612299
5017374333	1429612928
1223035615	1429614157
2916720855	1429614436
3127446347	1429614687
2109887710	1429614880
5069817843	1429615269
5281294747	1429615854
2754503643	1429615864
5319702636	1429616040
5090295501	1429616216
5118433690	1429617261
5471635389	1429617452
1941055181	1429617511
5564458872	1429618321
2405610797	1429618787
2926621682	1429619387
3924218865	1429619528
2348933832	1429619577
1881755090	1429621264
1848584892	1429621455
2717690303	1429622394
2332497702	1429622529
1885341850	1429624050
5511032181	1429625132
5573526644	1429625781
1415984013	1429626234
2993835597	1429627376
1944490983	1429627730
5465043494	1429628786
3554807070	1429631815
1193123952	1429634908
2191262680	1429662799
2042322497	1429667835
5200040970	1429671116
3935656369	1429673900
3144155067	1429690091
3885155715	1429876118
2004277573	1430185651
