1850988623	1429516761
2438634292	1429516787
1292582340	1429516807
1714988782	1429516813
1260618291	1429516818
2602443990	1429516826
1696468152	1429516833
1760373412	1429516843
1801516070	1429516854
1764823352	1429516879
2446457020	1429516891
1233332131	1429516896
3623569562	1429516916
1762847943	1429516941
1937120310	1429516944
2160450010	1429516946
1697896660	1429516957
5072090272	1429516958
1723133755	1429516966
1157531414	1429516982
3204307992	1429516988
2242887304	1429517002
1288440794	1429517005
1874108740	1429517013
1097978427	1429517027
2891916871	1429517074
2281978642	1429517084
1646063421	1429517089
2817972715	1429517092
1601458801	1429517098
1761309183	1429517129
1244237641	1429517155
2732546267	1429517157
1920128173	1429517158
1822512471	1429517225
1857147992	1429517225
1464213415	1429517239
1837233645	1429517264
1671647381	1429517265
1246436244	1429517267
3970043486	1429517271
1674648467	1429517287
1924825685	1429517288
1833142587	1429517304
2111974585	1429517310
1801735302	1429517336
1151075355	1429517338
2053338363	1429517345
1882413811	1429517362
1648749395	1429517379
1144015355	1429517420
1892236164	1429517424
1553036172	1429517436
1725498245	1429517439
2033612693	1429517439
1666943215	1429517442
1215579170	1429517468
1812025831	1429517482
1768954622	1429517488
1839582967	1429517491
1476150554	1429517494
2097796911	1429517495
2071986990	1429517514
2602986525	1429517524
1053225671	1429517555
1561164731	1429517555
1877948787	1429517563
1923179613	1429517571
1887086507	1429517579
2035765661	1429517580
2193243714	1429517599
1428172122	1429517603
2490627013	1429517606
1849700495	1429517607
2854803207	1429517626
3120449395	1429517632
1973781381	1429517637
1299772294	1429517649
2143126192	1429517651
3015204091	1429517664
2375258541	1429517675
2075596975	1429517677
2623430122	1429517678
1760790464	1429517702
1937606134	1429517712
2123229725	1429517716
1730446860	1429517753
1816561711	1429517798
2086652543	1429517802
1064736855	1429517802
1326559254	1429517821
3500159521	1429517832
1721516002	1429517852
1885227092	1429517879
1142352111	1429517965
1077724033	1429517967
1948546023	1429517975
1988522725	1429517985
1725454990	1429518020
3137138853	1429518044
2749798387	1429518074
1682727080	1429518092
1760815710	1429518098
2912472361	1429518106
1783982821	1429518151
1976833912	1429518157
1938927245	1429518175
1373588454	1429518214
1752739504	1429518263
2085652054	1429518265
3886858636	1429518266
1895406517	1429518269
2716030991	1429518290
1785091675	1429518299
1794464190	1429518301
1764304164	1429518307
1768259883	1429518332
1773680312	1429518336
1800746330	1429518409
2605321147	1429518410
2233943150	1429518422
1771751907	1429518436
1765117182	1429518447
1762179380	1429518495
1763611750	1429518496
1856752822	1429518523
5276009816	1429518673
1635306011	1429518793
1915587265	1429518855
2363218481	1429518861
2320751413	1429518874
1778223685	1429518907
5325810126	1429518963
1811247204	1429518996
2212832312	1429519091
2706649750	1429519132
1650096440	1429519137
2628697003	1429519206
1145731012	1429519233
1627361371	1429519357
1803957241	1429519372
1492494254	1429519373
1824158697	1429519390
1911014907	1429519415
1079091944	1429519459
5582281680	1429519465
1087062153	1429519537
2681342743	1429519634
1797938711	1429519716
2266322147	1429519740
2822145734	1429519752
1094456710	1429519793
2299860601	1429519880
1678412547	1429519933
2637320647	1429519967
1675344225	1429519996
1997718351	1429520014
1671207840	1429520021
1824729985	1429520080
1759099767	1429520086
1792100184	1429520088
1883499581	1429520280
2122681597	1429520301
3906139007	1429520323
1763892724	1429520338
1686736974	1429520474
1615249360	1429520480
5147478547	1429520553
2068099177	1429520591
1743161372	1429520638
2005548243	1429520658
1496874960	1429520671
5249052413	1429520696
2381548645	1429520714
1777132585	1429520758
1760439993	1429520759
1833680020	1429520838
1698856924	1429520875
1403609922	1429520891
2151828397	1429520921
2508535070	1429520934
2054772602	1429520939
2212994025	1429520952
1893785950	1429520994
3266786987	1429521015
1813434780	1429521178
1617432535	1429521188
1844138130	1429521235
2255979372	1429521258
2321908160	1429521326
1880586577	1429521331
1900658273	1429521432
1986027723	1429521496
2545428641	1429521535
1714436070	1429521548
2708665324	1429521593
1172274593	1429521975
2065487373	1429522052
1789231270	1429522409
2132439042	1429522444
1591043772	1429522611
1781926987	1429522790
1808704874	1429522867
2158625864	1429522940
1505020064	1429523071
2269252653	1429523269
2778028731	1429523808
1006592964	1429523991
1925462295	1429524100
2438488124	1429524174
2790435800	1429524366
2053690643	1429524448
1775361302	1429524488
2143033272	1429524500
5579557394	1429525035
2281534070	1429525317
2956588771	1429525401
1776114321	1429525489
1980142365	1429525514
5147478547	1429525587
2278515370	1429526329
1066324537	1429526645
1538134863	1429526707
2324805637	1429526709
2304275723	1429526786
1955085031	1429526926
2365411305	1429527137
1766763033	1429527137
1840421850	1429527271
1733960025	1429527533
1300611374	1429527546
1601044694	1429527600
1882438970	1429527721
2996569280	1429527726
5176728048	1429527987
1733960025	1429528075
1727858942	1429528114
2954164367	1429528361
5176728048	1429528452
1581539335	1429528514
3914783290	1429528652
2090040457	1429529434
2008254347	1429530236
5457595464	1429530405
1537497125	1429530479
2700745082	1429530744
1582849797	1429530760
1462735150	1429530873
1785031323	1429531016
2008156307	1429531802
3028248621	1429532068
2296102483	1429532548
2978787001	1429532713
3899531851	1429532905
1783021740	1429532996
1768195682	1429533137
2271397610	1429533778
2804077002	1429534349
1844963844	1429534452
1635314073	1429534549
1798300733	1429534752
2637456243	1429534846
5243880403	1429535228
1857622114	1429535316
2104866147	1429535321
1794473234	1429535395
2279883902	1429535617
1738710670	1429536580
1653772124	1429537164
1413849444	1429537840
2842395834	1429538591
1890105621	1429538662
3896932190	1429539259
1918547721	1429539282
1687147490	1429539999
1732780891	1429540770
2391855750	1429541018
5355782050	1429541282
2491174925	1429542065
2590940565	1429543222
1954278475	1429543327
1165211877	1429543468
1695842383	1429544349
1585843761	1429544482
1272117864	1429546271
2329661942	1429573986
2273766830	1429577586
2308472205	1429577890
2149940302	1429580882
5260794487	1429580894
2415612430	1429583744
2955076971	1429584552
2134742337	1429584604
1709635677	1429598075
1692886064	1429598215
1871046572	1429604308
1038289894	1429606758
1748751352	1429607646
1311461790	1429611301
3294568252	1429613853
5016155341	1429614964
1774131955	1429620330
1746133674	1429626084
2506412415	1429642090
1704639373	1430638490
1977147690	1431597670
1977147690	1431656105
