1784473157	1429679346
2908939691	1429679359
5584341724	1429679359
3842439318	1429679385
1229027242	1429679412
1609615961	1429679418
3012933553	1429679429
1728554813	1429679441
5249387092	1429679459
5512974375	1429679514
1759694913	1429679560
2855398494	1429679567
5090776847	1429679579
2873847150	1429679592
5589223052	1429679593
5517758896	1429679617
2932952561	1429679632
1138076262	1429679638
5392916462	1429679638
5531206200	1429679647
3135416260	1429679672
3334162464	1429679699
5561416913	1429679721
5521134679	1429679727
2927836471	1429679728
1997063885	1429679745
3518105580	1429679750
3056259507	1429679781
5182592344	1429679787
5530920689	1429679798
1679942812	1429679831
3587424761	1429679844
5313430145	1429679851
2461513082	1429679859
2089697455	1429679860
1312746911	1429679869
1940249105	1429679909
5140450702	1429679917
2747006222	1429679930
2683207235	1429679947
5150846049	1429679951
2792551870	1429679954
2269579611	1429680013
5351859047	1429680024
1584780902	1429680039
2727109772	1429680076
5587754832	1429680118
2672687873	1429680132
3935575822	1429680140
1768250002	1429680173
3173241201	1429680180
3177161503	1429680224
3496209202	1429680284
5538227263	1429680406
5575624669	1429680411
2642301681	1429680480
5017293905	1429680600
3252560094	1429680610
5533714756	1429680682
3309818172	1429680689
3852067123	1429680744
1884493230	1429680786
5429889625	1429680798
2789315243	1429680859
3618666525	1429680886
5360920409	1429681026
2659523842	1429681052
2857074230	1429681083
2656373167	1429681128
5430624840	1429681159
2431581531	1429681247
5214640982	1429681286
1346703094	1429681308
3193932312	1429681312
2696613222	1429681354
1784203004	1429681354
3720859525	1429681390
5223966680	1429681397
5592756780	1429681428
3164156942	1429681485
2272563657	1429681488
1814010860	1429681510
5244004563	1429681536
2720894501	1429681538
1662429921	1429681558
2207187971	1429681570
1752760587	1429681588
3893188114	1429681653
2135675754	1429681670
2424622505	1429681847
5274712141	1429681899
2190332544	1429681932
1656576254	1429681994
1785301110	1429682153
5152456023	1429682180
2695327423	1429682188
5520530871	1429682249
2268305205	1429682349
2673971561	1429682354
2118271517	1429682569
5581077411	1429682871
3234522115	1429682930
5434017581	1429682941
2809982877	1429683398
2465917843	1429683413
3656725010	1429683991
5351028651	1429684217
2094255864	1429684335
3236683210	1429684594
1066104531	1429684617
2617512101	1429684651
2969508364	1429684943
5498151601	1429685012
3885155715	1429685239
2637088387	1429685287
3179525360	1429685345
5580967012	1429685360
3405060052	1429685420
2631842731	1429685449
3272782193	1429685485
3959641086	1429685596
2462846353	1429685697
1908317343	1429685886
5362361522	1429685964
5504521242	1429686078
5578741400	1429686371
2859680060	1429686425
2832534643	1429686428
5468237605	1429686675
5572755545	1429686737
3903281867	1429687693
5497599813	1429688318
5544160595	1429688348
3912502444	1429688494
5583886376	1429688711
2867450304	1429689484
5506644211	1429690293
3714320144	1429690444
2734310045	1429690527
2057182887	1429690649
5530828296	1429690926
3819540139	1429691073
5477619569	1429691085
2705861630	1429691277
5546181593	1429691290
3234522115	1429691462
5542719260	1429691571
5497449864	1429691609
3963805823	1429692115
3958023244	1429692220
2466497607	1429692764
1598077472	1429692923
1196221333	1429692960
3584444194	1429693203
5046899479	1429693337
3126269961	1429693879
5530618456	1429694395
5589632879	1429694953
3251172850	1429698913
5050869973	1429698948
2689040807	1429699212
2091111232	1429699539
5544744473	1429701200
2905314081	1429701320
3800766748	1429701470
2499899483	1429704348
5574327843	1429705812
5548698587	1429706949
1678649412	1429707625
5135507684	1429707976
1012340597	1429709298
5522020399	1429709479
5590993062	1429711083
5578232652	1429711889
2309988541	1429712097
5171516491	1429712139
3541072437	1429712655
5444887614	1429714035
3942496696	1429714473
2811584637	1429719593
2919469132	1429722220
5591711230	1429754392
5506564022	1429755719
5208528147	1429755750
5506592070	1429756663
5497146342	1429758208
5497979345	1429759602
5507397977	1429760491
5566991951	1429761572
3125346167	1429767397
5510392726	1429772011
5498151096	1429773705
5506560695	1429774363
5508633629	1429776022
5514910065	1429776568
5538592359	1429779914
5534116161	1429922369
3268959074	1430351751
3268959074	1430351979
5309294721	1432444056
