1642512402	1447464479
5602644825	1447464512
5464966538	1447464529
5251780085	1447464530
5702781707	1447464537
2398788403	1447464543
5464734666	1447464553
2393146071	1447464570
1621780625	1447464571
5757110874	1447464574
1813952775	1447464581
1763341514	1447464584
1813952775	1447464588
5378928110	1447464594
3490980050	1447464599
1699041064	1447464602
5173902441	1447464604
3112526215	1447464613
1032838420	1447464620
5449168015	1447464686
1876706313	1447464692
3199121007	1447464711
5300030141	1447464711
5645539758	1447464715
5093717301	1447464715
1833027781	1447464812
3241649597	1447464820
5713613966	1447464832
1837562667	1447464847
2505728234	1447464848
3906139007	1447464848
1942208453	1447464858
5754508834	1447464870
3976460269	1447464886
5454431567	1447464924
5325146150	1447464952
5759091396	1447465003
5480909080	1447465013
1810536237	1447465020
1240399214	1447465022
5614531126	1447465028
3206173462	1447465033
2370644302	1447465083
3362570544	1447465108
2854721004	1447465132
5726226887	1447465197
1777241054	1447465203
2385122514	1447465260
2393214752	1447465285
5557007755	1447465314
5641824543	1447465352
5651621131	1447465365
5750523469	1447465374
2102992355	1447465401
2309457011	1447465432
5209360120	1447465562
2708023141	1447465576
5513645417	1447465581
1813106593	1447465582
2730729264	1447465593
5707799983	1447465598
3088184643	1447465619
5076634710	1447465650
5098261364	1447465692
5636163738	1447465715
3244013401	1447465716
5702051756	1447465724
5150286736	1447465821
1769938687	1447465840
1901239845	1447465868
5519495043	1447465898
5722162765	1447465906
5461338844	1447465943
5536348036	1447466006
5758993863	1447466025
2374171100	1447466100
1980049563	1447466102
5031679473	1447466119
2907171147	1447466294
5596200781	1447466335
3141529957	1447466379
5329617539	1447466391
5314425759	1447466391
5653240242	1447466548
1905183282	1447466665
5720198775	1447466734
1967739921	1447466931
3036860123	1447466978
5752208784	1447466984
1407695362	1447467004
5491489270	1447467082
5582140728	1447467127
3266141291	1447467153
3640230953	1447467234
2961661650	1447467281
2399137135	1447467324
2313242407	1447467441
3810918794	1447467527
5458759214	1447467531
2757192494	1447467539
2529584342	1447467625
5535825356	1447467700
2604605233	1447467725
5702764331	1447467754
2690671243	1447467780
1752811361	1447468129
2647194781	1447468172
1045829584	1447468188
3233772941	1447468356
5527784731	1447468356
5727749028	1447468428
5387286623	1447468480
2230829570	1447468537
5548973330	1447468762
5468570570	1447468924
3669721997	1447468984
2939454964	1447469045
5680621188	1447469080
3525883397	1447469087
1801309137	1447469155
3757684661	1447469198
1111692732	1447469265
5492600159	1447469306
5685709487	1447469771
1053185097	1447469795
3258212442	1447469892
5601891558	1447469992
1692263320	1447470050
1944490983	1447470059
1750052745	1447470443
5748419838	1447470812
5685574192	1447471241
2661862974	1447471294
2906188043	1447471384
1706342440	1447471572
5575831122	1447472068
2950256765	1447472241
2611831064	1447472443
3218241927	1447472475
5589777959	1447472529
1135086215	1447472606
5292601322	1447472747
3846987777	1447473016
2805327151	1447473324
3051106737	1447473475
1899948731	1447473858
1883581632	1447474030
1415933093	1447474841
2763586917	1447475126
5276728025	1447475645
5708694592	1447475971
5455746230	1447476146
5632580849	1447476488
1897885153	1447477181
5502034568	1447479741
1151132004	1447480690
3608809473	1447487073
1836717053	1447488047
2960611642	1447490106
5533452812	1447492636
5672721940	1447494306
1341540212	1447496610
1910703401	1447497243
2325921250	1447507925
2614758695	1447508248
5471411559	1447513135
5574435024	1447524116
3214179841	1447560933
3227372593	1447573528
2989298360	1447603063
5122658648	1447635057
5447466316	1447635915
1009536793	1447637085
5122654326	1447638786
5430495203	1447640273
5456285956	1447640388
1759697347	1447641391
5634431935	1447642127
5509068870	1447642506
1030172164	1447643908
5474441787	1447645511
3309565755	1447657209
5220692446	1447659127
1030172164	1447661964
3573133834	1447680304
2318874473	1447699577
5220992576	1447727256
2318862772	1447737428
5587089615	1447810589
5231463048	1447820775
5586922538	1447833725
1959989767	1447836186
5708278961	1447989736
5487462260	1448009949
5471411559	1448172149
3303994600	1448326529
5235776778	1448587475
1959989767	1448595460
5220992576	1448842728
1865080214	1449042206
5164188708	1449064969
5558281429	1449536410
3301312680	1449634998
5425159817	1449934716
