1784473157	1449666124
2724645755	1449666165
5615670751	1449666169
5695461886	1449666175
5393333812	1449666200
5509906339	1449666206
5682997162	1449666229
5650453461	1449666243
1917891291	1449666259
5786858412	1449666266
2958506221	1449666283
5693939425	1449666287
5763681900	1449666294
3604039185	1449666319
5712939713	1449666329
5601549946	1449666330
1881959464	1449666346
3602730333	1449666359
5760699533	1449666359
5055199775	1449666360
2644256713	1449666361
5713207085	1449666373
5778782078	1449666375
5730108318	1449666377
5754802075	1449666389
5398322764	1449666401
5760179876	1449666405
5673265913	1449666409
5718236923	1449666432
1839642500	1449666448
1250525782	1449666449
5675692878	1449666456
5783204112	1449666460
3165050910	1449666477
3306034673	1449666479
1929380433	1449666497
5293263624	1449666509
5691365562	1449666510
5343220029	1449666511
5781350326	1449666528
2474674621	1449666532
2609553051	1449666545
5706811110	1449666564
3871722578	1449666567
3128330107	1449666599
5554916954	1449666618
5706150703	1449666637
5704631274	1449666638
5727612168	1449666646
1971256721	1449666648
5657605109	1449666656
2776842777	1449666664
5717835255	1449666673
3535280114	1449666675
5638733260	1449666681
1197221705	1449666731
5042225420	1449666763
1686669504	1449666782
5666464015	1449666825
5656653017	1449666847
5785254735	1449666851
1959186245	1449666874
5639315887	1449666881
5602105296	1449666883
5710308034	1449666886
3125520830	1449666893
5782683989	1449666928
1790056795	1449666946
2263039185	1449666947
1181943510	1449666967
1810209071	1449667020
5731053339	1449667146
5532922032	1449667154
2750681035	1449667251
3742522591	1449667287
5538082786	1449667314
5737173421	1449667321
3508069470	1449667376
5577804268	1449667383
5594490184	1449667423
1841838153	1449667478
1882436084	1449667503
1767305137	1449667525
5595662697	1449667532
5706219103	1449667563
5432572130	1449667578
1809711123	1449667642
5680132422	1449667651
5610268019	1449667665
5760558275	1449667717
5762535714	1449667721
5785101999	1449667761
5758685794	1449667782
2167140012	1449667783
5268073812	1449667799
3790389983	1449667819
5717188075	1449667859
5732236957	1449667873
3138072677	1449668015
5691008764	1449668044
5729754568	1449668058
5672356157	1449668142
2316391020	1449668241
5642836649	1449668357
5719908142	1449668384
5324503105	1449668428
5742916554	1449668529
5782479778	1449668550
5663749102	1449668553
2475840423	1449668578
5742898766	1449668639
1878929015	1449668641
3101127292	1449668683
2569316930	1449668762
5236342322	1449668923
2094844841	1449669010
5627847524	1449669090
5029233502	1449669098
1747813387	1449669145
1002360534	1449669202
3952328992	1449669263
2309040400	1449669286
2730277643	1449669558
5445744442	1449669635
3924169561	1449669687
5678535800	1449669716
5666267848	1449669801
2450570923	1449669833
3164959012	1449669870
5754230633	1449669912
5774465195	1449669944
1807952400	1449670030
5718490176	1449670032
5697879387	1449670112
2299248864	1449670132
3438253952	1449670183
2171208241	1449670283
1811622455	1449670506
3422217410	1449670512
5496855039	1449670548
2147200282	1449670671
1762789802	1449670801
5481821211	1449670877
5593772568	1449671329
5724066522	1449671522
2270716767	1449671600
1681767515	1449671773
5754598874	1449671951
5716047751	1449672007
5722822068	1449672055
3703865722	1449672158
3703865722	1449672188
2406764781	1449672732
5700176613	1449673381
1617098371	1449673588
5654111585	1449673731
5574413701	1449674445
5786738540	1449674701
2828747680	1449674995
5308283724	1449675515
1230473101	1449675547
2150880342	1449675582
1692215227	1449675983
3902768304	1449676129
5642642026	1449676192
5546136913	1449676777
5702405033	1449677062
1982203134	1449677100
5589533226	1449677251
2789647221	1449677254
5353287402	1449677727
1692775164	1449677933
1673551550	1449679108
5540405918	1449679436
2854199672	1449685745
2303850647	1449696792
2303850647	1449696855
5774504039	1449706236
5702225311	1449708743
5641655623	1449712562
5277407743	1449715964
5387579874	1449716169
5481588737	1449717186
1883101221	1449720768
3625705342	1449725883
5696189526	1449729488
2403505805	1449743611
5515768987	1449759213
3091925337	1449766950
5511868794	1449840757
3566728802	1449840860
2065230835	1449888354
5663364787	1449978000
