2656274875	1450480803
1751056365	1450480834
5304393612	1450480851
3958430863	1450480853
1061831785	1450480857
1435678612	1450480858
5313183514	1450480887
5798080302	1450480903
2540574555	1450480915
3221269645	1450480924
1464614180	1450480926
3235477750	1450480927
3898011222	1450480933
1810960750	1450480937
3094331067	1450480941
2876494322	1450480955
2588790451	1450480968
2742499432	1450480969
5475033960	1450480970
5724366743	1450480986
1047796607	1450480993
2526494913	1450480995
5605366414	1450481013
3841600905	1450481019
1810147257	1450481037
3627262260	1450481038
3895419055	1450481041
2289246973	1450481054
5404302566	1450481054
2136265063	1450481063
3857947963	1450481069
5639319010	1450481075
2009567725	1450481076
2684247011	1450481083
2485460515	1450481086
5134986304	1450481110
5236609578	1450481117
5798080256	1450481121
3829220413	1450481136
1299246102	1450481146
2545625962	1450481151
1380967291	1450481169
5728845521	1450481179
3202075964	1450481181
5604900604	1450481183
3814991110	1450481185
2595013725	1450481190
3223400373	1450481192
3034908685	1450481194
2614479955	1450481229
2337810250	1450481238
3201171707	1450481256
5627922964	1450481294
1335894814	1450481294
1278625445	1450481297
3948625482	1450481305
3579771312	1450481309
3836521224	1450481310
5788231606	1450481316
3167647980	1450481325
2139968793	1450481332
1570624033	1450481337
3928987274	1450481349
5414515704	1450481351
3164422034	1450481362
5476972566	1450481366
1798713455	1450481383
1929025613	1450481403
5097639222	1450481430
2940626357	1450481441
2337241233	1450481458
1658942091	1450481488
2729470645	1450481497
2358669657	1450481519
3478053260	1450481554
5124153107	1450481576
3354687110	1450481593
2840722745	1450481604
2703853861	1450481605
3233638480	1450481609
2397695363	1450481622
2104118275	1450481627
3018816912	1450481629
5794150177	1450481630
3318522431	1450481632
2044679991	1450481636
1064845573	1450481636
3227337073	1450481657
3253771222	1450481659
3976821704	1450481673
5020565744	1450481676
5763272452	1450481682
1844937017	1450481687
3258744294	1450481691
1750952475	1450481694
3846232117	1450481701
3934263431	1450481715
2479966105	1450481718
2670629641	1450481722
5705902496	1450481725
3499459483	1450481734
3135508417	1450481736
2859543784	1450481745
3271898761	1450481749
2172145403	1450481754
3082383757	1450481761
3477648645	1450481771
2351128440	1450481788
1989562783	1450481806
3921195665	1450481822
2040439605	1450481842
1438046797	1450481861
1608562021	1450481873
5736785303	1450481876
1924080622	1450481879
5045330537	1450481886
1258922217	1450481898
1927932711	1450481916
5737770157	1450481920
3186143307	1450481927
5022923756	1450481931
2718567282	1450481931
1956667677	1450481977
3810147350	1450481986
3190717572	1450481997
5071448560	1450482008
5743548546	1450482015
1868241252	1450482020
1257645707	1450482033
2950675437	1450482054
1950863677	1450482100
5704063997	1450482129
5077378326	1450482131
5684301336	1450482135
1423995655	1450482177
5081910763	1450482180
1822958321	1450482210
1818127925	1450482268
5181159413	1450482270
1496892072	1450482312
2083158655	1450482327
2039782677	1450482330
2655790543	1450482356
5332233069	1450482356
5769959940	1450482357
3855707117	1450482358
5696365512	1450482366
5220865055	1450482417
3983831890	1450482421
2983648720	1450482422
1880040937	1450482426
2089991132	1450482430
1109673387	1450482461
1829872397	1450482461
2923388483	1450482481
2299295263	1450482483
3203744870	1450482486
5322073198	1450482494
5091002381	1450482495
2787210712	1450482500
3175281531	1450482501
3218646850	1450482513
5362718032	1450482520
2099552951	1450482522
3224155494	1450482530
3217716361	1450482539
1015904392	1450482547
5687888833	1450482567
5387526225	1450482570
1642124812	1450482602
2875214851	1450482623
2831812027	1450482636
1506536080	1450482642
3814596974	1450482663
3548563881	1450482663
5241763131	1450482663
3496497365	1450482691
2031598517	1450482693
3078825845	1450482768
5245710048	1450482773
3431247400	1450482785
2234226191	1450482785
2736381484	1450482835
1966850262	1450482849
2473421847	1450482849
1990088567	1450482863
5636171253	1450482879
5436665161	1450482905
2155199695	1450482964
5132351242	1450483014
5321257055	1450483036
5692986604	1450483069
1894536830	1450483072
3205860913	1450483076
1763143255	1450483105
5030381711	1450483110
1894145862	1450483172
5076637348	1450483176
2930014714	1450483176
5756379631	1450483183
2641602263	1450483192
2000521733	1450483235
3398881634	1450483254
5743716801	1450483263
3764003861	1450483275
3089214153	1450483323
3501519661	1450483329
1577668562	1450483343
5767195559	1450483350
3220803940	1450483550
2401460275	1450483588
5794341897	1450483593
1932798362	1450483601
2403679082	1450483612
1299066733	1450483618
2722307081	1450483632
5533788013	1450483637
2006349223	1450483673
2897468865	1450483683
2808923025	1450483705
2135372843	1450483765
1811664613	1450483768
5734627411	1450483792
2815768693	1450483837
3422386394	1450483847
2609716457	1450483860
2675046005	1450483896
1657730680	1450483902
5515365831	1450483903
3556256652	1450483929
3894428560	1450483933
3636575361	1450483951
5286928314	1450483995
3750252903	1450484025
3564814047	1450484047
2648251337	1450484067
1022986071	1450484137
1446995720	1450484152
1733749220	1450484291
1729025460	1450484307
1863077927	1450484396
2624510584	1450484446
5675212357	1450484450
5591724092	1450484525
5763465736	1450484586
5501786331	1450484608
3902824710	1450484635
2664844835	1450484638
3468372884	1450484658
3839170743	1450484661
2272285284	1450484702
5680395486	1450484721
3878174197	1450484779
2013945972	1450484813
3762090764	1450484822
5600066867	1450484846
2996507987	1450484881
3163557290	1450484904
1889282022	1450484906
3791850704	1450484912
5521175256	1450484934
3894062545	1450484947
2578086997	1450484956
5603173607	1450484977
1889282022	1450484991
1751325772	1450484997
1973499261	1450485036
2193674181	1450485106
2682152425	1450485245
3427766394	1450485255
1980193820	1450485270
3680874717	1450485290
2724103482	1450485316
3960380544	1450485364
1934631775	1450485370
2779698745	1450485398
2738065920	1450485430
1889478685	1450485470
5320011438	1450485485
5795287307	1450485489
2738065920	1450485491
5056908512	1450485538
5716481837	1450485568
1910755073	1450485585
3213722563	1450485592
1770493244	1450485607
5253831580	1450485764
1323484290	1450485929
2425347303	1450486029
2101851472	1450486039
5148038721	1450486051
1678550547	1450486068
5742998980	1450486083
5465455161	1450486085
1231017012	1450486096
2613801615	1450486212
2625619457	1450486234
1258922217	1450486301
2467300972	1450486305
2686690123	1450486321
1456406945	1450486359
2037508945	1450486480
3295519187	1450486500
2880739570	1450486523
3031400475	1450486550
3910386577	1450486583
5077434979	1450486588
3293827875	1450486785
2082299221	1450486815
5231371776	1450486816
5325446274	1450486988
3481856642	1450487028
3186092294	1450487044
5368194714	1450487095
5337012401	1450487121
1830813053	1450487149
1805284022	1450487181
5747475902	1450487322
2492870464	1450487349
2745381775	1450487378
1616710334	1450487379
2542236313	1450487382
2808136172	1450487423
5560736817	1450487433
2230830982	1450487464
3605073970	1450487467
2093192814	1450487468
1663927364	1450487469
3837561195	1450487536
3950013481	1450487542
3270227930	1450487545
3629765462	1450487681
3950082393	1450487737
3129745703	1450487767
1946539691	1450487871
1944056752	1450487934
2544316004	1450488004
5525917738	1450488015
5330363499	1450488025
3311868837	1450488027
3719120075	1450488047
5583204541	1450488084
2260541457	1450488118
1798615133	1450488154
2382319043	1450488163
3225534643	1450488217
5505075340	1450488272
5325388084	1450488290
1853056051	1450488326
1941176651	1450488387
3708491814	1450488392
1929414730	1450488400
3645480914	1450488955
5065181874	1450489081
1867398517	1450489153
2672687873	1450489186
5028630588	1450489197
3078648857	1450489204
2662941343	1450489220
3005543094	1450489225
2651518420	1450489264
3934704413	1450489349
2676886432	1450489452
2672582432	1450489489
5268348754	1450489521
1370235207	1450489530
5527589995	1450489657
5756336795	1450489692
1934699904	1450489765
1039809897	1450489799
2418606093	1450489799
3236193084	1450489913
2356244597	1450489938
3309694421	1450489951
1569588525	1450490022
2612029615	1450490080
2790525501	1450490096
3928704007	1450490111
3957809954	1450490224
2964269614	1450490523
3811358958	1450490590
3946732226	1450490616
2435647171	1450490682
1647042147	1450490815
1195668197	1450490898
2205423423	1450491328
1173994057	1450491344
5363744606	1450491443
5377591256	1450492118
1497039124	1450492382
5338412698	1450492772
5737733580	1450492801
2636895461	1450492803
3627104701	1450492899
1865744870	1450492958
1011968875	1450493095
5048916315	1450493477
3064982331	1450493501
2040991934	1450493634
2491525462	1450493648
5335841833	1450493767
1840931565	1450494070
2342792241	1450494083
5472900999	1450494167
2586817553	1450494223
2230045457	1450494233
1759661465	1450494270
5252471428	1450494395
2063952513	1450494410
2532185700	1450494901
2325952210	1450495302
2983799760	1450495318
5789931141	1450496079
2833855092	1450496339
2363128852	1450496357
3128740313	1450496367
2744869175	1450496401
2818163482	1450496667
2821184490	1450497287
2080577685	1450497598
3347195830	1450497926
3334888644	1450498346
3481747177	1450498414
5154960269	1450498442
1463872011	1450498484
2080577685	1450498602
5421902218	1450498672
5540398152	1450498945
1866208071	1450499157
5699077797	1450499291
2325044132	1450499432
3856589706	1450499766
2727883787	1450500587
3248652592	1450500613
1480536291	1450500772
2631323182	1450501627
5587164956	1450501752
2691321762	1450501991
2217039302	1450502066
1692464497	1450502113
1630852172	1450502265
5293482227	1450502655
2204904507	1450503085
5221180463	1450503266
2772547221	1450503276
1813669754	1450503341
1039067462	1450503581
5240190637	1450503942
5605602753	1450504087
2588193822	1450504117
2674677217	1450504184
5121311804	1450504194
2746140213	1450504267
3643632822	1450504384
3172824354	1450504470
1746728123	1450504494
5376046844	1450504928
5537162353	1450505079
1216927582	1450505416
3973333597	1450505658
3674330384	1450506609
3180290650	1450506691
2645081563	1450506919
1178809971	1450507142
2100977233	1450507161
1735737925	1450507234
1970232773	1450507302
2754866581	1450507437
1553511100	1450507483
2656274875	1450507572
3789405282	1450507610
2060660252	1450507615
5781103200	1450507617
3901387946	1450507625
5481847264	1450507629
2247553570	1450507645
5154164019	1450507645
3108023151	1450507677
1648054864	1450507701
5698297239	1450507714
2034005057	1450507733
5723815812	1450507767
5660458764	1450507819
5150320916	1450507847
5377225848	1450507848
3201502180	1450507848
1951223247	1450507851
2673357955	1450507860
5307148720	1450507923
5367548533	1450507928
5520861003	1450507948
3749215130	1450507954
2322699152	1450507996
5697988255	1450508005
2264071682	1450508015
5272685203	1450508026
3668195853	1450508031
3204294461	1450508050
5748487084	1450508077
3872627995	1450508096
3176241532	1450508102
5716481837	1450508124
5756336795	1450508162
1636042391	1450508167
5355964897	1450508213
5500571936	1450508237
5228565708	1450508246
1605894951	1450508259
3070516123	1450508277
3188410274	1450508294
2457987562	1450508299
2739013411	1450508319
5737853771	1450508327
5680349043	1450508401
1401310857	1450508428
5382631370	1450508445
5644081749	1450508464
1879818782	1450508500
2381285250	1450508501
5056808913	1450508515
5758139285	1450508529
1599580773	1450508547
3706174577	1450508583
2136830197	1450508594
5319631463	1450508604
3097411851	1450508620
2729822041	1450508650
1933514294	1450508650
5457714506	1450508653
5586978578	1450508744
5315317507	1450508767
2848904581	1450508803
5381009689	1450508903
3089160641	1450508937
5799345592	1450508963
5706413145	1450509045
5734627411	1450509050
2406204202	1450509079
1974536050	1450509094
5772495277	1450509182
5723413166	1450509187
2414867112	1450509229
5413862777	1450509267
3839170743	1450509307
3955886588	1450509439
3148262560	1450509567
2505507354	1450509646
3854767231	1450509653
5109692361	1450509662
2362570260	1450509799
2205763541	1450509813
3814991110	1450509826
5204349278	1450510018
5654448675	1450510060
3205455305	1450510295
3957853315	1450510390
5672449958	1450510681
1780201187	1450510685
5524949686	1450510708
2935751355	1450510732
5066862674	1450510841
2093593581	1450511256
5795287307	1450511330
5231391719	1450511334
2355643257	1450511373
5736576957	1450511381
3317076093	1450511389
5736576957	1450511392
2675829117	1450511454
3165160342	1450511753
2265621614	1450511786
5219116525	1450512017
1819756191	1450512049
3120964865	1450512149
2689003633	1450512166
1645414245	1450512301
2092104701	1450512552
1539157904	1450512554
5582022478	1450512630
2548190481	1450512843
3259930590	1450512994
2043601973	1450513143
3934002197	1450513147
5693868060	1450513336
5515365831	1450513378
1962752484	1450513448
3651522385	1450513744
5648716129	1450513758
3038513711	1450513953
2292181105	1450513967
5712734144	1450514010
3936063439	1450514123
2346207932	1450514709
5312033571	1450515004
1762749893	1450516250
3626388521	1450516396
5411986361	1450516778
5344376217	1450516841
5344376217	1450516862
1745263442	1450516864
1916883087	1450516973
5731474073	1450517397
3316828870	1450517673
5175296738	1450518477
5141914011	1450518567
5681138612	1450518726
1945478341	1450518837
3247459495	1450518877
2672351580	1450518897
2178014413	1450519076
1076690385	1450519186
2243530405	1450520052
2714741491	1450520496
5581613832	1450520857
3108223681	1450521165
3711789642	1450521256
3633175324	1450521592
1581276300	1450521644
2207531764	1450521750
2665663503	1450521960
2875790330	1450522017
3971744969	1450522102
1239613533	1450522450
5539624444	1450522897
2877824482	1450523419
5514890236	1450523496
2401660473	1450523516
2902264857	1450523805
5340496706	1450524288
2786409504	1450524598
1961364473	1450524672
5434203307	1450524914
2686283583	1450525146
5745013049	1450525205
1950876784	1450525216
2615370233	1450525346
5512530529	1450525354
2019545073	1450525371
5586048013	1450525830
5586048013	1450525877
5586048013	1450525883
3925514237	1450525929
3298843733	1450526011
2640449923	1450526147
2449155611	1450526419
2987499081	1450526428
5743969812	1450526820
1291043780	1450526846
2678199861	1450527527
1006612453	1450527562
1296749584	1450527756
2741496813	1450527833
2088972837	1450528721
3263065804	1450528752
3106745451	1450528883
3894614946	1450528972
2408846732	1450529114
2022135971	1450529460
3686813915	1450529806
3135871835	1450529835
2332976310	1450529947
5020986272	1450530254
1699601882	1450530613
1640906725	1450530701
2421924422	1450530924
2143948297	1450531078
1053629961	1450531122
2520104124	1450531141
2143948297	1450531209
3570352815	1450531246
2641724535	1450531284
2841621414	1450531353
5388682385	1450531485
3117293927	1450531545
3927006854	1450531617
1914907183	1450531686
3674330384	1450531919
5342075347	1450532881
2037978841	1450533383
2406137453	1450533429
1569559513	1450533602
2796497277	1450533644
3191308584	1450533915
3983409443	1450534269
5078351725	1450534444
3155316190	1450534549
5648761882	1450534711
5431989284	1450534977
3812499206	1450535146
2097716141	1450535276
1668600294	1450535644
2494476784	1450535692
2416513273	1450535705
5743771155	1450535755
2708950634	1450536049
2643952044	1450536139
5435691333	1450536325
5735480561	1450536393
1967213971	1450536429
5099446940	1450536439
2937232071	1450536785
1945793814	1450537025
3916801234	1450537678
2177538811	1450537820
2793983902	1450538233
2682808181	1450538325
2793983902	1450538423
3169428974	1450538548
1159989041	1450538562
2255219607	1450539220
5063490324	1450539249
1035063590	1450539457
2374726841	1450539500
2056622092	1450539623
5127739047	1450539923
2655260491	1450539985
1678964745	1450540492
2625649873	1450540824
5361200622	1450540964
5165367656	1450541174
3764325723	1450541296
3187343043	1450541622
2773849587	1450541881
3845931891	1450542313
2824171360	1450542946
2863141495	1450543403
5248067270	1450544192
3858165805	1450544234
2338252234	1450544671
3147741325	1450544688
2342256174	1450545646
1901632770	1450545934
2023921652	1450545946
1421252164	1450546056
2741876604	1450546546
5063490324	1450547249
2169940164	1450548168
3297504324	1450548748
5664183325	1450550178
3193331660	1450550778
2688034133	1450552431
2745541175	1450553172
5536510099	1450554465
5538661781	1450555502
2916265455	1450559710
3769844780	1450562394
1432162125	1450562905
2269376714	1450563412
2300415104	1450563832
1291922900	1450564303
1955440944	1450564415
1882455433	1450564671
1734160843	1450565148
3627121961	1450565405
1766960965	1450565834
2368432933	1450566022
3073528971	1450566663
2267747135	1450566751
2439339315	1450566774
2673202271	1450566877
3610251450	1450567158
2337597373	1450567455
2754143941	1450567478
3043106503	1450567621
2751265454	1450567910
1757403891	1450568010
1667699331	1450568178
3272010527	1450568411
3267350543	1450568509
2207412932	1450568538
1787502347	1450568590
3089633461	1450568631
2976184493	1450568638
3254755305	1450568796
2649776707	1450568922
2419597685	1450569176
3151052672	1450569202
3280408901	1450569835
2308813992	1450569852
1845932454	1450570265
3280408901	1450570278
1081637972	1450570655
5203325027	1450570681
1681318613	1450570860
1011266185	1450570901
1913920543	1450570943
1056204750	1450570951
2441745254	1450571058
5103024616	1450571210
1850861797	1450571304
1911086281	1450571349
2277989881	1450571352
5090370182	1450571626
2686317421	1450571679
5034610046	1450571796
2603793591	1450571867
5719027628	1450572239
5758153573	1450572310
5638079260	1450575417
5723373785	1450575636
1891118764	1450576696
1770493244	1450579453
2686212287	1450584709
5762878734	1450585139
2547497542	1450589969
5543602621	1450592699
5792805700	1450597808
5469639919	1450599030
5736579983	1450599560
2207531764	1450600606
3173334254	1450608032
5334281290	1450613124
5310687699	1450613293
1782251465	1450613351
5347342529	1450618025
5744127874	1450619062
2194473645	1450624816
3137688631	1450625930
5034610046	1450655779
2409283594	1450658010
1636732640	1450660260
2410206102	1450660979
2663087627	1450663089
3956799825	1450669298
3956799825	1450669393
5749506324	1450670692
5615848567	1450685964
5055775153	1450687306
5055775153	1450688497
5652933123	1450690419
3148780191	1450692624
2607693817	1450692921
3895905065	1450692924
5249061752	1450692935
5749931393	1450694036
5149571297	1450698187
3593575781	1450698615
2485534101	1450699271
2167786440	1450699541
3317205601	1450702261
3108867894	1450703021
3108867894	1450703124
3315930331	1450706845
2687198715	1450708222
3400608244	1450710621
5776438806	1450714077
5733459932	1450745125
1213241980	1450745164
5342095192	1450747323
3060418747	1450751084
2576341501	1450763617
1766960965	1450792247
2087876303	1450832193
2952537580	1450835844
2741249910	1450836949
5148766238	1450841333
2541889434	1450862565
2541889434	1450862638
5143101083	1450863782
5468038860	1450920602
2355902553	1450924019
5664896135	1450924551
2608056327	1450973749
5328465096	1451003422
5226110855	1451003424
2647832350	1451024471
5484484626	1451037622
5725738772	1451044626
2030214807	1451056287
2641850023	1451117150
2641850023	1451117534
5650821147	1451172823
5109126508	1451208974
3007678085	1451261398
5650821147	1451346267
5698674312	1451374765
3548707582	1451443346
3232289034	1451643998
