2482557597	1448171583
3273763925	1448171602
1835601794	1448171610
5060630559	1448171617
2277070601	1448171636
2702550137	1448171636
1628739743	1448171639
2590641707	1448171641
2723020061	1448171643
2175887950	1448171645
3237075140	1448171645
2707830887	1448171646
2550782531	1448171648
1828799402	1448171648
2809960652	1448171650
2365233883	1448171656
3860691544	1448171657
5233359470	1448171659
2037539587	1448171663
1750756783	1448171664
3652921217	1448171668
2106978271	1448171669
5685016023	1448171672
1738559014	1448171676
5044536728	1448171680
1005556940	1448171682
2628377960	1448171683
2723020061	1448171683
5235559178	1448171685
1916569244	1448171689
1871719860	1448171694
1964939537	1448171694
1829470641	1448171695
2153864152	1448171698
2258629583	1448171702
5705503747	1448171707
2598102292	1448171710
3170156212	1448171710
1742200825	1448171710
2419630024	1448171715
2789116917	1448171716
2956614051	1448171717
2632463511	1448171719
2767463817	1448171723
1641536714	1448171726
1887363134	1448171728
2315492743	1448171729
3197849934	1448171729
3547383455	1448171733
1733619091	1448171733
2827476945	1448171744
1684169562	1448171747
1676215601	1448171747
2403765794	1448171748
3174756382	1448171752
2652414121	1448171753
5096002948	1448171754
1891536564	1448171756
1752807552	1448171758
1636300623	1448171761
2447870827	1448171762
5654287299	1448171762
2969305473	1448171763
2368988617	1448171763
2707328041	1448171764
3320848284	1448171770
1862355612	1448171776
2907325663	1448171783
5021001669	1448171792
3294474031	1448171800
1840563655	1448171801
3879628406	1448171812
2928758043	1448171815
2425943610	1448171817
5326865497	1448171822
2812133112	1448171830
3898228518	1448171846
1843033102	1448171850
2976324904	1448171862
1849673762	1448171865
2304302120	1448171866
2995281795	1448171874
2815756373	1448171875
1978740820	1448171888
5073485182	1448171891
1306154744	1448171898
5646530748	1448171899
1894568915	1448171903
5197718552	1448171906
3282856443	1448171908
1926747542	1448171908
5310338192	1448171910
1898327377	1448171914
1674642097	1448171918
1928140585	1448171919
1686839963	1448171922
5617396160	1448171926
1901659521	1448171932
5537296775	1448171932
5642508541	1448171937
1808637994	1448171938
3085331251	1448171941
3022076807	1448171947
1702809560	1448171961
5242323612	1448171968
3277503745	1448171971
5491317323	1448171980
1043420443	1448171981
2035794877	1448171981
3995082731	1448171994
5105976337	1448171995
1404115994	1448171999
5150205689	1448172007
3098944787	1448172012
3405187352	1448172012
1627133544	1448172020
1824946452	1448172031
5160112182	1448172036
2166964172	1448172038
1909519713	1448172050
1308148241	1448172057
5766455900	1448172098
5385181403	1448172100
1842369651	1448172128
1694068533	1448172147
2837542532	1448172151
2201791995	1448172152
2692457560	1448172156
5311404261	1448172170
1837039605	1448172172
2237902572	1448172187
5261249940	1448172188
5460574982	1448172196
2987870370	1448172200
2196469010	1448172216
2947215870	1448172220
2877185880	1448172239
1829698721	1448172254
3744213981	1448172277
1749114850	1448172287
1770100513	1448172288
5289224337	1448172295
2145119062	1448172300
5272377475	1448172311
5668129544	1448172320
3053703923	1448172341
1829001942	1448172342
2365160721	1448172357
1632738557	1448172391
1736263755	1448172403
2291176541	1448172403
5177040014	1448172405
3802737919	1448172411
1867417704	1448172436
1972594361	1448172478
5181332020	1448172496
1842357947	1448172519
1726886403	1448172548
2654061271	1448172567
3933856526	1448172568
3564085097	1448172575
1680531174	1448172603
5273231489	1448172604
3292283843	1448172605
2487590487	1448172615
5684825845	1448172619
3158121840	1448172635
5572917253	1448172637
2138059333	1448172641
5241097193	1448172651
1778800345	1448172656
1916520582	1448172668
5395366715	1448172677
2506383503	1448172702
2159907610	1448172704
3816607537	1448172733
5651412568	1448172744
5623768333	1448172745
3104663273	1448172783
5594457374	1448172789
5365120269	1448172837
1764411390	1448172856
1887432324	1448172876
1912673961	1448172885
2390430712	1448172886
2463399760	1448172889
2302651612	1448172921
5667451093	1448172930
3305838865	1448172943
1728358262	1448172960
1962710643	1448172984
2157207952	1448172993
5270177021	1448172995
5012439191	1448173019
1936940015	1448173027
5059140944	1448173041
5120618709	1448173061
5352873723	1448173096
2700324550	1448173158
1890829063	1448173263
3190645730	1448173264
2256092817	1448173277
1882839885	1448173293
5386712883	1448173328
1795252432	1448173330
3980089418	1448173336
1871514315	1448173358
2167228220	1448173383
5050078552	1448173384
2609076070	1448173400
3842676631	1448173504
5143235085	1448173516
1463567582	1448173518
3964057876	1448173585
2820096333	1448173610
5398323216	1448173617
2420843862	1448173630
1103130674	1448173631
3128362475	1448173644
1298674852	1448173662
3772473961	1448173664
1751669557	1448173681
5232101368	1448173691
2823393211	1448173692
5124426524	1448173710
1805588991	1448173716
3223304301	1448173786
2959330284	1448173790
1841191663	1448173830
2132936837	1448173831
1650614773	1448173896
3141871605	1448173903
2590641707	1448173919
3007081791	1448173926
5710659862	1448173984
3288036643	1448173989
2412997111	1448173994
3627309494	1448174044
3474019114	1448174054
5517754521	1448174057
3879675347	1448174134
3592231124	1448174152
5147344618	1448174182
5116154988	1448174186
5025657010	1448174210
2298062972	1448174216
2260922500	1448174217
5012803598	1448174242
2262099192	1448174259
2207197253	1448174269
5364773021	1448174286
5266873575	1448174308
1960385007	1448174387
5186698063	1448174436
3034426320	1448174518
5737862703	1448174607
3665782577	1448174648
2652523493	1448174681
2717546505	1448174751
5210076997	1448174754
3286380290	1448174765
2447935780	1448174771
5391820287	1448174853
5143235085	1448174856
3134210423	1448174903
2003259554	1448174922
2184589493	1448174944
1802431595	1448174975
2677023502	1448175082
1752803162	1448175097
2887436545	1448175161
1858039414	1448175192
5272264457	1448175195
2158020161	1448175263
1920629894	1448175358
2698452602	1448175430
5714461106	1448175442
5706599924	1448175500
1864153212	1448175594
1729938664	1448175732
3984775776	1448175801
5437488039	1448175833
1905972713	1448175921
5587500128	1448176149
5326251192	1448176266
1956717430	1448176396
2276620160	1448176400
1846038544	1448176516
3898482749	1448176516
2305842193	1448176567
3130190927	1448176590
1972063172	1448176699
3806382765	1448176733
5178888708	1448176772
5178888708	1448176821
5657477682	1448176853
2289200242	1448176890
3180297174	1448176997
1736153754	1448177045
2385983754	1448177053
2409413652	1448177137
2623402045	1448177197
2954044987	1448177245
1551844532	1448177341
2562582783	1448177357
5664174304	1448177400
1742082704	1448177424
5023825770	1448177645
2183238192	1448177715
2426633970	1448177822
5139998839	1448177924
5143703424	1448178057
1637746667	1448178088
5626772226	1448178316
2492524315	1448178373
2183238192	1448178386
5035313153	1448178388
1821747745	1448178417
5674817342	1448178421
5333603418	1448178489
1993717232	1448178544
2355301914	1448178724
1396444717	1448178788
3699318914	1448178995
1955854795	1448179121
5143086802	1448179202
5196989420	1448179241
5255332674	1448179273
5690577042	1448179369
3555981584	1448179374
1947931221	1448179397
1730502560	1448179555
1195643755	1448179616
5653955469	1448179630
5730072687	1448179754
1965326185	1448179836
2825529551	1448179848
5069227215	1448179891
5161552695	1448179965
5625259976	1448180077
5457989561	1448180184
2696350402	1448180398
3502053844	1448180524
5316271780	1448180569
5690231303	1448180696
3607215907	1448180784
3858496257	1448180798
1831030753	1448180848
3607215907	1448180958
5213100784	1448181020
2140364007	1448181104
2268379434	1448181298
1696732010	1448181489
2039441503	1448181518
1731867501	1448181674
2298211634	1448181748
5529403288	1448181883
5089812148	1448182042
5266586352	1448182090
5529147194	1448182158
1723261192	1448182267
2911641523	1448182273
3172199331	1448182564
1823109107	1448182674
2501265212	1448182843
3042967027	1448182865
2995350181	1448183026
5629708068	1448183064
5161902227	1448183389
5344599951	1448183455
1797217172	1448183851
5067415586	1448183960
5631557831	1448184010
1993051027	1448184256
1785427377	1448184525
1790078280	1448185110
5117189160	1448186160
1850981363	1448186221
2817968235	1448186613
5182655541	1448186723
3699619843	1448186868
1913595754	1448186931
3741144931	1448186998
3634950353	1448187154
1573760401	1448187267
1970822777	1448187328
1626617134	1448187700
1771929750	1448187824
5356151859	1448188074
3794526113	1448188131
3985883617	1448188237
3737981264	1448188745
3165925721	1448188942
3781760310	1448188954
5344814557	1448189579
3170444244	1448189594
3766660734	1448190074
1617046421	1448190140
3736049681	1448190262
2266357427	1448190370
3193623035	1448190687
2883939400	1448191262
1805551962	1448191696
1784488587	1448191870
1846792232	1448191974
5214249292	1448192686
1849758620	1448192762
5238132250	1448192919
1982284665	1448193145
5605796637	1448193605
5323825774	1448193715
1934570975	1448195043
1953882857	1448195181
5466337143	1448195439
5646099296	1448195813
5523140381	1448195837
3483363733	1448196659
2602635897	1448196711
2492524315	1448196855
1969483873	1448197600
5578064295	1448197667
3384634820	1448197718
5520080020	1448198442
5080139830	1448199016
2955148307	1448200712
5701908670	1448202862
2177415002	1448203001
2465837145	1448203112
1680101822	1448203337
2933034701	1448203578
5194779079	1448203583
1788891517	1448203742
1773147960	1448204588
3783893200	1448204820
2977989271	1448206668
3085331251	1448210076
5264557234	1448212815
5459565715	1448218212
1849161120	1448226845
3068434461	1448230796
5207521109	1448243319
5625497562	1448246691
1945322180	1448256215
5761025054	1448262835
5761025054	1448265534
5419661061	1448267238
5754706167	1448271916
3236342831	1448286967
5511554116	1448337005
2907614885	1448339842
3219852245	1448417710
5705587930	1448515768
