1618051664	1449663725
2650235852	1449663762
3088526450	1449663764
1868906817	1449663767
2474480742	1449663777
1793420574	1449663779
2803159241	1449663779
1838318177	1449663785
5285189884	1449663803
1867406227	1449663803
3199889970	1449663806
1868777760	1449663808
1603033625	1449663808
3179562184	1449663818
2090646060	1449663818
1693086182	1449663821
1495973944	1449663824
1303154581	1449663825
1710810174	1449663827
3018582844	1449663828
2157730525	1449663833
2324784751	1449663836
2821977622	1449663838
2238696090	1449663839
3123870515	1449663839
3957273231	1449663843
2877489424	1449663852
1819744565	1449663854
5112216882	1449663854
1863086727	1449663855
1903806055	1449663858
1692159783	1449663859
1885317683	1449663861
2613327467	1449663867
1789223153	1449663869
3243429815	1449663873
1634350370	1449663873
1671504631	1449663875
1828314041	1449663879
1587567187	1449663888
1930977687	1449663890
1582981322	1449663892
1833760550	1449663895
1772968463	1449663901
1690682224	1449663909
3789529137	1449663910
1768414305	1449663911
1787965931	1449663913
1931511594	1449663921
1876913392	1449663927
1807514485	1449663930
5340130956	1449663932
1858783787	1449663933
2327155624	1449663933
1642423695	1449663935
5539666728	1449663939
5702904379	1449663949
5404623301	1449663958
1769837093	1449663960
1772313925	1449663960
1845328803	1449663961
2340914810	1449663968
5443456912	1449663981
1959210775	1449663983
2537979481	1449663984
2528051812	1449663986
1959764773	1449663987
1153815174	1449663989
5382056916	1449663996
1914132965	1449663998
2693916540	1449664000
5099325152	1449664004
2264063523	1449664005
1842286750	1449664006
5631871546	1449664009
2291180175	1449664016
3925021899	1449664018
5658053588	1449664019
2836087561	1449664019
5480357319	1449664026
5242162960	1449664032
2816360515	1449664033
2766452427	1449664034
3960373162	1449664037
1919517447	1449664046
3193586967	1449664051
2872599121	1449664053
1736771083	1449664056
2010807983	1449664058
1252314491	1449664058
2689674923	1449664061
1503604002	1449664062
2735466214	1449664063
2183560895	1449664076
5782323147	1449664077
1686210430	1449664081
1351497400	1449664086
1658545577	1449664091
3607967931	1449664092
2019999595	1449664097
1819507191	1449664101
1241055497	1449664101
5020275655	1449664104
1930623304	1449664117
3239398635	1449664117
1835481675	1449664132
2649816852	1449664147
2355268312	1449664147
1158096530	1449664151
2887504311	1449664155
3128756693	1449664155
2946361737	1449664156
2879926424	1449664161
2468657007	1449664161
1603041502	1449664166
5273121488	1449664170
1927475833	1449664188
3802587396	1449664193
1084710877	1449664196
2018542051	1449664203
1760002151	1449664204
5521847435	1449664206
5458284413	1449664231
1400282852	1449664233
1844825750	1449664239
1690195395	1449664248
2411752342	1449664261
2983197920	1449664276
3782577304	1449664289
1888039022	1449664298
2751803101	1449664312
2491425193	1449664313
1877377461	1449664318
1971375031	1449664318
2861996612	1449664332
3865322642	1449664341
1511389653	1449664342
1733487395	1449664343
5130018076	1449664347
5664955678	1449664367
1787398647	1449664369
1106241847	1449664370
3983883220	1449664383
3814151181	1449664386
2817712724	1449664390
1889630921	1449664392
2050119525	1449664392
2775033901	1449664400
5088996065	1449664401
1240789807	1449664410
3223758372	1449664437
2622430101	1449664452
1419731961	1449664457
1340345231	1449664469
2726523073	1449664470
2063055843	1449664473
3619334273	1449664484
3362729604	1449664491
3484043812	1449664499
5020729228	1449664503
2151068765	1449664506
3972904369	1449664512
5733367103	1449664519
1823281873	1449664542
3199318221	1449664545
2104322177	1449664546
5110001776	1449664547
1786470312	1449664559
1926995111	1449664560
1841327605	1449664566
1680391157	1449664577
1612660824	1449664583
5479253176	1449664587
5643795386	1449664594
2798231565	1449664595
1523509562	1449664605
2774230643	1449664607
5688949110	1449664612
5674475062	1449664628
5151611610	1449664634
5635849294	1449664638
2863296744	1449664655
3950058206	1449664657
2357446595	1449664659
2637738011	1449664661
2527264215	1449664668
1119491447	1449664669
5653040553	1449664670
1892907703	1449664675
5185669376	1449664676
1690613612	1449664698
5523190279	1449664700
2184689083	1449664730
2687053282	1449664739
5477382285	1449664740
1791411750	1449664741
5213240238	1449664758
3289536241	1449664765
1236500901	1449664768
1341116401	1449664790
2191833150	1449664812
3871642128	1449664813
2739881585	1449664817
2719200530	1449664821
2670619381	1449664828
2501783122	1449664831
1444428945	1449664857
3204450132	1449664858
5235228314	1449664867
3015170375	1449664874
2082396127	1449664880
2735677305	1449664891
1219413804	1449664908
2067431163	1449664917
2187058185	1449664940
1777845237	1449664946
1944095252	1449664984
3831834575	1449664989
1917270361	1449664991
1414539337	1449664996
2082328057	1449665000
3907686233	1449665021
1848009554	1449665024
1954279381	1449665060
3045869235	1449665079
3973648637	1449665097
1899984845	1449665099
2036280773	1449665102
3960803831	1449665148
1993881977	1449665176
1822305527	1449665176
2740747794	1449665177
3962285861	1449665178
2770337531	1449665183
5757988703	1449665185
3217436625	1449665197
2736642930	1449665201
5161461088	1449665204
3851377828	1449665225
1892595372	1449665236
1696900517	1449665246
1730006310	1449665260
5603249237	1449665283
3149322760	1449665286
1721394823	1449665319
2807584094	1449665322
1167232277	1449665358
2096489232	1449665363
1257503973	1449665365
1259076214	1449665393
5742387402	1449665402
3083206651	1449665418
1645551855	1449665429
3254704943	1449665443
1759000997	1449665464
2791581041	1449665469
1664281900	1449665496
2017841927	1449665505
1692176693	1449665509
1268878822	1449665515
2423485713	1449665516
1609036921	1449665516
2421924422	1449665550
2698390095	1449665560
1428281107	1449665561
5582993600	1449665582
5661988676	1449665597
2631720990	1449665607
1639003011	1449665728
1689093107	1449665739
3745740884	1449665743
5034680160	1449665745
1663490037	1449665774
1815534017	1449665796
5384934820	1449665796
5262539081	1449665801
3167140214	1449665803
1919799343	1449665804
3094116471	1449665809
2877177800	1449665818
1648885121	1449665819
1761929852	1449665841
2077094397	1449665856
2273287751	1449665861
1788800762	1449665892
3913562578	1449665942
2705608401	1449665993
2533917182	1449665997
1686849573	1449666004
1999375080	1449666031
5449705486	1449666041
2126894623	1449666089
1655623824	1449666132
2951270095	1449666148
1808117510	1449666210
2874756305	1449666212
2273440102	1449666215
2355086477	1449666269
3060863685	1449666277
1859775280	1449666308
2875942320	1449666375
1869915493	1449666376
3840096405	1449666397
1881360462	1449666403
5468723399	1449666432
3315661973	1449666435
2006143535	1449666460
2012282832	1449666470
2118426111	1449666523
2574852394	1449666538
5763447057	1449666538
1773900945	1449666544
1658399430	1449666567
3759790112	1449666610
1370747105	1449666611
2033285393	1449666632
5763304816	1449666644
5639030981	1449666655
1743561742	1449666657
1231862342	1449666673
5462854998	1449666686
1296647145	1449666706
2877271315	1449666713
1232550860	1449666720
3291942821	1449666744
2177605223	1449666752
1912594187	1449666784
1698209107	1449666813
3901124227	1449666816
2002399785	1449666839
2414189435	1449666844
1752158561	1449666854
3798865623	1449666856
1086176483	1449666880
1892191295	1449666897
1707129042	1449666961
5449317611	1449666997
2612149047	1449667000
5668209824	1449667006
1911369073	1449667046
5085582830	1449667060
5626423020	1449667084
2018644735	1449667091
2402527700	1449667108
3094744807	1449667153
1841082441	1449667153
2855162490	1449667174
2392345567	1449667189
1799947392	1449667213
3106597135	1449667371
2086095474	1449667382
2871819452	1449667459
1894185514	1449667528
2996801497	1449667529
1846263691	1449667556
5494455433	1449667573
3710872010	1449667576
1344779100	1449667594
1843783682	1449667616
1824206927	1449667624
3884397973	1449667631
2714163927	1449667733
1983047242	1449667764
1655623824	1449667839
2110095835	1449667849
5133385882	1449667898
1739339972	1449667900
3508908401	1449667918
2028699327	1449668036
3933858581	1449668042
1310704860	1449668166
1718001085	1449668178
3232948310	1449668272
3911841779	1449668312
5038487529	1449668313
1142027510	1449668362
1927562263	1449668422
3741446644	1449668524
1084882070	1449668576
1742300235	1449668590
5495213091	1449668632
3815645370	1449668679
1776517291	1449668714
5660767593	1449668725
5676909713	1449668896
1925883081	1449668896
2994819693	1449668950
1964358467	1449669036
3798256653	1449669053
1913606325	1449669072
2520142744	1449669131
5767593841	1449669149
5213008819	1449669289
1885573040	1449669317
5623226380	1449669323
2663212473	1449669507
3820563566	1449669515
2267379303	1449669521
2511393553	1449669591
2095521111	1449669617
1945903333	1449669620
2785680697	1449669696
2347181407	1449669711
2417649442	1449669721
1867462674	1449669755
1966204677	1449669758
5647608810	1449669773
2944843823	1449669820
1751835483	1449669824
1960679377	1449669837
2998138211	1449669842
2201146365	1449669868
1900984061	1449670034
1210712305	1449670152
2305117821	1449670162
1896928271	1449670194
3317026900	1449670199
1863665635	1449670215
3118155082	1449670250
2659312977	1449670284
2181557211	1449670298
5026518904	1449670357
5166175181	1449670371
1766706102	1449670428
1768423513	1449670537
2639195271	1449670614
3195021234	1449670628
3488800451	1449670701
5764390730	1449670738
5348611095	1449670885
2186225543	1449670890
1696388165	1449670891
3795683783	1449670963
2665794395	1449671011
1784212963	1449671015
5199053612	1449671118
3820239304	1449671165
1307995602	1449671178
3413585874	1449671194
1693979810	1449671237
2906239687	1449671335
3292600077	1449671462
1791000862	1449671511
5444304673	1449671595
3751443515	1449671602
5316262394	1449671718
2822129291	1449671815
1115508701	1449671858
1729049603	1449671912
5569133512	1449671987
2013283841	1449672099
3880101838	1449672241
5254880326	1449672408
1973807311	1449672570
1788798543	1449672579
1763175324	1449672607
2031317661	1449672638
1829694733	1449672666
2281942147	1449672761
2820122162	1449672920
2785941212	1449672930
2100316424	1449672985
5349267543	1449672990
1954053553	1449673032
2091072673	1449673084
1793998434	1449673171
5540055148	1449673194
2112314870	1449673208
1616783701	1449673308
2827488260	1449673325
1763078871	1449673413
2541715861	1449673676
1686416552	1449673770
3074756723	1449673795
1695329461	1449674015
5756903433	1449674076
3580061907	1449674086
3744369993	1449674229
2472282177	1449674234
2904719025	1449674359
2404075265	1449674494
2138148705	1449674526
3967241217	1449674722
1216435384	1449674849
3193521120	1449674871
1735228805	1449674892
1658813602	1449675011
5743882065	1449675111
5281130564	1449675134
1734065087	1449675171
1807427701	1449675436
1918537907	1449675623
5213995118	1449675791
2025650045	1449675830
1956048223	1449676353
3554777311	1449676403
5566606488	1449676405
5602853369	1449677622
5355305394	1449677623
1904604213	1449677719
1846823772	1449678214
3716929443	1449678770
2665786462	1449679354
3937146443	1449679462
2433784507	1449679472
5787155478	1449679512
1824315372	1449679630
2197059204	1449679722
2112480437	1449679750
1772462500	1449679881
1165638801	1449680241
1787171145	1449680344
5374123366	1449681111
1658059811	1449681397
2441102707	1449681445
1628181932	1449681615
5349251308	1449682041
3176231420	1449683142
2166439227	1449683604
1828340345	1449683674
2233117105	1449687878
1795887005	1449688164
2610797205	1449692328
2874866790	1449694024
2124642385	1449694530
2134090687	1449697512
5241936353	1449698566
2610344707	1449701445
1415597223	1449701471
3932604726	1449702145
1574259674	1449702235
2193944527	1449702666
2339745891	1449705400
2342476110	1449705576
5137027727	1449705734
1381048300	1449705824
2329105137	1449706115
2163583002	1449706184
1662245660	1449706209
1318526512	1449707222
3730523621	1449707356
2424224262	1449707575
2470467902	1449707851
2962828133	1449707853
1761890334	1449708089
3608805745	1449709761
5732694878	1449709985
3040897451	1449710885
2297525353	1449711155
1866581643	1449711259
2726518373	1449711840
5055895557	1449712656
3121805405	1449712889
3820517490	1449716503
1760362450	1449716992
2009232565	1449717099
1914611255	1449717735
2715925805	1449718216
1862298682	1449720483
2170297077	1449721896
1320975973	1449725008
3913871162	1449725575
2933771844	1449726430
3502290274	1449726752
1795194632	1449729372
2758547183	1449731040
5459567956	1449734082
5489417512	1449734463
3355690862	1449735721
1786792911	1449737618
3123763213	1449737947
1878847484	1449745037
3096913557	1449752835
2755335235	1449766161
1110132205	1449806936
3969639318	1449830290
5720943441	1449845320
1320690313	1449876924
3214995215	1450394343
5347354515	1450979442
