2084348103	1447336684
5732454539	1447336731
2911800845	1447336739
5742267184	1447336747
5622232989	1447336748
5748666387	1447336751
5625319463	1447336755
2930782043	1447336759
5666699455	1447336773
5752127578	1447336779
2143700530	1447336783
5665613653	1447336788
5641556071	1447336789
3081455452	1447336792
5680319616	1447336805
5655845387	1447336815
5705315517	1447336816
5676283109	1447336841
5124861663	1447336848
5605658574	1447336860
3277353582	1447336875
5583815990	1447336875
5664426844	1447336904
5746069180	1447336910
5162448533	1447336916
5675047555	1447336917
3107077222	1447336968
5225590228	1447336999
3145541210	1447337030
5754508994	1447337044
5043079889	1447337047
5644774578	1447337072
5666431396	1447337077
5669554232	1447337097
5720548046	1447337152
5616549935	1447337169
5664374337	1447337180
5381884971	1447337199
5706829519	1447337237
5715060296	1447337268
5714446259	1447337272
5603408997	1447337292
5749122506	1447337313
5543731628	1447337325
2554978542	1447337337
5727995587	1447337354
5757907611	1447337383
5752106401	1447337393
5640223398	1447337426
1657258391	1447337428
5680823802	1447337527
3953729688	1447337588
5588084406	1447337601
5702796080	1447337675
5748312331	1447337875
5585478703	1447337992
5026439609	1447338010
5507398628	1447338039
5719843393	1447338046
5730962746	1447338148
5728850991	1447338152
5118890680	1447338181
5714650618	1447338198
2757194882	1447338202
5719690765	1447338203
5754199469	1447338208
5585478703	1447338223
3137797585	1447338300
5683961418	1447338320
5708394920	1447338332
5748378648	1447338364
5717709906	1447338449
5641088225	1447338531
5369512865	1447338561
5666334241	1447338596
5677336687	1447338625
2649059594	1447338650
1848398633	1447338676
5652707014	1447338688
5236239877	1447338753
5733258544	1447338810
3637081692	1447338941
3766616297	1447338945
3223708112	1447338971
2612177005	1447338998
5671100256	1447339058
5756999378	1447339070
3829857564	1447339082
3547308282	1447339095
3520158720	1447339102
5756293993	1447339105
3768351871	1447339130
5253507906	1447339195
5696334603	1447339226
5614072802	1447339368
5672721198	1447339668
5676313046	1447339684
5476501980	1447339789
5605140362	1447339840
5699411230	1447340030
5666711023	1447340280
3583845651	1447340286
5645600629	1447340404
5623560481	1447340515
3981823409	1447340657
5333887823	1447340668
5671414448	1447341445
5494422508	1447341676
5457276252	1447341893
5245755586	1447342107
5397774746	1447342337
3037178993	1447342357
2847704771	1447342899
5652844651	1447343025
1161256347	1447343221
2949505104	1447343307
5540407559	1447343368
5750887938	1447343378
5617451444	1447343419
3196743355	1447343722
5546967297	1447343855
5737065061	1447343993
2709135353	1447344496
5531243647	1447344777
5754104223	1447344892
5742753721	1447381175
5217390515	1447392628
5752586481	1447407196
2297654483	1447417065
1221764334	1447470702
5666934136	1447516586
5596825854	1447657290
