1251372271	1447862268
1842746957	1447862316
1237818955	1447862320
1736976562	1447862331
2181067460	1447862337
1220663901	1447862338
1237818955	1447862340
1225987891	1447862340
2199768890	1447862361
1814753895	1447862368
1670238122	1447862369
3274441085	1447862378
1741978522	1447862380
1782834023	1447862386
1617274834	1447862388
5469702177	1447862393
1592726135	1447862407
2996301311	1447862409
1734410275	1447862414
1920919472	1447862421
1800732721	1447862431
1977277625	1447862433
1915889300	1447862443
1745228351	1447862461
1850520607	1447862462
1037167202	1447862470
2994714250	1447862472
5147261351	1447862474
2963305515	1447862476
2716827513	1447862497
1756379981	1447862519
3069749343	1447862526
3276367751	1447862528
2393856115	1447862528
1844072960	1447862532
3118521313	1447862536
1446347591	1447862544
1921708577	1447862545
2418683397	1447862555
1674637544	1447862570
2917604231	1447862572
2527686264	1447862574
2097934453	1447862580
2845811855	1447862603
1766753490	1447862652
1883647844	1447862657
1858874612	1447862664
1882928395	1447862666
1899751713	1447862669
2605759732	1447862687
1413041200	1447862712
2329450480	1447862723
1946678510	1447862750
2392447367	1447862750
1921313872	1447862760
1749997630	1447862778
5752229057	1447862779
2178751387	1447862783
1726100602	1447862786
1649852500	1447862787
1865975395	1447862789
5086948068	1447862791
2027844120	1447862810
2047198025	1447862810
1720988361	1447862814
5184938783	1447862835
1825929810	1447862840
1689989225	1447862852
1732787634	1447862859
2906062957	1447862863
1242664533	1447862906
1819718350	1447862914
1854129844	1447862919
1854017041	1447862928
5209198631	1447862940
3518292492	1447862950
2690154701	1447862985
1612537035	1447862990
1769537192	1447862996
1715522120	1447863012
1556540101	1447863020
3162857742	1447863033
1975219410	1447863057
5717252226	1447863074
1751818210	1447863095
1942328501	1447863103
2200513472	1447863116
5663085023	1447863118
2811923054	1447863134
5236308349	1447863145
3078184924	1447863145
1779427332	1447863157
1928064724	1447863171
2792652034	1447863179
2028082285	1447863188
3286319451	1447863199
1828835290	1447863263
2045250315	1447863279
3855613513	1447863279
1703720684	1447863280
5133563880	1447863288
2033398791	1447863313
1836631447	1447863325
2162535421	1447863399
1742234627	1447863405
2349903171	1447863422
1410013102	1447863427
1787491537	1447863432
2290886993	1447863450
1877756382	1447863481
1927500447	1447863526
2006571797	1447863536
2651629433	1447863538
2002829511	1447863542
2994436642	1447863553
1706118285	1447863559
1971490505	1447863567
2158895772	1447863612
1645175230	1447863620
1258411343	1447863622
5128567030	1447863625
2380098643	1447863701
1736890030	1447863767
2767259217	1447863773
1995286347	1447863788
1245080465	1447863805
1767203535	1447863806
2537011322	1447863812
1650395361	1447863820
1655773753	1447863843
2769241413	1447863870
3232607324	1447863873
1963255990	1447863880
2454207390	1447863880
1748440282	1447863904
2071462151	1447863905
1792118703	1447863907
5075825271	1447863922
2448617670	1447863926
1763003144	1447863941
1104295685	1447863948
1915635963	1447863954
3292863724	1447863982
2352613824	1447864010
2297259261	1447864044
3991884204	1447864144
1733948352	1447864161
3673720921	1447864193
2886315711	1447864233
1765046660	1447864254
2588737587	1447864262
1733945803	1447864264
2062715645	1447864301
3499285110	1447864304
1773521162	1447864346
1758390807	1447864347
2126420104	1447864352
3878248377	1447864385
5143414324	1447864393
2722692323	1447864434
2550993984	1447864454
1343889543	1447864489
1822921332	1447864500
3228291780	1447864505
3643441124	1447864535
2628700272	1447864620
2336722030	1447864641
1756651967	1447864683
1887832941	1447864804
1048209857	1447864812
2411543441	1447864833
1773517067	1447865001
1271901624	1447865098
1748773487	1447865172
2461857134	1447865207
1682888164	1447865228
3135863945	1447865235
1731154413	1447865296
3508763015	1447865297
1824780837	1447865300
1917772594	1447865365
3414554292	1447865399
2393863702	1447865474
1751943194	1447865489
1788872933	1447865577
2201650165	1447865641
5041955906	1447865651
2459629522	1447865720
1607634187	1447865737
2150869893	1447865797
1932953073	1447865816
1801261291	1447865881
1781512397	1447866007
1752938533	1447866029
5517520943	1447866143
3059593687	1447866199
3149952317	1447866219
1680382301	1447866301
1805335751	1447866328
1726866141	1447866441
1784880760	1447866442
2532217345	1447866466
1224829713	1447866514
5279470154	1447866538
1886887183	1447866596
2154881197	1447866630
2312731685	1447866655
2835880671	1447866736
1831157515	1447866809
3040195744	1447867010
2134105224	1447867049
1879985801	1447867101
3944242321	1447867309
1995094442	1447867370
2822754611	1447867394
5247222646	1447867530
1889546581	1447867540
3035798170	1447867845
3249745711	1447867862
2848219691	1447868080
2142173785	1447868144
1698803073	1447868197
2559725747	1447868287
3310734853	1447868421
1756320047	1447868564
2267031335	1447868663
1968455331	1447868677
1815564224	1447868930
3723189620	1447868938
1279958411	1447869329
2465325824	1447869377
2824667677	1447869425
5626318320	1447869581
1906399273	1447869937
1779807210	1447870027
5624754970	1447870082
3750333072	1447870132
2911476311	1447870319
1745472341	1447870476
2658976972	1447870675
1952586797	1447870767
1804735827	1447871291
2016211511	1447871305
1723476732	1447871914
2067546587	1447871980
1650971250	1447872405
2317186831	1447872514
1748678451	1447873379
1865853280	1447873508
1731192920	1447873543
3674024762	1447874910
2872966445	1447875046
1868348815	1447875571
2029466093	1447875804
1739808544	1447875857
2685572010	1447876604
3497406417	1447876654
1756558435	1447876832
3625553720	1447877300
1751195214	1447877902
1891511795	1447878297
1748332917	1447879486
2176873211	1447879853
1226613957	1447880003
2387006785	1447880260
1650980184	1447880806
2262662593	1447881112
1791322244	1447881937
2402658840	1447883247
2292504665	1447883292
5332039844	1447883517
2154127107	1447884612
1768321020	1447884893
1718642924	1447885467
1751602771	1447885599
5619081271	1447885671
2236938100	1447886033
2822747623	1447886668
1834970781	1447887092
1769673344	1447887179
2603598772	1447887296
2186096872	1447887318
2126578802	1447887413
2080718005	1447887655
1913829085	1447887978
2806973413	1447888117
2691419465	1447888160
3835628952	1447888823
5491836964	1447888928
1605297387	1447889018
1643761990	1447889076
1035858302	1447889149
2707211313	1447889284
3220641253	1447889521
1810180373	1447889539
1979536435	1447889727
1500768104	1447889796
2445906115	1447889924
3010614483	1447890216
2174260614	1447890227
1976695913	1447890230
1828550985	1447890288
2097498704	1447890435
3929243125	1447890973
1179065265	1447890976
1852470804	1447890978
2946518060	1447891070
2753341915	1447891143
1782982261	1447891164
1885704601	1447891214
2105526883	1447891430
1684358485	1447891485
3159672320	1447891503
3521221841	1447891589
1298477441	1447891925
1956666383	1447892120
1787071444	1447892130
1946200324	1447892199
1188233613	1447892465
2708056147	1447892531
2453135094	1447892622
1691109037	1447892662
1690101192	1447892713
1610857542	1447892880
1731056412	1447893037
1784640462	1447893099
1765882283	1447893154
1843083061	1447893337
5248205460	1447893506
2604659621	1447893749
1710363793	1447893777
1748451702	1447893795
1744457711	1447893825
2090421375	1447893937
1700934577	1447893944
2081985517	1447893979
2612683505	1447893991
1801774907	1447894093
2496179784	1447894296
1992147297	1447894303
5625335172	1447894437
1764681793	1447894487
5738710397	1447894550
2266983363	1447894627
1443629297	1447894653
2583772451	1447894688
1952942802	1447894811
1820498725	1447894901
5579740599	1447894970
1934220347	1447894997
1676583347	1447895116
1821425875	1447895164
1757225687	1447895243
2301337301	1447895380
1377592535	1447895523
3313415105	1447895917
2004516075	1447895930
3172258084	1447895973
2029492540	1447896173
1792232707	1447896221
1936570965	1447896232
3752476482	1447896298
1734735685	1447896306
1840848583	1447896310
1841283562	1447896438
2408137685	1447896463
1911194792	1447896536
3816884818	1447896541
1894423274	1447896613
1747502183	1447896743
2764482173	1447896836
2617389452	1447897191
1704283891	1447897223
2631265012	1447897259
2452873985	1447897359
2690073573	1447897399
1878297601	1447897516
2240409434	1447897525
2279560207	1447897547
1839561123	1447897822
2381656437	1447897876
1726806381	1447898042
5238778460	1447898104
1694895364	1447898104
2164164707	1447898145
1773417862	1447898494
2077080303	1447898635
1582478405	1447898644
1746448013	1447898722
1785851695	1447898731
1624830165	1447898839
2105547255	1447898983
5155067954	1447899063
1152717793	1447899072
1715913455	1447899121
1799754487	1447899213
3583900094	1447899217
1921592661	1447899576
3806275665	1447899601
2827750777	1447899662
1763774473	1447899801
1824929435	1447899881
1856968583	1447899888
3246115404	1447899970
2169192460	1447900180
5702511060	1447900188
1678954045	1447900381
1291946104	1447900489
2219853973	1447900643
1760260605	1447900648
2537026541	1447900711
1801727974	1447900821
1480330733	1447901068
3328934144	1447901199
2926322125	1447901344
1776460303	1447901571
1627794392	1447901578
5069844062	1447901621
3736104715	1447901639
1927009791	1447901780
1851438290	1447901867
2781467271	1447902017
1871816512	1447902029
2293475027	1447902083
2126211444	1447902201
2122091243	1447902445
1787097610	1447902477
3219979683	1447902685
1812428404	1447902749
1870585165	1447902872
2119276913	1447902952
1748594317	1447903252
1817691477	1447903324
2859949814	1447903459
2735723515	1447903602
3224542642	1447903633
1747592341	1447903801
1747592341	1447903820
1850496171	1447904207
1749092213	1447904235
1744542650	1447904380
1957589155	1447904499
2984902047	1447904822
2694077290	1447905065
3786892191	1447905075
3209716161	1447905151
1307369680	1447905336
1879550594	1447905381
2714821421	1447905475
1947492561	1447905671
1657161077	1447905849
3288953024	1447906005
1752403520	1447906232
2441669300	1447906550
1842049975	1447906791
2159981414	1447907194
1972995957	1447907644
1846163727	1447908005
1820102355	1447908015
5702499895	1447908021
5135792067	1447908130
1765475892	1447908638
1892513730	1447908843
2292748015	1447908904
1840290082	1447909059
1760579333	1447909165
1657631770	1447909410
5276714252	1447909498
1854957595	1447909623
1355830922	1447909703
5605506745	1447909763
2823408945	1447910697
5571996435	1447911333
2462217411	1447911662
2094614494	1447912020
2134664533	1447912460
5700556995	1447912959
1728991731	1447912980
1389636537	1447913056
1254207827	1447914089
1785427815	1447914199
1694890512	1447915110
5274211192	1447915231
3180084705	1447916558
1804619773	1447916736
1376441737	1447917842
5592804973	1447917889
1742775483	1447918234
2735283874	1447918405
2260792151	1447919456
5657013122	1447919667
2615822605	1447919687
2199190724	1447920789
2516332574	1447923146
2219661001	1447923660
3683841577	1447924365
2388244367	1447924854
2347506860	1447924872
5681639718	1447925124
1526383880	1447927549
2293641220	1447927757
1811191647	1447928168
1784779183	1447929812
1984701925	1447930180
1747653943	1447930183
1813245403	1447930202
2075167291	1447930882
5132133647	1447931177
2340269284	1447932163
1971039107	1447932405
1485003695	1447932888
1768829214	1447933088
1771680793	1447933618
1241084244	1447934593
1912206353	1447935205
1408162912	1447935870
1748507621	1447937418
5666411853	1447941434
2011589747	1447941543
2142647631	1447941721
5701193028	1447941940
1823437852	1447943120
2695100713	1447946126
1846117003	1447946361
1877890751	1447948875
1876855101	1447948953
2168990717	1447950232
3127922734	1447951115
2145256341	1447951995
1796914045	1447963185
2085700325	1447974504
5299639972	1447978228
2086410611	1447978669
5726533900	1447979330
1763941271	1447983324
1921708577	1447983394
1780279811	1447983589
5632919693	1447985720
1561195041	1447993679
1789489630	1447996922
5498620791	1448002222
3973972291	1448008612
2791901215	1448012728
2176985701	1448014620
3471475302	1448023543
2595681291	1448032453
2593463444	1448033628
3244244243	1448033798
3044828455	1448034967
1898747185	1448035759
1772731052	1448036092
2083108514	1448039502
1697156415	1448039689
5629551544	1448067832
5110171986	1448072218
2403924257	1448072296
1969866641	1448073405
2271619545	1448079466
1622785781	1448081060
3310918901	1448082838
1890835575	1448086072
2204156455	1448091971
3168516964	1448094994
5653436461	1448096061
2633718543	1448105313
2177420834	1448105335
1811043793	1448105968
1725841093	1448106328
2683104997	1448108237
5539148792	1448110399
2421323812	1448111679
1751988535	1448112702
3358925502	1448113046
1868010814	1448113644
1171158913	1448114480
2104575562	1448115649
5349069812	1448117523
2870628474	1448117946
2135115733	1448118518
1786120963	1448119047
3129191457	1448122743
2212943774	1448128134
2126639740	1448135590
2883156174	1448144887
5675604423	1448152360
1625739564	1448160553
1821925481	1448160651
2694255271	1448162227
2100328582	1448165431
1753270005	1448169615
2048162294	1448171647
2032932353	1448175153
3671041443	1448178808
2829607951	1448193996
2118335820	1448198437
1745493311	1448200361
2134533645	1448203989
1973022250	1448204180
5481437849	1448218329
1941196407	1448218344
1898560235	1448240301
5550997529	1448242783
2347541365	1448245231
5540001549	1448262478
1820589263	1448263516
3270611177	1448279708
1693403960	1448291333
2173341515	1448325024
1985789903	1448341278
2104278130	1448376689
2175698564	1448379983
5066630804	1448426118
2258435192	1448434624
5099605074	1448434748
1738121250	1448440270
2360034505	1448458246
2434800607	1448502840
1741978522	1448515706
1767868717	1448538693
1235987280	1448548826
3524430131	1448562863
2051543842	1448611065
1629188442	1448625725
3254580364	1448627414
3173573210	1448639050
2607893091	1448687990
5139862125	1448695297
1343245640	1448786474
1954028377	1448808215
2389167962	1448812861
2607544923	1448827448
5042098719	1448847287
3187879112	1448848644
1895073864	1448860495
1871271923	1448897414
2365716471	1449052199
3126588787	1449055217
3320475453	1449070119
1928904765	1449103540
1744511811	1449123252
1767207533	1449213003
3579561824	1449234430
2890338842	1449249740
2662645644	1449273414
2670063573	1449280540
1959654332	1449329270
5506345471	1449365673
1926016811	1449407950
2558727387	1449486261
1811837783	1449640529
1118428702	1449669322
1745747155	1449705191
2779958075	1449936580
1808634182	1450038813
3341241552	1450096444
2697874921	1450539513
1916459575	1450658870
1843173331	1450807759
1809019463	1450971781
1962481225	1451920127
2598372790	1452256739
