2656274875	1448960552
3853935002	1448960578
5165921361	1448960580
3607839393	1448960581
1829086453	1448960585
5478282540	1448960586
1140829901	1448960590
2096576307	1448960596
1843168605	1448960599
1525902133	1448960601
1400155577	1448960609
5667543179	1448960617
1807348381	1448960618
1810606884	1448960619
2313214172	1448960622
1717520464	1448960636
2490080864	1448960637
3809004860	1448960641
3678278901	1448960644
5237066284	1448960646
3993597995	1448960659
1605049247	1448960667
5345591869	1448960671
5765610244	1448960692
2644857563	1448960692
2646821893	1448960693
1358709653	1448960693
1976613081	1448960694
2427898080	1448960695
2176306152	1448960695
1600878022	1448960695
1298932815	1448960701
3803050377	1448960704
1972951657	1448960712
2420751283	1448960714
3590898751	1448960729
2832321351	1448960732
3305819203	1448960740
2706469933	1448960741
5327749135	1448960765
2885867023	1448960772
2168805207	1448960781
1748398082	1448960794
1983531075	1448960798
5423004504	1448960803
5582746853	1448960803
5540102020	1448960804
2993036925	1448960809
2780166375	1448960816
2396294194	1448960822
2636147307	1448960827
3900445334	1448960831
5738020200	1448960831
1553311743	1448960838
1675350815	1448960840
2074539095	1448960848
1870126944	1448960853
5289657100	1448960860
1674385613	1448960871
5359946835	1448960878
1775013703	1448960882
2794866177	1448960887
5293571386	1448960888
1381017855	1448960897
1822571801	1448960900
1795104832	1448960905
1787906971	1448960909
1096926433	1448960917
1301446341	1448960937
2282161215	1448960947
5092146086	1448960968
1249548545	1448960971
2725810971	1448960978
2761590661	1448960986
3226394625	1448960992
5192439965	1448960997
3042772843	1448961005
2958998847	1448961009
1378141657	1448961013
2104178911	1448961019
1800470637	1448961021
1695009887	1448961026
5355764094	1448961028
1905246341	1448961032
3228390334	1448961125
1920604791	1448961128
1948435145	1448961140
1378141657	1448961142
2912527807	1448961147
3861612336	1448961170
2878060484	1448961171
1758533085	1448961173
2219642065	1448961180
2608637410	1448961182
5504924341	1448961203
1272230270	1448961212
2043588203	1448961231
5219564724	1448961256
2354431861	1448961260
3271447757	1448961261
2243986254	1448961310
2615124157	1448961344
3980057994	1448961381
2655074057	1448961405
1866636221	1448961417
1067501532	1448961436
1773728577	1448961460
2030371897	1448961471
2354526825	1448961476
1485210190	1448961496
2618978070	1448961499
3204257302	1448961502
5660458777	1448961515
3881505325	1448961516
3021402617	1448961572
3637635074	1448961606
2605052681	1448961611
2860967384	1448961637
2730535330	1448961678
5617321027	1448961679
1556903995	1448961716
2674570042	1448961717
2268948494	1448961724
3518412623	1448961781
1727976131	1448961803
1502226022	1448961807
2257438440	1448961817
2350870161	1448961819
2853257970	1448961856
1950585574	1448961887
3857102025	1448961931
2650519502	1448961934
2642130832	1448961956
3356826984	1448961978
2119813832	1448961986
1991257673	1448961994
1841432561	1448961997
5437380418	1448962014
3053468827	1448962025
5771749562	1448962031
1520397643	1448962040
1670689793	1448962083
2275291832	1448962085
3302056487	1448962100
3935132512	1448962123
2963513737	1448962133
1349573412	1448962142
3268954255	1448962190
5721170694	1448962201
2617982475	1448962230
2649649502	1448962239
1705500980	1448962248
1802091542	1448962281
2895068164	1448962309
5042021736	1448962364
3104868395	1448962381
5582107859	1448962386
1957030390	1448962390
5675796718	1448962407
1699471612	1448962451
5398144155	1448962455
3872627995	1448962522
3616614200	1448962558
2253713713	1448962692
5224390008	1448962788
2016606350	1448962835
2082165093	1448962872
2168499337	1448962907
1838023467	1448962929
1662467342	1448962982
2521627060	1448963020
1062360372	1448963103
5299339442	1448963143
1715669487	1448963154
1240966897	1448963175
5491471542	1448963182
2301500483	1448963255
2189414181	1448963292
2039483300	1448963384
3179080050	1448963492
2996355892	1448963500
2877824482	1448963524
3703191200	1448963632
1190536863	1448963679
3099043551	1448963680
1104816635	1448963696
2954550281	1448963720
2798072560	1448963764
2015324901	1448963767
2236391160	1448963793
1902432961	1448963826
2081727825	1448963946
5114694645	1448963958
3986172985	1448963982
1252621397	1448963987
2745148953	1448963989
2964377561	1448964066
1670621601	1448964109
2278873002	1448964230
2624073477	1448964237
3479543330	1448964313
5034191624	1448964341
2276543900	1448964356
5229518685	1448964478
2494621553	1448964518
5031165376	1448964573
3512773360	1448964577
2672687873	1448964604
1846853375	1448964628
2145447437	1448964690
2653645321	1448964819
3224869500	1448964942
3040169724	1448964951
1902432961	1448965025
3258814642	1448965093
5721833554	1448965129
1739716387	1448965146
5482158381	1448965164
2617813533	1448965249
2177174461	1448965304
2876997423	1448965508
5659110943	1448965557
3221135774	1448965681
1732387254	1448965738
1591016965	1448965765
3225227333	1448965876
5051361380	1448965970
5123326885	1448965977
1460007581	1448966023
1400193833	1448966080
5715335570	1448966115
2258490681	1448966195
3441488140	1448966237
1091748097	1448966252
5131013843	1448966373
5302348662	1448966536
3544571422	1448966603
3460453364	1448966670
1308910991	1448966674
2671203480	1448966684
5297558557	1448966722
1429961220	1448966846
2759432737	1448966885
2273483063	1448966899
3592730212	1448966955
2185846757	1448966976
2034852105	1448967386
1747616755	1448967608
1904574931	1448967615
5515786398	1448967626
2258014632	1448967691
3654441130	1448967777
3856725264	1448967827
2837113583	1448967911
3165762627	1448967924
2011123520	1448968022
3238510784	1448968124
5252064605	1448968181
2287244195	1448968290
5043056555	1448968320
5375162600	1448968442
1789477562	1448968610
5136487020	1448968620
1833934873	1448968639
2138938827	1448968667
1827418687	1448968692
3219361991	1448968768
1105889273	1448968946
3163776537	1448968987
1456406945	1448968988
1734430753	1448969105
1886440150	1448969166
5103475872	1448969254
3316197232	1448969611
2803698642	1448969868
2571992505	1448970054
5714959567	1448970100
5035867320	1448970168
2902264857	1448970248
5319993157	1448970338
3733023150	1448970540
2163192991	1448970663
3564441393	1448970683
3315036723	1448970979
3539165080	1448971012
5662849974	1448971229
1789624784	1448971338
2421924422	1448971563
5616644899	1448971823
2991079677	1448972000
3928370028	1448972261
3865353401	1448973044
5381428447	1448973105
1902134062	1448973162
2348927072	1448975994
1208214133	1448976327
5693951362	1448976557
2464055295	1448977496
5387526225	1448977626
1955169441	1448977845
2359423692	1448978002
2620169431	1448978153
5720063644	1448978166
1003926134	1448978237
3213115390	1448978566
5095900938	1448978909
3482054307	1448979211
1651755147	1448979384
5723868007	1448979487
1545359837	1448980085
2083529171	1448980192
5198227128	1448980526
5631744685	1448981246
3947706676	1448981330
3132722841	1448981548
3479474141	1448982076
3214749977	1448982107
1444824222	1448983491
2019115023	1448983604
2342571255	1448983695
3123471550	1448984117
3130748967	1448984468
5193321825	1448985218
3260377380	1448986236
3674330384	1448988310
5063490324	1448994962
2356370652	1448998564
2291784400	1449000695
3569745063	1449002381
2718916925	1449009612
1204934195	1449014379
3168623132	1449015202
5708580617	1449016039
5708580617	1449016081
3769155077	1449016560
1963742512	1449017600
3806693006	1449018487
2659266831	1449018768
3166859825	1449019165
3185373002	1449019401
5669416690	1449019516
1660346477	1449019844
3242059192	1449020087
1143341590	1449020426
1088396992	1449020917
3215248901	1449021217
2168454911	1449022547
2459897890	1449022683
2349541531	1449025807
3980057994	1449025873
3612393937	1449025914
3244089840	1449025924
2593902247	1449028017
2381461594	1449029278
2312893297	1449030273
2923911471	1449030922
1994266137	1449031641
3909157647	1449034552
3354665690	1449038395
1373466431	1449038594
2741147193	1449039149
5776935053	1449039287
5776953428	1449039337
1667210821	1449039388
3967609025	1449039498
5777336724	1449039591
5776181255	1449039769
5777334257	1449039819
3077017905	1449039858
5777407743	1449039921
5776170305	1449039960
5777303948	1449040004
5777305494	1449040053
5776553090	1449040220
1870595955	1449040243
5776525940	1449040324
2695708335	1449040497
5597659262	1449040859
5532622189	1449041095
2880985702	1449041204
2695539180	1449043550
3361009064	1449044085
1818723765	1449044352
1108844574	1449045340
3212546783	1449045499
3213012693	1449046476
1291216590	1449047145
2505377800	1449055663
1727735641	1449057055
3214749977	1449062379
3812588087	1449063047
1870595955	1449064741
2150571502	1449065755
2268872854	1449072318
5038918345	1449101078
2695539180	1449102642
1870595955	1449104147
3060418747	1449107724
2794598994	1449109829
1115517237	1449125620
3464563734	1449130260
3423837922	1449189463
2168985725	1449190064
1610790311	1449191037
3168779032	1449193759
1225858693	1449194545
1225858693	1449194619
1703919130	1449194901
3166472044	1449196033
3276284794	1449217030
1834030380	1449237067
5274645216	1449484500
2695539180	1449493205
2107463272	1449546473
1952454711	1449628347
1041270817	1449631981
1180904951	1450219775
