2482557597	1447341320
1783688963	1447341336
2782454703	1447341340
5397701979	1447341349
1865532623	1447341356
1946293845	1447341360
5339641560	1447341360
5180386075	1447341360
2724873627	1447341360
2164837471	1447341362
1926126947	1447341366
2290301501	1447341378
1768403840	1447341379
2515205994	1447341382
5509493675	1447341383
1790116197	1447341385
5656901427	1447341391
1727588652	1447341398
1783395725	1447341398
2341468893	1447341399
2824989555	1447341400
5112477824	1447341401
2189029380	1447341404
3774133303	1447341404
5635848389	1447341405
1635429401	1447341405
2143249305	1447341406
5024932888	1447341407
5057300044	1447341410
1964887301	1447341413
2606688073	1447341417
5341752479	1447341418
2824775853	1447341420
5270217831	1447341420
3637040423	1447341421
3627382382	1447341424
1882526401	1447341427
2212766055	1447341427
5506567040	1447341435
2937330303	1447341439
3817144250	1447341440
2315692725	1447341441
5171245044	1447341448
2966099212	1447341449
1951847707	1447341450
5558087303	1447341452
3769089380	1447341452
2828745292	1447341453
5643818009	1447341454
3964168242	1447341460
5373869731	1447341462
1933096623	1447341463
1954137561	1447341464
5297807159	1447341469
5712666703	1447341470
1816264444	1447341471
2847042873	1447341474
5205267569	1447341476
1651396023	1447341479
2361977550	1447341479
3557202344	1447341482
3155604932	1447341484
1867724130	1447341484
1813805600	1447341486
1971019781	1447341486
2670289004	1447341487
2493754600	1447341497
2837205124	1447341498
2878721940	1447341498
2186182741	1447341499
2384368902	1447341501
2709911204	1447341503
2815392254	1447341503
2083216365	1447341505
2452690675	1447341506
5681530205	1447341508
5463556730	1447341509
3889640899	1447341510
1102720724	1447341510
2267293993	1447341511
5609158889	1447341512
2319838230	1447341513
2957429642	1447341515
5307357513	1447341519
5064392564	1447341521
2015842887	1447341522
5549311581	1447341522
5182340919	1447341526
3615419550	1447341531
2670629951	1447341534
1923422663	1447341534
5399287592	1447341536
1862790604	1447341541
5427959704	1447341542
1804615911	1447341543
3199469400	1447341546
1795790273	1447341547
2351370023	1447341548
3073652311	1447341554
3721245144	1447341558
5043857401	1447341560
5478504851	1447341561
1772545502	1447341563
2856402710	1447341566
3645209342	1447341567
1639267622	1447341569
1733205127	1447341574
3803526935	1447341575
3323353484	1447341577
3048127653	1447341577
1752831764	1447341579
3667196070	1447341582
2483869050	1447341583
3897079967	1447341584
2732584815	1447341588
5329781617	1447341588
2160484754	1447341593
2882936774	1447341599
3185672264	1447341599
5127307626	1447341601
1942784364	1447341601
2306905133	1447341606
1802178833	1447341606
5648672617	1447341606
2797878515	1447341611
3567673491	1447341611
3536921604	1447341612
5655830670	1447341613
3299642471	1447341616
1875668205	1447341618
2924827500	1447341622
2824124265	1447341625
1997896175	1447341630
1874493375	1447341632
3905922634	1447341632
5494304331	1447341633
1947941027	1447341634
5620517210	1447341635
1711176013	1447341636
3276286352	1447341637
1904537374	1447341638
3215081171	1447341651
3847266249	1447341651
2161681523	1447341656
1933338404	1447341658
2563213417	1447341660
5292666430	1447341660
1677174273	1447341662
1963232821	1447341664
3625934193	1447341667
5667779124	1447341668
5626330549	1447341668
3613747041	1447341671
1789465867	1447341674
1653714221	1447341677
2970471897	1447341677
3499035272	1447341679
5097882492	1447341681
2607917801	1447341682
3621232001	1447341683
5047918647	1447341684
1776614582	1447341684
3887082126	1447341686
2174751324	1447341687
1791254457	1447341689
3552640435	1447341694
1930759582	1447341696
5182161864	1447341701
5267789351	1447341704
1879889292	1447341708
1828191585	1447341709
2601075847	1447341714
5627844161	1447341717
1559499427	1447341729
3479793192	1447341731
5709881137	1447341733
2608759073	1447341742
3842104664	1447341744
3821055949	1447341746
2124974070	1447341764
5635848389	1447341764
5757104366	1447341768
2573564013	1447341770
2482756260	1447341771
3082727350	1447341773
5264314675	1447341776
2714027933	1447341781
2963812061	1447341781
5186827707	1447341787
5366876081	1447341787
1725085160	1447341789
3344577672	1447341795
2232755464	1447341799
5454980965	1447341801
1793585107	1447341803
1741026335	1447341808
2829622910	1447341809
3706143377	1447341810
5318008681	1447341812
3831676445	1447341819
5627898744	1447341831
3706143377	1447341838
1994869724	1447341840
1731231264	1447341842
5204882676	1447341844
5559679022	1447341853
3863384021	1447341854
5333652106	1447341858
1961840143	1447341860
5304216040	1447341862
1824563585	1447341865
1687779544	1447341865
2127602942	1447341867
3905709522	1447341868
1870511853	1447341870
2143405402	1447341873
3809835360	1447341873
2058121924	1447341877
1748009683	1447341879
5214114737	1447341879
1941461464	1447341881
1782889192	1447341884
1407812543	1447341885
3929245584	1447341887
2906920927	1447341888
5211813724	1447341892
1816926377	1447341900
2828752294	1447341908
1709038900	1447341916
5034160192	1447341920
2093303823	1447341923
3216295021	1447341925
2472157872	1447341926
5232237183	1447341928
5591403653	1447341928
5460504848	1447341929
2876235044	1447341936
2610568133	1447341936
2757997294	1447341939
3422160540	1447341949
2755344345	1447341951
2127635804	1447341952
5233944030	1447341952
5706169923	1447341953
3474402742	1447341960
5136751918	1447341960
3928990471	1447341961
5600668713	1447341961
2267780477	1447341965
2939265435	1447341967
2808797600	1447341968
2625659800	1447341972
1775016572	1447341975
3170281970	1447341976
5370668412	1447341977
5524955734	1447341982
3159681720	1447341983
2378166787	1447341984
2947420267	1447341986
2060279017	1447341986
2091078982	1447341992
1396893321	1447342001
2418818187	1447342007
2690746531	1447342009
2606537321	1447342011
1831139153	1447342018
2240410431	1447342019
2046501317	1447342020
3146278015	1447342027
5616037585	1447342027
2645284594	1447342029
5589440370	1447342030
2000213163	1447342031
3122840867	1447342036
2090433441	1447342038
2814976852	1447342040
3868416255	1447342041
3123559341	1447342048
5578435835	1447342053
3587971984	1447342054
5484999507	1447342057
2978614897	1447342061
5144012136	1447342065
1954137561	1447342070
2683066190	1447342072
2425795480	1447342072
5017966569	1447342078
2651909271	1447342078
2116920657	1447342079
2631318401	1447342088
5304216040	1447342091
5032918541	1447342106
2755344345	1447342110
1831139153	1447342137
5199892377	1447342143
5071705936	1447342149
2255797362	1447342150
1961840143	1447342158
1764245752	1447342159
2068358985	1447342160
2035355012	1447342164
2785848640	1447342169
5356999057	1447342172
2576610665	1447342179
2890852631	1447342184
2098631585	1447342185
1967690603	1447342186
1772665071	1447342192
5715291745	1447342193
1745028153	1447342195
1757419671	1447342195
5233535274	1447342206
2338296210	1447342210
1879999114	1447342210
3193500152	1447342214
3195625001	1447342214
2433109951	1447342221
2510066362	1447342224
1681374684	1447342226
2755344345	1447342229
3515437623	1447342248
1881859303	1447342253
2813260112	1447342256
1885959330	1447342266
1914939251	1447342267
2946518947	1447342269
2886249802	1447342269
2261684745	1447342271
2924309573	1447342273
2850978927	1447342287
3980674053	1447342288
2882600902	1447342288
5329356744	1447342290
5590763926	1447342293
2714771144	1447342295
1992092375	1447342304
1982028110	1447342315
3275481822	1447342318
2442585425	1447342320
3887082126	1447342322
1748009683	1447342328
3003761097	1447342329
2965963313	1447342333
1998411140	1447342334
5454372657	1447342335
2716085783	1447342339
2380499831	1447342343
5668302123	1447342346
3749190735	1447342352
5336508605	1447342358
3894439011	1447342363
5286093941	1447342365
1769714551	1447342377
1776823923	1447342377
3228221237	1447342388
2916701067	1447342388
1943559533	1447342391
1568331054	1447342393
5275024321	1447342394
2548698087	1447342399
1665456731	1447342399
5338207189	1447342409
3665359650	1447342410
2158395362	1447342417
3975086195	1447342417
1943374160	1447342419
2479202207	1447342421
2713476365	1447342422
2296260444	1447342424
1810140812	1447342425
1783642590	1447342425
5696377130	1447342429
2747785867	1447342442
5523363264	1447342449
1320651311	1447342453
1842770314	1447342453
2160918385	1447342453
1957619411	1447342469
1793342007	1447342488
2761179057	1447342489
2096794344	1447342496
1257365331	1447342498
2583776865	1447342504
3870785184	1447342505
5444040709	1447342505
2700703594	1447342513
2321945410	1447342525
3398277960	1447342528
3816895618	1447342530
3800097419	1447342535
2530173244	1447342541
2813208017	1447342544
3131427941	1447342554
3813071424	1447342555
1667186232	1447342558
3131427941	1447342561
2325335012	1447342575
3666801144	1447342580
5130109323	1447342586
2260642994	1447342604
2469290912	1447342608
3214591200	1447342613
1764566541	1447342615
5122869072	1447342615
1825478163	1447342615
5187450011	1447342616
5691353363	1447342627
5402410889	1447342631
1921643412	1447342633
3544356635	1447342638
3769977515	1447342639
1575495461	1447342640
3863713834	1447342642
2996959824	1447342642
3936262551	1447342649
5648072645	1447342651
3196994642	1447342653
2532850644	1447342658
5313404617	1447342658
1864571140	1447342665
1793070885	1447342670
2332106341	1447342670
2238294643	1447342674
5716283569	1447342675
3641825924	1447342683
5181100916	1447342696
3719577811	1447342701
3035985385	1447342726
3875031172	1447342732
3200311380	1447342748
3625190861	1447342759
1960392573	1447342773
2280829894	1447342775
5695976341	1447342789
1781668847	1447342793
5557819268	1447342794
2455211731	1447342814
2436992460	1447342815
5219588724	1447342818
3718833845	1447342827
2997831774	1447342837
2268204752	1447342841
1784728805	1447342841
1952313270	1447342842
2794237324	1447342848
1782892035	1447342853
2643380753	1447342855
2486386814	1447342856
2138059333	1447342857
3092795993	1447342863
5528762828	1447342875
1806670784	1447342882
2701368360	1447342897
5575125288	1447342905
1580797024	1447342930
1633174667	1447342935
3269117010	1447342946
5144274945	1447342950
5635540166	1447342952
1879841275	1447342953
5181060281	1447342953
5528762828	1447342960
1757699911	1447342963
1778987401	1447342965
2981734271	1447342985
3828396159	1447342991
3647600341	1447342996
2980145951	1447343004
5459639421	1447343017
2860156474	1447343024
2811545821	1447343027
3185672264	1447343030
5080820351	1447343035
5202134376	1447343046
5114540132	1447343055
2194080200	1447343075
5068861733	1447343084
1749754355	1447343091
3760438152	1447343094
2432641215	1447343097
5249352763	1447343100
2974662705	1447343101
2950429562	1447343111
3592029693	1447343113
2681157293	1447343124
3464212922	1447343124
5591209608	1447343142
2618153447	1447343146
2018826531	1447343153
5361216738	1447343158
2038818995	1447343165
2284519754	1447343167
2558056501	1447343169
2825642613	1447343172
5311195275	1447343177
2745312807	1447343178
2242967191	1447343179
1785271805	1447343179
2499117792	1447343180
3040258705	1447343184
3968030784	1447343186
5657802687	1447343203
2981734271	1447343208
2638675141	1447343223
5319211915	1447343223
2134581617	1447343234
5577359654	1447343239
3197556902	1447343259
3284818617	1447343259
2432072242	1447343265
1801788664	1447343273
1785271805	1447343279
2633157613	1447343287
2095214313	1447343289
3756997137	1447343291
5455767798	1447343292
2924827500	1447343308
2824989555	1447343310
1988220722	1447343313
2033202595	1447343319
2402370607	1447343326
5326294077	1447343333
2881515720	1447343344
2824989555	1447343361
5658122752	1447343366
2824989555	1447343376
1809880152	1447343383
2795352102	1447343392
2296843122	1447343393
5206208057	1447343398
1785271805	1447343406
2805730293	1447343408
5719924097	1447343417
3762626765	1447343421
5360587132	1447343434
3463276202	1447343439
3128788344	1447343457
1707237654	1447343463
1783292877	1447343467
1783935197	1447343472
3477550661	1447343474
3082608275	1447343484
5204697250	1447343488
1785271805	1447343495
1701927422	1447343497
1610003633	1447343499
2645817141	1447343515
3223829260	1447343517
5253726405	1447343524
5270421750	1447343525
3024554687	1447343560
3192763623	1447343571
2843915130	1447343571
1822896467	1447343575
1829702472	1447343578
2970280600	1447343595
5239356207	1447343608
2122289327	1447343611
5242894586	1447343613
2924827500	1447343621
5255309155	1447343624
5056112273	1447343635
3538521935	1447343666
3580082434	1447343671
3831867990	1447343672
1791841923	1447343685
1769929972	1447343726
1900962844	1447343733
2917692650	1447343746
2173405514	1447343748
2994937300	1447343771
3119270223	1447343778
2692058893	1447343794
3436770124	1447343802
3286574141	1447343823
1685264467	1447343830
2719416395	1447343833
2389351120	1447343846
1802388444	1447343877
1871632537	1447343882
1952313270	1447343883
2161383192	1447343887
2150036710	1447343891
1955688325	1447343894
1927868747	1447343899
2593986613	1447343909
1783857615	1447343924
1838330595	1447343937
2760045645	1447343943
2718901544	1447343944
2635939763	1447343955
1786789097	1447343966
2884962982	1447343976
2730148624	1447343999
5100360629	1447344001
2979963571	1447344003
1775940067	1447344005
5239221905	1447344024
5505007606	1447344032
2835943094	1447344038
5100360629	1447344057
5445111890	1447344058
5121564445	1447344062
3182040034	1447344066
2276425561	1447344086
1688678403	1447344100
1903642887	1447344118
2650731447	1447344150
2310179073	1447344187
3579461620	1447344239
3231973544	1447344255
1732605900	1447344277
2609182175	1447344281
5144958864	1447344301
3846500121	1447344335
5224377229	1447344352
1822465574	1447344372
1785271805	1447344373
1785483367	1447344390
5411607474	1447344411
1808273564	1447344422
3308998117	1447344422
1890109717	1447344441
3148607541	1447344447
2284061721	1447344478
2186946561	1447344553
1985044345	1447344565
2840268807	1447344567
2274009221	1447344626
3138314563	1447344629
2353058317	1447344642
5288480160	1447344656
3171644380	1447344665
3923855341	1447344681
2752317087	1447344703
2804716535	1447344710
2694123360	1447344762
1721994424	1447344764
2955148307	1447344802
5457954207	1447344835
2584895497	1447344839
2959611723	1447344860
2115754361	1447344863
3265557424	1447344914
5720986209	1447344925
3129731431	1447344986
3962849969	1447345015
2953553833	1447345050
5233537127	1447345075
1798488515	1447345090
3483363733	1447345111
1644766215	1447345116
5516281108	1447345126
5074841139	1447345126
5072060763	1447345134
3803463284	1447345142
2339270282	1447345147
2919280151	1447345152
3966011306	1447345170
1925110922	1447345205
2912123891	1447345214
1932984747	1447345237
3840853842	1447345262
1607010545	1447345267
2724642754	1447345300
2264517423	1447345311
1975923947	1447345319
1710489282	1447345346
1750954712	1447345406
5264106879	1447345411
2826285074	1447345424
3238398604	1447345444
2603535492	1447345448
3947840834	1447345467
5281892859	1447345475
2646405143	1447345478
1827118860	1447345492
5099675879	1447345499
1897386632	1447345500
5299861495	1447345554
5241872659	1447345566
3194703852	1447345593
2122544004	1447345618
1931753660	1447345699
2206716820	1447345710
3853220748	1447345721
3793442842	1447345842
5389670507	1447345852
3602969470	1447345888
2816115664	1447345892
5631557831	1447345965
1783535465	1447345987
2997024582	1447346018
2729088921	1447346019
2754618500	1447346043
5146756007	1447346084
1825988812	1447346089
3259778884	1447346096
1907562903	1447346096
1869426585	1447346133
5557052888	1447346173
5044412192	1447346192
3168572174	1447346197
5369414404	1447346204
3087039517	1447346231
5593796081	1447346286
2065800335	1447346340
3525341652	1447346374
2642897851	1447346436
1904333411	1447346451
2948542171	1447346452
3752952243	1447346456
5477070671	1447346484
1800057694	1447346501
1800057694	1447346519
3176835374	1447346554
1686349691	1447346580
3299393723	1447346599
1692522267	1447346611
3582654890	1447346661
2689255651	1447346735
1869721144	1447346748
5249618065	1447346791
1785811082	1447346853
2265734600	1447347004
3873009748	1447347147
2754019901	1447347153
5091016999	1447347204
2538099053	1447347301
2538099053	1447347432
2719788041	1447347485
5150347491	1447347487
2084590443	1447347494
5185186133	1447347497
1783429622	1447347503
1978847061	1447347520
2160018003	1447347565
1874670220	1447347705
1964887301	1447347912
2759772277	1447347996
5505614806	1447348064
2707895793	1447348130
2099327100	1447348200
2759772277	1447348201
5320392241	1447348271
3208139637	1447348324
5478707072	1447348351
5275293109	1447348400
2884600822	1447348444
2254574691	1447348469
1715948247	1447348609
5140712419	1447348623
1769842677	1447348689
1798872821	1447348708
2711944087	1447348865
2205473423	1447348885
5385794861	1447348920
2602959124	1447348955
3178576503	1447349292
5231138178	1447349471
2840607534	1447349521
2619457975	1447349568
2265068114	1447349830
3040203135	1447349873
5341987434	1447349966
1873554715	1447350027
3791321111	1447350144
1818630674	1447350407
2073521251	1447350460
3894995230	1447350553
2564125861	1447350557
2805515810	1447351103
1890826934	1447351307
2738009230	1447351557
1817670423	1447351841
2862636914	1447352218
2679618803	1447352289
5757118065	1447352472
2871216282	1447352654
2238551320	1447353908
2910132467	1447355150
3196350782	1447355593
1889634330	1447355960
5635570427	1447356405
3884617318	1447356543
3180450682	1447357041
3940857768	1447358056
2719949063	1447358337
3736504305	1447358587
2571336394	1447359740
1631195697	1447360550
5113127057	1447361399
2157787673	1447361566
3848255544	1447361735
2882329130	1447362121
2308693560	1447362355
2415402167	1447363638
2123627745	1447363892
2736875815	1447364097
3780718631	1447364617
5153054310	1447365040
5496930087	1447365349
2480101933	1447365353
5134311417	1447365389
5494025575	1447366094
2681069871	1447366223
1611843697	1447366307
1656110231	1447366327
2710612341	1447366804
3310696693	1447366815
1570707544	1447366885
5634217401	1447366995
1795357357	1447367134
5038910851	1447367472
2258168625	1447367485
3855073524	1447367570
3123473402	1447367734
5024816019	1447367770
2692017863	1447367900
5479128871	1447367933
2440262340	1447367939
1746293917	1447367972
5362148577	1447367982
3551083755	1447368104
3029532084	1447368152
5464164164	1447368165
3191378782	1447368315
2517968391	1447368448
1772317205	1447368455
1954971255	1447368479
5725515033	1447368533
3753600105	1447368539
2119654967	1447368565
2942854977	1447368643
5375680455	1447368685
2182880131	1447368723
2722181181	1447368761
3916590707	1447368805
1762864394	1447368963
5393846171	1447369108
1836523232	1447369121
2503721670	1447369151
5646438093	1447369189
3858474765	1447369241
2448850325	1447369302
1782781232	1447369416
3381456592	1447369528
2120998500	1447369578
2507055403	1447369601
1897772471	1447369693
2796560030	1447369705
2127549520	1447369778
1914974717	1447369799
2205457463	1447370074
1802901750	1447370119
2299829584	1447370225
2884400284	1447370240
2529843470	1447370449
1807112660	1447370451
3250452355	1447370459
1874238991	1447370471
2161859344	1447370575
5398464629	1447370764
3262984890	1447370888
3123471185	1447370933
5088476782	1447371015
3146506612	1447371022
1865805593	1447371035
5515583262	1447371081
2211604107	1447371151
1927597817	1447371262
5542781348	1447371359
1980220197	1447371376
3033931234	1447371446
2686431991	1447371512
2504163300	1447371560
1642128932	1447371690
5196904506	1447371754
3897071170	1447371785
1840718092	1447371898
1324279844	1447371987
2157498160	1447371996
1771348460	1447372011
3633587175	1447372020
5381171933	1447372076
2036697931	1447372165
1177362713	1447372178
2036697931	1447372192
2306962912	1447372223
1798601893	1447372321
1550984457	1447372344
2033050297	1447372419
2212783562	1447372424
2605256657	1447372444
3370640282	1447372531
5404954230	1447372573
2366543090	1447372655
3185838545	1447372660
2699372895	1447372708
1912467804	1447372818
5311568679	1447372823
1786729815	1447372863
5585932758	1447372950
2429581427	1447372963
1746616110	1447373033
5512136753	1447373054
3823665810	1447373072
5623757615	1447373114
3819787317	1447373115
5321656117	1447373145
1980476400	1447373198
1030269163	1447373225
1951701202	1447373239
2456953374	1447373241
1806117555	1447373403
2737425605	1447373410
3950950188	1447373462
5056260806	1447373462
1908542250	1447373478
5085773918	1447373498
5520874774	1447373531
1944795093	1447373666
5192086997	1447373687
2535650992	1447373698
1785271805	1447373809
1918459887	1447373828
1785271805	1447373848
5180212992	1447373879
2657002283	1447374061
1214978721	1447374090
3810924007	1447374104
3486061602	1447374149
2680194323	1447374155
2955481682	1447374164
2827647752	1447374164
3192583603	1447374242
3068914983	1447374252
3166036883	1447374354
2869677330	1447374354
1590520257	1447374362
5315069970	1447374366
2170497864	1447374401
5414364632	1447374441
2903130417	1447374541
1700906573	1447374644
3501465811	1447374695
1777630291	1447374773
2924994031	1447374807
5415003602	1447374817
5715475786	1447374906
3859148752	1447374973
2210740621	1447375059
1724364137	1447375077
2532402372	1447375127
3962230992	1447375177
3919360437	1447375243
2132639447	1447375321
3101790703	1447375333
5243964335	1447375381
2449562241	1447375393
1685708672	1447375418
1997009760	1447375480
2068869351	1447375510
1863700452	1447375530
1925952590	1447375538
5521677623	1447375567
2582143995	1447375571
5023696057	1447375591
3735216880	1447375614
1808003540	1447375715
2008535001	1447375722
3756234745	1447375723
2080873767	1447375786
2020784217	1447375809
2813828172	1447375816
1041945395	1447375854
1959041185	1447375906
5080245036	1447375925
3886335900	1447375933
5529147194	1447375973
1768465185	1447375990
3675867534	1447376038
1804896837	1447376042
5175522718	1447376155
1758414495	1447376177
3397489770	1447376213
2312359115	1447376226
1954120867	1447376261
3218826041	1447376336
3006757454	1447376343
5015184635	1447376364
3176929537	1447376411
3117256875	1447376440
5340715841	1447376468
1925377634	1447376536
1826167382	1447376554
1032638563	1447376681
2741898104	1447376716
2174188443	1447376729
5294831954	1447376823
2109330342	1447376945
3039640961	1447376953
5434226734	1447376957
3583879813	1447376961
2440932623	1447376961
3043490145	1447377121
5102063465	1447377172
2280085792	1447377319
5045457936	1447377469
2195930501	1447377484
2417429707	1447377556
3180745574	1447377787
3041040047	1447377788
5523613950	1447377802
1836523160	1447377810
1836606135	1447377859
5634635097	1447377914
3904253001	1447377952
5538594813	1447378145
1897763193	1447378173
1858717497	1447378175
1858084770	1447378212
1834937197	1447378233
2398472037	1447378245
3224700330	1447378307
1607572891	1447378394
1100129805	1447378460
2797663655	1447378471
5051471363	1447378501
5334817463	1447378520
2761347673	1447378525
1776093385	1447378567
1785788791	1447378637
1110079423	1447378690
1735275637	1447378846
2773795385	1447378899
2793469147	1447378919
1917938400	1447378954
5567831999	1447378987
3171143325	1447379028
3948723948	1447379096
2252774003	1447379112
5315152724	1447379128
2515207523	1447379392
1436747382	1447379404
1828684713	1447379407
5234496426	1447379433
2748292363	1447379456
1804132267	1447379542
5336792072	1447379741
1729006153	1447379756
3856192779	1447379998
1851856617	1447380094
5022395546	1447380099
2465837145	1447380108
1945625405	1447380138
5030839212	1447380145
3210383005	1447380171
2953781710	1447380371
2939073555	1447380372
2682302043	1447380373
3952267356	1447380402
2646378051	1447380403
3314540751	1447380429
1780708977	1447380508
3180510012	1447380664
5449224700	1447380800
2451943832	1447380812
1968243033	1447380831
2463180203	1447380876
1796896995	1447381007
1931473995	1447381011
5584962132	1447381124
3597972324	1447381132
1155309503	1447381261
2603829441	1447381376
3803073422	1447381601
2351370023	1447381689
5224723676	1447381723
3131653061	1447381773
3637155993	1447381833
2420843862	1447381929
1887861631	1447382042
1824576411	1447382287
5321153478	1447382323
1586878324	1447382628
3797817255	1447382707
5677369365	1447382816
2585448227	1447383032
5236549132	1447383101
2969660463	1447383397
2532401422	1447383464
1788874423	1447383550
5283760173	1447383557
2281693933	1447383571
1922698295	1447383592
1452957965	1447383596
3814160638	1447383614
5252350113	1447383794
2054584104	1447383806
5326494736	1447383826
3756997137	1447384203
2115486877	1447384315
2904762781	1447384492
3116266891	1447384520
2093683024	1447384694
2827835422	1447384828
2302923375	1447384857
3094720031	1447384944
2672568210	1447384949
1931306134	1447384967
3848715166	1447385204
1677587023	1447385345
1690869337	1447385661
3116497407	1447385841
2243362461	1447385844
3575868817	1447385874
2030650063	1447386053
5466692598	1447386153
2707986343	1447386221
3256777231	1447386327
3597070234	1447386387
2151143220	1447386414
2013508005	1447386585
2971832107	1447386684
3339855452	1447386959
1795078715	1447386969
3600474002	1447386992
2908546233	1447387029
2834295197	1447387099
3811014345	1447387326
1787173525	1447387379
2782844085	1447387395
2474804274	1447387441
2907614885	1447387629
5067384524	1447387745
5457117591	1447388044
1950099095	1447388061
5362246488	1447388118
3799827570	1447388164
5564782275	1447388225
3817467119	1447388228
5509270815	1447388297
2505828632	1447388857
5368630151	1447388979
5132065600	1447389202
2955408734	1447389224
3166529884	1447389312
1760801023	1447389455
1961373811	1447389469
2678914474	1447389476
5480946320	1447389649
3256777231	1447389746
1770416221	1447389967
1765271784	1447390085
5283815277	1447390208
5390047507	1447390332
2284952270	1447390459
3167335577	1447390481
2116030091	1447390521
2314358022	1447390579
2889858723	1447390607
2809408257	1447390671
5631782215	1447390694
5181619676	1447390835
5161777161	1447390847
2515205994	1447390889
1869540851	1447390924
3968988950	1447390925
2841709604	1447391016
3720802744	1447391078
1816264444	1447391110
2008580563	1447391203
3645209342	1447391223
1964887301	1447391265
2728508055	1447391305
2349847372	1447391337
1980744485	1447391449
5736703158	1447391489
5119707643	1447391505
5368988166	1447391544
3735628047	1447391667
2811952152	1447391783
3675336105	1447391806
2670942603	1447391845
3776670641	1447391976
2029458824	1447392348
5410042558	1447392433
3962456505	1447393025
2785194063	1447393061
3675518545	1447393403
5333881518	1447393580
3901413191	1447393812
3977227056	1447394180
2003073135	1447394753
5460482948	1447394777
1638895741	1447395366
1758779317	1447396510
1781379713	1447396565
1763109065	1447396588
2862629254	1447397020
3816607537	1447397133
2845592172	1447398158
3323353484	1447398233
2597604472	1447398524
2055500777	1447398646
2390491864	1447399061
2721214434	1447399120
1785986827	1447399165
5018311527	1447399697
5067100099	1447400404
2616618322	1447400466
1957312354	1447400499
5664203934	1447400747
2257614644	1447400875
2589415011	1447400953
5694746410	1447401264
5318417813	1447401460
5399698045	1447401788
5366845829	1447401924
1949788913	1447402623
3815463285	1447403205
2947698381	1447403331
3272791864	1447403735
3082572105	1447403832
5245909392	1447404741
5027561927	1447404881
3197304645	1447405430
3153434254	1447406039
3185717610	1447407288
5019525758	1447407701
1852214012	1447407728
3986235912	1447407904
1855031361	1447407997
3476834792	1447408000
3267036684	1447408079
5236920498	1447408160
5243523970	1447408270
1940996971	1447408728
3489775640	1447408807
3925716347	1447408893
3170546400	1447409103
2771892141	1447409444
5218014916	1447409536
1441771107	1447409581
5194169637	1447411345
5321520257	1447411569
1751285553	1447411636
1811743853	1447411749
3735854203	1447412707
5700274876	1447412802
3070062643	1447412915
5700274876	1447413289
3199146027	1447413464
1688061327	1447414151
2090652427	1447414967
5745498781	1447415057
5743724001	1447415799
2265920157	1447416229
5218998310	1447416512
1402533784	1447416720
2257156540	1447416807
2967593457	1447417271
3959740334	1447417947
2284719182	1447419388
1272788615	1447419803
2127835851	1447420192
2858699033	1447420615
5300064057	1447421157
3804860628	1447422834
3772793267	1447423231
2563022797	1447423816
1781077821	1447424341
1783210223	1447424433
2864681900	1447425551
5628488748	1447426452
5369481151	1447426798
3518710771	1447426817
3142327624	1447426921
3871539154	1447428155
3027142274	1447428356
5382977048	1447428547
5487730648	1447430045
3163493160	1447430492
5069694670	1447430837
2678714833	1447432141
5302166241	1447453720
2076263017	1447456056
1162180353	1447456168
2976390260	1447457441
3934184781	1447464198
3908422195	1447467122
5522704092	1447467535
1790882162	1447467777
5170994125	1447468762
5657313435	1447472404
5086852010	1447473767
5039083290	1447474983
1851932860	1447475025
3239208583	1447476755
1783342545	1447477661
2899833161	1447478488
3880434093	1447479473
5018503938	1447481150
2054105181	1447481487
2709112231	1447482709
3889623868	1447484338
2904762781	1447489917
1978871632	1447496747
1957197007	1447507584
1957197007	1447507590
3549416571	1447518653
5745356952	1447549459
3018397487	1447564376
3810706044	1447565839
2679741081	1447568009
3977502039	1447568450
2347607153	1447569172
1801439724	1447569219
3914020018	1447570320
5281582783	1447571707
1979934807	1447572296
2525646122	1447576238
2352254812	1447583230
2678537660	1447587932
1797995835	1447589281
2899107131	1447589511
2055335311	1447589914
2814323071	1447591800
2728616713	1447597130
3947460773	1447598799
1767324924	1447600109
3178090330	1447628503
2286031290	1447636879
5643469714	1447907898
5580453282	1447939880
3276198245	1448453948
