2287681313	1447320686
5497820233	1447320708
2374396207	1447320755
1669602387	1447320759
3107797627	1447320765
3150393424	1447320773
5693612782	1447320777
1964694627	1447320797
5175223601	1447320799
5615672986	1447320803
3637049562	1447320807
2295414381	1447320810
5130095083	1447320827
5567155905	1447320831
2809544634	1447320835
1840775974	1447320848
5533200839	1447320853
5178442337	1447320865
2464640011	1447320894
3205183877	1447320914
1623224142	1447320915
5249062132	1447320920
2886384867	1447320933
5579922700	1447320940
5693407117	1447320971
3887203728	1447320972
5180396050	1447320983
5169657670	1447320994
3775469103	1447321026
2678484413	1447321029
3699448410	1447321044
5121494726	1447321066
5745271283	1447321097
5305451686	1447321099
5576172265	1447321102
5038464775	1447321106
1840775974	1447321114
3645541510	1447321169
5703365695	1447321211
3114871497	1447321226
5429645873	1447321231
5663457750	1447321252
5385582886	1447321260
5655371135	1447321262
1855579144	1447321274
1820811552	1447321305
2864675837	1447321307
3880434696	1447321309
5237373155	1447321372
5609718048	1447321428
3573620953	1447321433
3251532575	1447321435
5587919522	1447321482
3606709771	1447321508
3435933252	1447321573
3996131157	1447321603
1728991653	1447321604
5079556344	1447321610
3971140842	1447321650
5126183391	1447321667
3664861807	1447321693
3420798582	1447321700
3480990581	1447321776
5536160579	1447321783
3772080461	1447321808
5597743659	1447321838
3480990581	1447321848
5647305218	1447321877
5177662782	1447321912
5685914258	1447321915
5335673213	1447321974
3146571295	1447321985
1644474757	1447322020
2279617924	1447322025
2599800921	1447322056
1866765235	1447322169
5462805762	1447322283
5626441324	1447322287
5019344138	1447322329
2791035625	1447322339
3564421755	1447322350
5460834463	1447322476
3841245504	1447322562
3127277734	1447322727
5118271183	1447322728
3532689605	1447322961
5141426073	1447323020
5584139414	1447323063
3810463351	1447323253
5670744771	1447323260
2631460794	1447323262
3845778211	1447323314
3305060735	1447323337
5268127838	1447323426
1887326050	1447323499
3895991219	1447323523
3175394954	1447323528
3715468723	1447323664
2710922527	1447323749
1951293417	1447323791
1798209657	1447323895
5019699849	1447323970
5652387857	1447323978
5619759038	1447323997
5495735871	1447324016
5277638910	1447324083
3983489775	1447324125
5015193975	1447324135
5244002317	1447324141
1742392083	1447324459
2708266203	1447324813
5296494866	1447325047
3217746353	1447325153
5693919557	1447325395
5651447767	1447325526
2518853210	1447325591
1829264030	1447325907
1063134864	1447326008
1728703761	1447326150
5088159821	1447326225
5305028286	1447326463
3911273588	1447326856
5669496071	1447327291
5493797720	1447327659
2652353242	1447327691
2585529107	1447328531
3501769510	1447328986
2919870332	1447329979
5576624704	1447330155
3515796941	1447330584
5699343084	1447330824
3488600440	1447331676
1778755905	1447332675
2117059565	1447334571
5697662976	1447339983
2409762805	1447345960
5653506784	1447349303
5094518986	1447370257
3953453421	1447391251
5175282641	1447481997
2513550842	1447993826
5243860885	1448506408
2748459033	1452506744
