5291032498	1447349403
3867185202	1447349448
5418835969	1447349451
5666393309	1447349516
5660420658	1447349518
3784561465	1447349522
5292449036	1447349530
3785957973	1447349544
2699501483	1447349547
3249579604	1447349556
5747625688	1447349565
5258467004	1447349569
5752606546	1447349578
5719719540	1447349582
5603158624	1447349583
3803240326	1447349585
5745065748	1447349592
5746935151	1447349592
5605905458	1447349613
5619040474	1447349627
5461066422	1447349657
5564490315	1447349670
2681422924	1447349677
5627561763	1447349677
3639917312	1447349684
5027221530	1447349711
5718515235	1447349779
5742507175	1447349794
5653508456	1447349795
5527157200	1447349815
5474569726	1447349819
5752126128	1447349850
5130047815	1447349858
5514181489	1447349863
2597756423	1447349936
5598750006	1447349947
5526106028	1447349963
3415797370	1447349967
5730637768	1447349988
5705255747	1447349991
5542065794	1447350015
5650717592	1447350030
5703231577	1447350046
3790944241	1447350083
5594170764	1447350096
5743593716	1447350106
5728782776	1447350115
5695721554	1447350118
5695724048	1447350124
5657511459	1447350131
5741820640	1447350145
3896938311	1447350148
5444237339	1447350168
5742682691	1447350207
3892065297	1447350248
5740370508	1447350274
5746792778	1447350311
5738052473	1447350331
5745473985	1447350363
5708484068	1447350391
5677344282	1447350393
2035428805	1447350417
3020814735	1447350512
5685753864	1447350512
5241461122	1447350513
2198993057	1447350553
5663217732	1447350587
5702513715	1447350617
5675163969	1447350643
5746961841	1447350669
5296917516	1447350692
1662950312	1447350694
2054976507	1447350802
3873329775	1447350818
5709519002	1447351120
5662263511	1447351123
1729733484	1447351186
5307888844	1447351249
5704912904	1447351265
5157569980	1447351290
5241377375	1447351335
5543729349	1447351406
5697872984	1447351417
5750758789	1447351420
5712838595	1447351428
2546064232	1447351444
5745711106	1447351460
3488548732	1447351477
5198050838	1447351490
3163114624	1447351602
5710476489	1447351854
5053710964	1447351863
3126152872	1447351888
2895515265	1447351900
5290323005	1447352029
5308985226	1447352175
5609967771	1447352215
5578183199	1447352231
5699537299	1447352247
5562630808	1447352304
5668771158	1447352406
5593280558	1447352444
2303384231	1447352485
5673031891	1447352538
5673131263	1447352780
5668943413	1447352834
5602746060	1447353006
5667199243	1447353193
5662857424	1447353197
5604113851	1447353235
3977385586	1447353288
5687472718	1447353421
5499866867	1447353469
5695611615	1447353493
5526226306	1447353790
5751957310	1447353869
5581863111	1447354059
5621948647	1447354548
5723207160	1447354982
5575153898	1447355733
5645118401	1447355744
5697998362	1447355806
5703602249	1447356086
5684603761	1447356294
5549827962	1447356643
2015786857	1447356663
5749975079	1447357661
2956773200	1447357816
5745452779	1447358020
5654071380	1447358371
2304354883	1447358599
3949739384	1447359709
3013090263	1447359834
1063089951	1447359885
3787360491	1447361569
5597648220	1447362384
5568019383	1447363114
5671059341	1447363308
5732575679	1447363468
3613455227	1447365101
5757035359	1447365191
3793772751	1447365420
5078347944	1447365507
5534250811	1447365549
2959341200	1447365592
3261097132	1447366009
5605202469	1447366097
5583932071	1447366109
5710518283	1447366369
5197094969	1447367008
3172430242	1447368173
5164421770	1447368286
5689452273	1447368315
3511110170	1447368369
5191778884	1447368456
2145146262	1447368502
5323952280	1447368512
5590576373	1447368872
5706167602	1447369030
5706129352	1447369068
5660988748	1447369085
5577500160	1447369265
5641445736	1447369296
5131851593	1447369452
5691361343	1447369647
5648419845	1447369765
2012999022	1447369772
5643335165	1447370021
5669808561	1447370447
3796244131	1447370509
3913172938	1447370890
5291056386	1447371148
5055966117	1447371195
5723238919	1447371274
5681279296	1447371432
5716049971	1447371460
3627216320	1447371844
5031876317	1447372026
5756581553	1447372107
5749960756	1447372170
5671887291	1447372967
3971477057	1447373160
3841003192	1447373341
1883556253	1447373428
5628408495	1447373640
2267120194	1447373742
5672653869	1447373851
5725387873	1447373939
5562574522	1447374151
5737214744	1447374370
5136606841	1447374495
3501954042	1447374964
5683627474	1447374998
3873169764	1447375178
5703745135	1447375233
5105917946	1447375375
5742836170	1447375377
5720349118	1447375387
5383072537	1447376182
5703578375	1447376439
5671335648	1447376617
1789154944	1447376838
3863483878	1447376906
5748987678	1447377471
5279486900	1447377576
3955257241	1447377759
5677821296	1447378258
5651904615	1447378646
5449636922	1447378666
5725511463	1447381123
3229428682	1447381288
5749767295	1447385719
2355923181	1447387564
3214723111	1447401114
5046595547	1447403787
5714534830	1447409890
5703651782	1447418351
5618144411	1447439238
5742645558	1447461616
5710339405	1447496126
5731732797	1447507212
5654317850	1447514133
5742645558	1447561707
5742645558	1447646546
5742645558	1447734699
5742645558	1447823362
5742645558	1447906332
5742645558	1447906348
5597648220	1449337595
