1974576991	1448249430
2886756290	1448249450
3906512424	1448249455
3626679697	1448249463
3007020937	1448249474
5516874206	1448249491
2365868843	1448249491
5203698467	1448249496
3973246344	1448249497
2823633602	1448249503
2616223635	1448249507
2755078571	1448249509
1882936511	1448249510
5767410710	1448249511
1792525237	1448249512
2613122357	1448249516
1727436667	1448249520
5703022505	1448249524
2729594020	1448249528
3888336730	1448249530
1868670085	1448249545
5288666846	1448249546
1349753261	1448249552
3616258145	1448249553
1572565721	1448249557
1707464491	1448249558
5388657195	1448249562
2530866530	1448249563
2571291971	1448249569
3302977495	1448249569
2081585287	1448249571
1753089351	1448249583
3588097355	1448249588
5086836352	1448249592
1616836491	1448249594
5244004584	1448249595
5634550319	1448249597
3168668084	1448249603
3282939854	1448249604
5535519970	1448249606
2315832910	1448249611
2591929954	1448249621
1281628684	1448249622
5199942842	1448249629
3504044537	1448249637
2156437930	1448249643
1045924662	1448249645
2299511871	1448249648
2382165604	1448249657
1942492542	1448249658
2392773807	1448249661
2413955054	1448249666
3982974902	1448249673
3851311797	1448249681
2733558925	1448249681
5634047464	1448249683
5118886044	1448249687
1282152370	1448249690
1588148533	1448249704
1926831911	1448249708
2236152910	1448249710
1875082114	1448249713
5153939719	1448249721
5468068147	1448249744
5767643104	1448249744
1627141665	1448249752
2932230880	1448249760
2971043982	1448249774
2946103872	1448249777
2297659660	1448249781
2528416785	1448249781
5688495447	1448249793
1915800465	1448249795
2144844251	1448249816
2254944947	1448249822
1893077473	1448249825
1730531675	1448249825
2548385157	1448249826
3503634893	1448249832
2274713011	1448249841
2351628853	1448249842
1970585025	1448249843
1775039205	1448249843
2737294267	1448249859
2779379903	1448249863
2127748360	1448249877
1931214513	1448249889
1513792412	1448249899
5662041343	1448249902
1559444003	1448249904
5361118704	1448249918
2090770613	1448249919
2214240951	1448249923
2480424591	1448249938
3244302375	1448249942
3880762217	1448249946
1787834847	1448249972
1810331937	1448249973
2850813477	1448249976
1787017011	1448250002
3909247082	1448250013
1749672203	1448250033
5437808859	1448250043
5338354744	1448250049
2938106170	1448250053
5446049963	1448250073
1763901180	1448250089
5550432504	1448250091
5666857088	1448250093
2576913824	1448250094
5496331828	1448250100
3955810379	1448250114
2382112932	1448250131
1699014912	1448250141
3638618843	1448250154
1892469535	1448250166
2080898021	1448250173
2007849977	1448250181
2603048762	1448250195
3469959814	1448250201
2123900837	1448250212
2239092485	1448250214
1708151543	1448250239
2293137042	1448250241
3950158239	1448250241
1856150042	1448250242
1708515075	1448250267
1751242825	1448250305
5509225847	1448250309
3951678598	1448250320
1862894194	1448250340
1503492851	1448250363
5745942462	1448250369
2638448595	1448250372
1707466873	1448250380
5594646108	1448250388
1683605680	1448250403
3178602574	1448250410
1820625364	1448250411
2675438171	1448250416
1395066600	1448250451
1891062395	1448250467
1070052712	1448250471
2276673245	1448250477
1853976983	1448250488
5143718068	1448250490
3165613923	1448250530
5150649131	1448250540
3201793042	1448250547
2406156040	1448250569
2259705132	1448250587
3197051031	1448250609
5127910777	1448250642
1813528364	1448250653
2262632117	1448250661
2647641870	1448250666
2003328491	1448250675
1576429265	1448250680
1838659967	1448250707
5747012666	1448250714
3165289494	1448250723
1801533703	1448250790
2883765800	1448250826
2194438912	1448250850
5206279790	1448250865
5041236508	1448250907
5340186297	1448250909
5647562785	1448250915
1584422975	1448250934
5017070543	1448250949
1666224420	1448250954
1199121484	1448250980
2611714425	1448250983
3162582721	1448250996
2494954817	1448251003
2447262721	1448251045
2323930790	1448251069
1837879442	1448251074
2101757074	1448251095
1280939522	1448251114
1214179143	1448251117
1756698971	1448251139
2423012740	1448251145
5557927617	1448251172
5436815300	1448251202
2200658513	1448251215
2413936111	1448251218
5444795150	1448251226
5726636298	1448251234
2237163535	1448251236
3199828720	1448251246
1903572693	1448251288
1553186230	1448251303
2808876962	1448251309
3306827072	1448251322
1949751285	1448251333
1751417211	1448251343
3308221324	1448251344
1349415025	1448251388
1869864193	1448251409
2677017947	1448251484
3162957795	1448251581
5512997994	1448251605
2941011755	1448251613
3991640930	1448251626
1686890750	1448251652
1504915020	1448251676
5305467003	1448251712
5367602080	1448251720
5402664730	1448251742
1846292735	1448251754
2986175775	1448251821
1771986705	1448251929
2473652824	1448251973
5227066455	1448251977
1380967291	1448252001
2447712161	1448252009
2507341727	1448252057
1996856784	1448252065
3327502872	1448252067
3121591441	1448252071
1914070537	1448252088
3765166080	1448252114
1298833695	1448252121
2274328140	1448252122
1824914287	1448252207
5455282244	1448252213
2471363144	1448252214
2364602895	1448252225
3329790234	1448252232
2422730721	1448252256
2434792262	1448252270
2171958835	1448252310
1002018521	1448252333
1816501077	1448252357
3154991177	1448252361
5712804177	1448252411
2169745463	1448252428
2930426471	1448252448
1718504204	1448252450
5641230226	1448252472
3835551451	1448252498
1045619601	1448252499
2817040913	1448252522
3812763877	1448252584
3207202063	1448252674
1914138311	1448252833
5344520161	1448252868
1564405134	1448252901
2994083845	1448252931
1305219004	1448252954
2097972000	1448252987
5142967320	1448253027
1351709883	1448253061
3926679816	1448253070
5579183428	1448253077
2543575045	1448253119
5089405697	1448253126
3206196640	1448253134
2562632341	1448253168
2452604521	1448253169
5653590816	1448253257
5736153425	1448253267
5624793315	1448253318
1789268615	1448253326
3223065834	1448253330
2129986220	1448253331
3182833680	1448253353
2774339201	1448253368
3790538191	1448253444
5150803894	1448253468
2134395014	1448253472
2134395014	1448253479
2690246560	1448253493
5183852572	1448253532
2280339624	1448253565
1952147513	1448253575
3580069753	1448253669
5761109687	1448253738
1613706683	1448253872
5444915068	1448253900
3155981862	1448254060
5341412810	1448254065
5208804967	1448254084
1901045672	1448254085
2278619622	1448254106
1701069842	1448254145
3193662124	1448254152
5088963402	1448254190
5073544125	1448254212
5263302613	1448254229
1787428824	1448254242
2654557982	1448254249
5613241592	1448254327
2409343914	1448254401
3269456610	1448254514
3310342625	1448254631
1838519124	1448254645
1235991114	1448254665
5202770552	1448254763
2063961381	1448254804
2377672462	1448254869
2856079850	1448254921
5289642315	1448254970
3387015362	1448255012
3392138992	1448255105
2781437874	1448255140
5765499026	1448255187
3298843733	1448255227
1763479483	1448255280
1945012457	1448255285
5171070954	1448255350
2091154195	1448255394
1282070575	1448255455
2328863742	1448255507
5413420721	1448255546
2847185483	1448255618
2835336843	1448255664
3941298712	1448255693
1979734161	1448255750
2126432801	1448255886
5404438281	1448255938
5706613065	1448255994
5020571935	1448256073
2046054213	1448256075
3855236843	1448256118
1690121164	1448256214
2363343255	1448256395
3808848245	1448256418
3847634371	1448256431
2791604897	1448256466
2279314825	1448256473
5177706665	1448256504
3325936840	1448256549
3690745894	1448256676
5370571925	1448256765
5121507607	1448256912
2443704117	1448256915
2814770944	1448257385
1887995890	1448257410
1663628205	1448257416
5304904426	1448257419
5604467686	1448257616
2832523071	1448258195
3928856695	1448258281
3680060210	1448258371
2734116210	1448258551
3149331940	1448258654
1908155031	1448258684
3537990627	1448258714
2683928393	1448258815
2410498970	1448258825
5040677795	1448258867
2312542351	1448259310
3738205361	1448259455
2235097791	1448259829
3192787484	1448260140
2705190877	1448260195
2813136832	1448260199
5156082297	1448260208
2200411213	1448260285
2483985385	1448260424
5726299987	1448260732
2256394381	1448261375
5401716808	1448261422
3237666420	1448261546
1885314275	1448261597
1957836797	1448261657
2092374583	1448261807
3448116830	1448262083
1045141187	1448262179
5602920782	1448262249
1878522025	1448262543
1137109365	1448263121
5709505892	1448263372
5409505235	1448263517
5247759568	1448264059
2655160823	1448264192
2037055480	1448264208
5393536442	1448264235
3143975293	1448264515
3227372593	1448265459
1869523452	1448266494
1780482224	1448266910
1676293597	1448267734
2206454504	1448268086
5684535317	1448268235
5372117703	1448268946
3175203372	1448268979
2025597171	1448269746
1406564634	1448269817
1269736967	1448272058
5229003229	1448272976
5723293028	1448275984
3041447427	1448277264
2722093667	1448277734
1831653827	1448277812
1273073997	1448278062
1726931091	1448278484
2042284863	1448284571
2798935624	1448285216
1890386891	1448286446
3886717117	1448286735
1621377312	1448286886
2059020154	1448287155
5736748758	1448287505
2103244901	1448287724
5335855016	1448288292
5104736374	1448288431
5178377772	1448288975
1773207551	1448289714
5086836352	1448289829
1865373654	1448291109
1933799924	1448292872
2022255633	1448293154
1650565082	1448294058
1837511897	1448294501
3732166904	1448294690
1616235347	1448303417
1412316855	1448310214
2538170601	1448310659
1450321417	1448320487
2358801227	1448326543
2657884697	1448326556
3195258660	1448329103
2310478721	1448333205
2733147147	1448336666
1935726360	1448339617
1651568700	1448355894
2803550845	1448360797
1827063221	1448361260
5675952935	1448361824
1773041435	1448368972
5543180450	1448372021
2747636014	1448377422
3206821195	1448380146
1385879424	1448396953
1975146397	1448397724
2204260377	1448405191
2046734223	1448405605
2764892423	1448406304
1268159385	1448406701
2912933475	1448408832
1869579615	1448409258
2679175801	1448410496
5098059313	1448414039
1438776707	1448416254
1417668201	1448417907
1764843392	1448421637
1260398894	1448424216
1683328730	1448425171
1067580422	1448441134
3032186411	1448451724
3707663165	1448455504
3180367922	1448461298
3172707473	1448462269
2740119071	1448462409
1706875764	1448501710
1683951862	1448785612
3551282287	1448956633
1581247937	1449287055
1698736081	1449381363
2960776737	1449381550
63088864	1449574330
5677161910	1450259504
1657458154	1451175095
