2589432731	1448164803
3989186994	1448164835
5608705628	1448164839
2452967721	1448164887
3938823909	1448164890
1869420494	1448164897
5276474154	1448164922
5389719627	1448164934
5661339064	1448164962
5752911500	1448165003
5650153969	1448165012
5647961503	1448165031
3846504096	1448165033
5249160831	1448165055
5205666356	1448165075
5454674895	1448165143
2520522627	1448165144
3202231034	1448165145
5484303419	1448165163
2786621264	1448165208
5250000962	1448165231
5687415925	1448165247
1773084342	1448165274
5290856874	1448165340
2934165543	1448165351
2267070777	1448165371
5373057485	1448165384
5060605192	1448165549
5359634682	1448165576
5691091829	1448165637
5675432535	1448165747
5652442212	1448165755
3893487313	1448165766
5114181272	1448165767
3297080765	1448165941
5510788804	1448165951
5587599773	1448165955
3833047649	1448165959
5721680683	1448166018
5716442712	1448166040
5130348365	1448166078
2268454971	1448166110
5382022491	1448166369
3604369781	1448166416
1622084751	1448166474
2110167732	1448166491
2683792505	1448166561
2641160330	1448166624
5763056517	1448166626
5756411509	1448166717
2427614663	1448166773
1877743055	1448166840
5327720621	1448166881
2322924662	1448166933
5754336300	1448166963
5536253801	1448166999
5676284844	1448167147
5149542612	1448167172
2734417657	1448167220
3199044627	1448167284
5623557234	1448167313
5605593587	1448167407
2612522402	1448167632
3263921190	1448167789
5178338849	1448167906
2935274503	1448168028
3959240865	1448168063
5678544013	1448168202
5672175510	1448168564
5581101914	1448168932
5748103658	1448168996
2485455352	1448169142
2130574193	1448169266
3493208477	1448169396
5736349362	1448169856
5570925453	1448170135
3872921193	1448170144
5668911586	1448170476
5103491921	1448170481
5174158182	1448170825
5545309483	1448170830
5121757135	1448171139
5506804713	1448171882
5357976394	1448172479
3561888801	1448173109
5668277622	1448173132
5687878205	1448173441
3873883517	1448173489
1015946515	1448173615
3179809157	1448173677
2728585895	1448174830
2340769837	1448174907
5519859296	1448175138
3482029572	1448175869
5667024717	1448175902
2459164463	1448177298
2994624841	1448178600
5508229654	1448179645
5151899995	1448181037
5745577237	1448181223
3849619757	1448181357
5666248334	1448182972
5239986972	1448183028
5708772982	1448183478
1875733261	1448184536
5521367841	1448186165
5521022359	1448186800
5523995857	1448187536
3197448247	1448188145
2435471937	1448188645
5403963990	1448189767
5108532653	1448190660
5155334219	1448190806
5699361274	1448190841
5237219516	1448190906
5023863244	1448191729
5342248714	1448192332
1824135415	1448193344
5251973995	1448195349
2693051100	1448195676
5462738566	1448197196
2431428783	1448197278
2732204464	1448199440
5531704866	1448199597
5357398955	1448204371
3947281461	1448205028
5518743641	1448205930
2838190310	1448207732
5689183111	1448208303
5274107955	1448210237
5092965568	1448212434
2363296481	1448212573
5144834110	1448213874
1865666620	1448220266
5707641129	1448221676
5096566070	1448236198
5373057485	1448236808
2840607204	1448240295
2113684074	1448241848
5377225187	1448243280
5158058517	1448244572
5365005917	1448244712
5162039005	1448246719
5093902386	1448255535
5559062442	1448279819
5567876765	1448282609
5527185524	1448292029
3525137900	1448323189
5721507982	1448334088
2951316871	1448356753
5044610328	1448365735
3211237154	1448367546
2663724025	1448370403
2801200685	1448377413
5129355629	1448442599
3483627950	1448551764
5742549456	1448697019
5738600486	1448700192
5721507982	1451126078
