2286908003	1448201417
1785956192	1448201433
5538363587	1448201435
2796310894	1448201435
1308954687	1448201437
271988613	1448201439
1750770901	1448201443
3311713777	1448201446
1864512391	1448201447
1274672071	1448201453
3503224903	1448201454
1731011383	1448201463
1640813730	1448201468
5717976611	1448201472
3486087063	1448201472
1729728000	1448201473
5443992866	1448201475
3994599029	1448201479
5723978943	1448201480
5553889871	1448201481
1608590823	1448201484
3940203382	1448201484
1733449475	1448201484
3944260185	1448201487
1437978934	1448201487
5539635644	1448201492
2837966362	1448201494
5531255633	1448201501
1892160822	1448201505
1148740782	1448201505
5585689003	1448201506
1150296492	1448201507
1215180013	1448201507
2006654800	1448201508
5192998299	1448201509
5452835492	1448201510
3191854742	1448201512
5282338362	1448201516
5063808128	1448201520
1314592857	1448201522
5139144106	1448201525
3044809481	1448201526
1774993163	1448201533
1831091715	1448201533
3881439387	1448201536
5600144073	1448201536
1992783425	1448201537
2377649590	1448201538
1495439927	1448201539
3972636311	1448201540
2702873727	1448201541
3870805465	1448201542
2095742481	1448201542
1569466090	1448201544
3195788394	1448201544
5065173947	1448201547
1777066395	1448201553
3230624231	1448201554
2664210681	1448201555
1920825874	1448201561
3257523034	1448201570
2754318817	1448201572
1909156393	1448201577
1728726101	1448201578
5449887345	1448201603
1737636427	1448201604
5534283576	1448201608
1915427663	1448201608
2603729574	1448201613
1859095022	1448201614
2152521410	1448201614
2820623733	1448201616
5257771033	1448201622
5598679460	1448201623
3310682694	1448201624
1670128773	1448201628
2419673361	1448201629
1046637390	1448201629
1202421710	1448201630
5374111499	1448201630
1907803261	1448201639
2600644777	1448201644
2273248972	1448201647
2141845817	1448201650
2791281471	1448201656
1748662927	1448201661
2964889863	1448201668
3259514131	1448201669
3810395936	1448201672
2948663243	1448201673
5562349584	1448201682
1187984307	1448201682
1602742984	1448201684
1750246774	1448201684
1692943023	1448201685
1062456935	1448201700
1100180453	1448201703
1748816065	1448201704
2395007230	1448201705
5524161814	1448201707
1866951527	1448201709
5060265820	1448201718
5575232020	1448201727
1829839317	1448201730
2632867325	1448201732
3166148835	1448201735
5061523709	1448201739
2045080155	1448201740
2661641063	1448201742
5232034722	1448201746
2249143064	1448201754
1761859217	1448201758
1889563582	1448201760
5146118808	1448201761
5596740639	1448201762
5223677905	1448201776
1640632044	1448201787
1424570621	1448201787
1698611024	1448201792
5602775577	1448201800
2515856744	1448201805
3910728288	1448201812
2450632530	1448201819
2241188541	1448201820
1752933550	1448201828
1802081604	1448201842
5588874383	1448201847
1085843483	1448201850
1731113321	1448201855
1589654043	1448201862
3309405905	1448201864
1789519771	1448201872
5348405956	1448201874
2042251891	1448201880
3327684824	1448201904
3031153017	1448201904
2158588024	1448201912
1505938095	1448201917
1578983364	1448201931
2388229802	1448201933
5455429162	1448201939
1695943741	1448201954
1843530317	1448201961
2308278605	1448201962
2142212460	1448201966
5065813456	1448201969
5053292234	1448201979
5634872651	1448201986
1015419495	1448202005
5326441080	1448202023
3214509103	1448202026
5666978911	1448202027
1663704770	1448202030
2273438287	1448202039
5662156938	1448202050
3249759355	1448202056
3791469611	1448202067
2824791900	1448202074
3191834780	1448202088
2163180741	1448202090
1747192282	1448202091
2165831730	1448202097
1790245541	1448202099
1256427242	1448202104
2285301483	1448202104
5243811952	1448202105
3125367462	1448202114
3095443851	1448202130
2781410673	1448202133
3602156154	1448202134
5555290608	1448202135
5255705069	1448202144
5573076556	1448202156
2455401243	1448202157
3546702114	1448202158
1948329461	1448202165
2191351091	1448202169
1887573001	1448202174
1760206432	1448202180
1464743893	1448202184
1848966213	1448202185
5697331704	1448202187
3502298312	1448202193
2378215710	1448202194
1266497212	1448202196
2853235241	1448202198
2686030457	1448202201
2906181175	1448202201
5134661767	1448202210
2784649721	1448202219
1871750065	1448202228
2010282097	1448202242
1763464287	1448202250
1901132883	1448202251
3200708720	1448202252
1778097657	1448202267
3539398855	1448202269
1874169821	1448202281
1001746292	1448202281
5321518049	1448202292
2050256413	1448202299
2165208247	1448202304
2060414283	1448202314
2922722601	1448202318
3241532300	1448202327
2923539302	1448202328
3560726020	1448202332
1851482552	1448202347
2359898233	1448202352
5437140672	1448202356
2109611167	1448202358
3681997742	1448202360
1199638085	1448202363
5226164350	1448202368
1879608532	1448202376
2686911437	1448202376
5334668021	1448202388
5534436462	1448202392
5329320122	1448202397
3702916761	1448202404
1992614165	1448202407
2652248162	1448202414
3171979802	1448202452
1911235433	1448202471
2894423421	1448202471
1247427152	1448202471
5329320122	1448202475
3752812875	1448202477
2995785637	1448202477
1898505064	1448202499
2797717120	1448202508
2894178601	1448202518
3917604768	1448202522
2042271185	1448202529
5332284398	1448202530
2275635451	1448202534
5319617165	1448202585
1909742391	1448202587
1266318561	1448202587
3906063034	1448202590
2405651543	1448202605
5217889013	1448202606
5603047824	1448202617
1803305727	1448202621
3193549713	1448202626
5621985860	1448202668
1863165794	1448202672
5086968822	1448202679
3958849042	1448202719
1647935962	1448202721
3681849081	1448202728
2411739670	1448202750
3699967671	1448202763
2144662735	1448202774
2741417552	1448202810
1759748267	1448202813
3171979802	1448202820
5689469340	1448202825
2717467195	1448202830
5632505842	1448202831
5170621134	1448202838
1289347727	1448202843
1999811302	1448202849
1769511020	1448202875
1871361151	1448202910
1698879080	1448202976
3210358180	1448203000
2713930912	1448203005
5564968583	1448203029
3445690020	1448203040
2574896211	1448203041
1828058212	1448203065
3938174285	1448203068
5404391832	1448203074
2901211465	1448203089
2338627343	1448203106
3119372410	1448203117
2823636977	1448203142
2159145697	1448203146
1254828482	1448203147
1607223571	1448203151
5592498301	1448203175
5705957368	1448203182
2652792440	1448203195
2141062937	1448203200
3566822970	1448203222
5499412231	1448203229
2452192353	1448203275
5271481723	1448203276
3551214654	1448203296
1832117255	1448203308
3673992685	1448203311
1080593230	1448203333
2547003162	1448203347
5066221531	1448203348
1877103783	1448203382
1910142954	1448203384
5627019979	1448203427
1769245955	1448203429
1819961350	1448203438
3328379650	1448203451
3201480993	1448203498
2179242694	1448203515
2093779651	1448203515
2172990481	1448203553
1951244323	1448203568
2642885113	1448203598
2654616380	1448203610
3905029385	1448203638
5604503470	1448203648
2301909043	1448203649
5524134263	1448203676
5097133888	1448203682
3224188572	1448203685
3688828990	1448203686
2357679437	1448203694
2454069913	1448203695
1299350091	1448203699
5460269036	1448203703
2268003955	1448203708
2586418855	1448203724
3303033087	1448203735
2391420155	1448203749
3097424025	1448203768
2041543692	1448203775
5539257909	1448203778
3197718115	1448203782
2126731537	1448203807
1829802890	1448203812
2200461993	1448203814
2132660441	1448203821
2289543001	1448203853
1693082817	1448203890
5729948456	1448203906
5605488463	1448203916
3262486362	1448203955
1758413401	1448203982
2186859107	1448204018
2051975681	1448204037
2103150030	1448204054
1885585272	1448204097
3144272642	1448204118
3186975610	1448204120
1183934164	1448204125
2099995470	1448204134
2044838997	1448204140
3761989062	1448204157
2135280032	1448204180
3878133237	1448204250
63088864	1448204256
5309873822	1448204297
3833562004	1448204298
1465477585	1448204301
1884485480	1448204301
5503303513	1448204309
2007164515	1448204346
1862761183	1448204356
5464952214	1448204390
5074033536	1448204457
1975754550	1448204467
2456481604	1448204470
2883503913	1448204478
5329237808	1448204488
3221033443	1448204488
1341143851	1448204539
5573190582	1448204647
1965097637	1448204659
2624402433	1448204680
3022081421	1448204761
1410324314	1448204768
3147716197	1448204840
2793859672	1448204877
3144245434	1448204913
1684166330	1448204922
3005621983	1448204936
5411127631	1448204982
1742343341	1448205018
2218002343	1448205095
5124883459	1448205148
5633164128	1448205198
5065681487	1448205213
5705887377	1448205223
2766807413	1448205266
5457079658	1448205295
2423797431	1448205297
2493203614	1448205311
5124664535	1448205340
5069721187	1448205394
2123639675	1448205400
2304171621	1448205516
3509315893	1448205560
1735188791	1448205592
2590508280	1448205608
1686583747	1448205688
2385758133	1448205692
1274672071	1448205731
1906548625	1448205754
3994798849	1448205790
1731929332	1448205843
2012607153	1448205850
1145195044	1448205885
5399907500	1448205907
1662248213	1448205937
1424045032	1448205963
3878025886	1448205970
2620461925	1448206001
2993784620	1448206003
3712242357	1448206070
3264938021	1448206078
1902001713	1448206105
2806592210	1448206196
5358660094	1448206200
5317660613	1448206254
2802984184	1448206276
5568473216	1448206335
1810559094	1448206364
2178284535	1448206374
2717644804	1448206408
5548143561	1448206413
5161429163	1448206422
1273906752	1448206437
3152784414	1448206439
3297647391	1448206456
1244250532	1448206469
2769265761	1448206508
2192274012	1448206517
5385845479	1448206628
2113931291	1448206632
5503101585	1448206634
2810972940	1448206648
5316635587	1448206706
2711240793	1448206722
5032230688	1448206917
2130674105	1448206923
5453036798	1448206933
3177983627	1448206934
1931704714	1448207032
2029113557	1448207039
5619731987	1448207054
1245584621	1448207060
2645049763	1448207107
5022401068	1448207127
2215787185	1448207162
2018739661	1448207181
2310594712	1448207202
2810494467	1448207205
3957853315	1448207254
3963222572	1448207317
1706143195	1448207382
1658753371	1448207441
2091905313	1448207463
3052287924	1448207499
1323524255	1448207500
1976706043	1448207535
2641441711	1448207775
1014070431	1448208075
2858058970	1448208111
2157282414	1448208218
2632329083	1448208309
2408681883	1448208443
2163748495	1448208595
2646348092	1448208676
5377629944	1448208743
2672687873	1448208743
3867245684	1448208766
2404719987	1448208770
2316648641	1448208771
5253132606	1448208843
1857349974	1448208891
2033483393	1448208989
1251230621	1448208999
2723476237	1448209087
1846874103	1448209112
2384574541	1448209337
2142625365	1448209397
1814626493	1448209519
1742880181	1448209622
5361039720	1448210671
3048171753	1448210780
3081477477	1448210856
2636377667	1448210962
2997651317	1448211164
2720078737	1448211353
3224929937	1448211373
1631841457	1448212590
3990104511	1448213324
5044448962	1448213394
3990104511	1448213575
5263868729	1448213638
1029321047	1448214051
3103253381	1448214421
2644968444	1448215442
5157672314	1448217619
3480410710	1448222423
2482934012	1448226199
1951244323	1448227662
2629679124	1448228553
3292013567	1448230053
5536049329	1448230391
2600724934	1448230684
2320938907	1448232090
2617276101	1448232214
1792726655	1448232833
2178189380	1448233776
3027658262	1448234158
2937197783	1448234405
1698235747	1448234414
2200409332	1448234977
5176907351	1448235757
1772841551	1448236164
1716804187	1448236202
2268189910	1448236239
1845854547	1448236380
5153014428	1448236520
2953269807	1448236649
1732828522	1448236669
3941184233	1448237690
5697804031	1448238008
1731793292	1448238104
1281863842	1448238266
2880122562	1448238552
5538579088	1448238617
2958799231	1448239147
2736700820	1448239182
2186181563	1448239239
1617685963	1448239798
3227498377	1448240174
2836767800	1448240240
1744972023	1448240391
3895017858	1448240474
1133801595	1448240485
2608817855	1448240499
1708402962	1448240769
2292575705	1448241084
2031505267	1448241387
3977067003	1448241646
2912703017	1448242171
1859742484	1448242244
3970752492	1448242408
2406449937	1448242812
3222573794	1448243391
5235198534	1448243485
3953272557	1448243682
1808875850	1448243817
1013854591	1448243911
3504044847	1448244191
3956616862	1448244505
2158570672	1448244692
2059517265	1448245304
3957853315	1448245821
1594815573	1448245891
3957346996	1448246257
3190098700	1448246557
2448296743	1448246790
1661993073	1448247231
1776231283	1448247485
2820973545	1448247636
3953424143	1448247877
1213950264	1448249317
5602665654	1448249626
2005663967	1448250371
3970075046	1448251056
2818406551	1448252024
1772601444	1448252505
2683185853	1448253200
3920748615	1448261125
3984050617	1448266039
3591899841	1448268333
5034238452	1448272044
3982556856	1448272667
1966850262	1448282158
3946160229	1448285184
1233006882	1448285435
1832143087	1448287733
3941613674	1448289313
3922887325	1448290762
1271518765	1448293455
2810148354	1448297172
1990131617	1448321494
2840931980	1448325670
2994278300	1448329122
2145663521	1448344417
2614672730	1448379059
5607969268	1448538673
3281588955	1448609066
2667020053	1448611937
3978015103	1448720932
3140141672	1448721072
3140141672	1448721133
5742289735	1448770181
3922186452	1448771060
2568274417	1448774411
5430547498	1448794931
5430547498	1448794938
5430547498	1448795202
5430547498	1448859060
5678329244	1448896902
3982556856	1448951984
3982556856	1448952069
3982556856	1448952129
5430547498	1449118558
5347959690	1449223592
3994798849	1451139745
5650062605	1452411232
