1618051664	1448971066
5705533239	1448971073
2529490897	1448971118
1903679295	1448971119
1589405822	1448971119
1212424283	1448971126
1015469005	1448971133
2255828264	1448971136
2275035644	1448971140
1732396363	1448971145
1796673154	1448971150
5305693794	1448971153
1680578673	1448971162
2924919470	1448971164
2801047394	1448971171
1410778144	1448971178
5190784139	1448971178
2793139925	1448971187
1846849851	1448971199
2515955972	1448971204
2271426682	1448971209
3091519452	1448971215
1655111667	1448971249
1936402174	1448971262
1765485603	1448971280
5723236264	1448971294
1787130003	1448971314
1323619227	1448971326
5390115021	1448971326
2491304652	1448971346
1749055347	1448971347
5585679579	1448971361
5704788760	1448971362
5651312411	1448971367
1352769195	1448971371
1911713181	1448971378
2103164147	1448971383
3929410751	1448971388
2053190290	1448971403
1184924631	1448971443
1308860807	1448971465
1714551054	1448971468
2461841780	1448971471
1088488427	1448971476
1760840027	1448971480
1688434501	1448971483
1596713704	1448971484
5387535880	1448971511
2636196737	1448971521
1832548923	1448971560
1087918370	1448971575
1422964640	1448971588
1834357924	1448971601
3178589440	1448971604
2020858767	1448971622
3524840461	1448971706
1764271004	1448971751
3523151910	1448971761
1400412852	1448971772
2435112625	1448971774
2705261392	1448971775
3950034581	1448971780
3905104665	1448971785
1880365814	1448971808
1772943624	1448971833
1875947625	1448971835
1870374751	1448971865
1943396101	1448971871
1060284732	1448971880
2703572323	1448971881
2832026692	1448971898
1930185981	1448971902
1548623420	1448971903
3181918113	1448971923
3229520990	1448971938
1584685622	1448971952
2731952130	1448971963
1847481772	1448971981
2747681221	1448971995
1936956411	1448972012
2296670361	1448972013
5586485689	1448972098
5171924972	1448972111
1824771253	1448972120
2936186087	1448972128
1995732333	1448972206
2872275844	1448972232
1401209533	1448972237
3646501885	1448972255
2567320075	1448972304
1261283281	1448972355
1421779903	1448972420
1749108561	1448972422
2827434614	1448972448
2257960560	1448972461
1871338107	1448972495
1836492983	1448972506
5517818471	1448972588
5508375841	1448972600
1199299552	1448972731
3788558314	1448972731
2298048082	1448972748
3027833413	1448972755
1763664365	1448972767
1936081724	1448972838
2738603845	1448972955
3091092520	1448972957
5745337864	1448972982
1651936047	1448973070
3289507123	1448973110
2712317631	1448973119
1244288613	1448973139
5589039710	1448973260
5750235960	1448973394
5661928405	1448973428
1446652755	1448973432
1666881352	1448973474
2313788465	1448973560
1268668541	1448973589
2605298943	1448973606
3006872305	1448973612
1790674891	1448973663
1495480067	1448973698
1783444253	1448973723
1776289025	1448973744
2492874957	1448973767
1358615507	1448973798
2285106917	1448973837
5756557296	1448973861
1768837944	1448973904
2757113674	1448974041
1954055083	1448974170
2013367595	1448974191
1831203650	1448974262
2881787191	1448974265
5769568176	1448974440
1905235747	1448974518
1367206135	1448974570
1844928904	1448974592
1649287405	1448974604
2015200863	1448974700
1661390737	1448974931
5680279008	1448975108
3182900680	1448975543
1676940690	1448975584
2105257923	1448975727
3864112461	1448975761
1341278715	1448975769
1930701631	1448975800
2645368844	1448975871
1988433655	1448975979
3188985502	1448976108
2915810377	1448976248
2202282167	1448976279
2437217665	1448976358
2617337670	1448976365
1801789915	1448976368
1234596594	1448976465
1298315040	1448976607
2495398954	1448976669
1922799544	1448976775
1802866413	1448976910
1067188800	1448977036
1924176444	1448977196
1065106937	1448977402
2743885620	1448977420
2212624913	1448977589
2892276382	1448977628
1476762380	1448977716
1611870774	1448978091
1231579342	1448978422
1859614672	1448978708
2004307695	1448978802
2418382405	1448978811
2272370734	1448979008
3963865502	1448979448
3232116502	1448979688
1255193515	1448979805
2692631021	1448979906
5536571681	1448980011
5160299245	1448980107
5549801035	1448980250
3642275224	1448980573
1223354542	1448980781
2091102073	1448980807
2424071825	1448980849
3317960563	1448980918
2598574910	1448980960
2498049402	1448980997
3812118348	1448981156
2260341547	1448981191
1997641692	1448981316
3706293372	1448981332
2341434481	1448981382
5556844324	1448981385
2136703217	1448981409
2731534770	1448981548
1862280681	1448981567
2457992235	1448981648
1892582435	1448981657
2189744690	1448981674
2697749155	1448981722
1842174205	1448981743
1808361447	1448981747
5161189155	1448981776
1923274485	1448981802
5013997885	1448981838
2593257854	1448981890
1883942420	1448981917
1746106392	1448981918
5096593697	1448981937
5232929840	1448981974
1789819333	1448982022
1780836117	1448982103
1705272950	1448982180
2292779910	1448982269
1834144942	1448982286
2295667041	1448982300
1854664710	1448982362
2322766921	1448982446
1740337904	1448982548
1889598355	1448982637
1053841371	1448982675
2875138730	1448982785
2723895543	1448982885
2677590383	1448982889
1869934904	1448982938
2718988263	1448982988
5349341177	1448983228
2708575803	1448983324
1985803027	1448983481
1652297891	1448983678
1679869905	1448983681
3304050575	1448983853
3413849792	1448984002
2156838293	1448984136
5157748097	1448984150
2135945275	1448984178
2179327385	1448984336
1038883604	1448984336
2114461737	1448984756
1642775191	1448984815
1457601555	1448984819
1007805184	1448984883
1696883201	1448984909
2856917784	1448985133
1899345605	1448985217
5585548419	1448985301
5080165866	1448985545
1425807123	1448985665
1769669170	1448985857
1407614300	1448985917
5725990218	1448986329
1457601555	1448986868
1585080140	1448987199
1852340313	1448987585
1609251450	1448987629
1658370365	1448990289
1658370365	1448990466
2512391924	1448991919
2141813947	1448992207
1752010283	1448994781
1402000040	1449008070
1002665483	1449011488
1788198205	1449011526
1702754940	1449015535
2161707254	1449016126
3147216824	1449016629
2054645167	1449017897
5262650113	1449017904
1413713962	1449019343
2421589624	1449029859
2126784113	1449030132
3015106625	1449032686
1271738220	1449036080
3121193441	1449037444
1933717960	1449042907
5605488323	1449105521
5489417512	1449128836
3717185785	1449286628
1066147401	1449290314
1772179837	1449527690
3375485562	1449628421
