1784473157	1450493663
5584053703	1450493697
5718072920	1450493728
5759270875	1450493732
1403323275	1450493738
5549219982	1450493742
5674325427	1450493745
5326689509	1450493745
5797770464	1450493778
5794539952	1450493799
5650241720	1450493805
3017576893	1450493808
2117068215	1450493832
5649862058	1450493839
3170455873	1450493841
5615993478	1450493849
2928375277	1450493877
3920775006	1450493898
5769430388	1450493903
1772619034	1450493904
5701600013	1450493913
5798076247	1450493915
3616272103	1450493928
2757322340	1450493939
5791930996	1450493978
5462541847	1450493993
5076746255	1450493993
5751803975	1450494003
5179609014	1450494028
5673064729	1450494065
1274386767	1450494078
5703238482	1450494114
1949552103	1450494120
2560476827	1450494173
5723498895	1450494186
1031765705	1450494230
2560476827	1450494248
2948843352	1450494259
5020559449	1450494265
5626877912	1450494269
3190074783	1450494311
1597204231	1450494342
5667484552	1450494350
1739398750	1450494370
5641151657	1450494370
5145572673	1450494372
1868237083	1450494464
2195237037	1450494478
1455232643	1450494481
2714068671	1450494531
1911569243	1450494548
2486843961	1450494559
5715521525	1450494595
2284514214	1450494607
2270678660	1450494697
1465816763	1450494721
5763681900	1450494823
5679667396	1450494844
5173612225	1450494861
5058634877	1450494898
1961935515	1450494903
2309040400	1450494975
1483650332	1450495094
2750877437	1450495226
1718797897	1450495259
5684105750	1450495504
5543689280	1450495519
1786112983	1450495534
3009514720	1450495662
2951825235	1450495809
1306339451	1450495853
3930411678	1450495863
1065251705	1450495893
1065251705	1450495917
2137462843	1450495937
1065251705	1450495987
2494415055	1450496236
2921493181	1450496577
3468372884	1450496632
2732760755	1450496640
5645931008	1450496647
5221504488	1450496741
2528837804	1450496763
5185626978	1450496824
2671345345	1450496995
3179080050	1450497013
1885085724	1450497106
5152708185	1450497212
5698748221	1450497457
2305013814	1450497516
1225664622	1450497667
5745355570	1450498177
2073383695	1450498433
5103059970	1450498539
5514488391	1450498570
5066816359	1450498953
3852090007	1450499054
1158468032	1450499160
2912470637	1450499242
3109961167	1450499566
5256909806	1450499790
5541141804	1450500337
3295153275	1450500381
2180630333	1450500509
2720851821	1450501240
5539568727	1450501385
5519428535	1450501537
2282767132	1450502077
5635972777	1450502420
5557783554	1450502743
3656725010	1450503156
1254552382	1450503947
5707128423	1450504401
5517973974	1450504494
5742469434	1450504643
2902264857	1450505674
5174043101	1450506007
2135687375	1450506085
1166691727	1450506282
3841628083	1450507300
1973896273	1450507689
1892800243	1450508125
3959309199	1450508268
2119199534	1450509708
5348487154	1450510347
5609858254	1450512932
2870157313	1450518337
1998389973	1450519241
5159957129	1450523695
5414294244	1450525193
2676258441	1450527990
2792882567	1450533644
2148091434	1450535527
3962907592	1450537970
5705115672	1450546421
2676258441	1450567824
5537558299	1450572998
5607406382	1450590940
5794605109	1450627533
2473454184	1450662371
5506370606	1450665622
5789862073	1450671453
1257167785	1450672172
2676258441	1450685162
1611612332	1450690976
2792882567	1450859111
5794605109	1451155123
1752242882	1451434612
