2287681313	1448118015
5625692360	1448118040
5455518681	1448118047
3871642646	1448119702
2271722867	1448119720
3751546922	1448119768
1771520961	1448119778
3304473595	1448119779
3202647270	1448119783
3250960664	1448119803
1980532163	1448119835
5153963966	1448119835
1958762603	1448119888
5541459896	1448119942
5392978531	1448119966
3584474415	1448120040
3383157354	1448120076
5228076524	1448120435
2510396505	1448120509
5702438622	1448120560
2585776900	1448120607
5339262771	1448120675
5252416800	1448120789
5577801478	1448120796
5509983573	1448120883
5360237300	1448120920
5332537364	1448120968
3618756384	1448121021
2596433742	1448121074
5589192013	1448121130
2919985251	1448121254
3244631714	1448121347
2936469557	1448121368
5324630770	1448121368
1896984670	1448121406
3910560247	1448121471
1886410140	1448121550
3208316811	1448121586
2610338963	1448121591
5000543939	1448121633
3058948852	1448121655
5709455194	1448121666
5351862316	1448121731
5597429429	1448121748
2738634307	1448121760
1628484494	1448121996
5631557794	1448122024
5067885564	1448122065
5392101318	1448122067
5519619892	1448122119
5592616757	1448122120
1936105380	1448122184
3851781286	1448122202
5333500191	1448122239
3155726574	1448122244
5642411440	1448122531
5649080788	1448122653
5114425714	1448122769
5563694507	1448122889
5690496705	1448122900
1854802351	1448123060
2112484954	1448123067
3077170441	1448123151
5373043394	1448123172
5376310444	1448123205
5227401645	1448123295
5227721324	1448123413
1357175413	1448123553
5584772740	1448123711
3101844355	1448123736
2146525920	1448123853
5214131002	1448123913
5509689248	1448124006
2473904623	1448124435
5203693465	1448124840
2277308433	1448124948
5246330286	1448125464
5545152945	1448125508
5658608149	1448125529
3761514235	1448125798
5292711659	1448125829
5244145160	1448125833
2617930987	1448125973
5224723395	1448126364
2943362963	1448126385
3044676875	1448126679
5186031682	1448127195
3160739010	1448127310
3128496395	1448127363
3893946377	1448127833
5236026380	1448127977
2656845982	1448128042
1815235911	1448128395
5468088821	1448128470
3508991032	1448128976
3958229169	1448129436
5410306562	1448129452
3206452993	1448129548
5591715417	1448129823
5047129995	1448131269
2009825353	1448131491
5681676510	1448131821
3315099707	1448132229
5297334281	1448132808
5651685722	1448133086
3636972382	1448133230
5592712072	1448133392
5165231384	1448133451
5719990754	1448133955
2190436220	1448135474
2358487847	1448136070
1869201755	1448141590
3125893753	1448142747
5625052971	1448142878
1884519795	1448144873
3959733518	1448146419
2276940557	1448146580
2802476990	1448148309
3665939524	1448151537
3518267432	1448152768
5672090164	1448153590
2246357855	1448191114
2018512161	1448203927
5732928958	1448205556
5131448685	1448216382
5406902713	1448217078
2364529255	1448331468
5711239046	1448427398
2736421795	1448434337
3894143608	1448439400
5576044272	1448446929
5347930034	1448451970
2550808773	1451746413
