1784473157	1448181474
5703041864	1448181483
3840343434	1448181503
2236616403	1448181513
5497510803	1448181513
5144734221	1448181519
1337175150	1448181520
2099172811	1448181523
5605134084	1448181527
2151724647	1448181531
3754095831	1448181533
5616525697	1448181540
3892049789	1448181552
3314603107	1448181554
5724352056	1448181568
5711307356	1448181572
3764091822	1448181591
5748355076	1448181599
3246488187	1448181600
5463788970	1448181603
1749653260	1448181607
5514305345	1448181631
5632057975	1448181632
1180485757	1448181644
2008639247	1448181663
5447686170	1448181678
5761114331	1448181685
5764936101	1448181689
2089253967	1448181708
1015814303	1448181709
1974832154	1448181719
5713069907	1448181725
5653797366	1448181729
3174215075	1448181733
5504327054	1448181734
5252898913	1448181736
2187883631	1448181749
2503265912	1448181751
5240195188	1448181764
1796217553	1448181769
5629071670	1448181772
5637751253	1448181773
2326115354	1448181788
1401758641	1448181796
2387991861	1448181802
3806864417	1448181804
5718147524	1448181822
1634239367	1448181827
5655103773	1448181837
5756962774	1448181841
2819036500	1448181843
3653777331	1448181848
5287491240	1448181851
5717976611	1448181858
2730899132	1448181867
1215590995	1448181869
5764996481	1448181878
2623612627	1448181880
1085843311	1448181881
2962853092	1448181894
3883579916	1448181898
5311487653	1448181910
5511795474	1448181920
2845717182	1448181922
2079588355	1448181928
2707585547	1448181951
1685026073	1448181976
5607148296	1448181989
2662750493	1448181995
1284751420	1448181995
1641059761	1448181997
2748927087	1448182001
1775498315	1448182003
2022599967	1448182059
5713687292	1448182068
3210761251	1448182076
5764807152	1448182121
3894353347	1448182135
5749782389	1448182165
1737768661	1448182168
2341596521	1448182176
2647267691	1448182224
2258289113	1448182232
5768271487	1448182233
5690946407	1448182244
1856182251	1448182245
1567240510	1448182263
2370234357	1448182273
5184357615	1448182314
1656119927	1448182316
2381764287	1448182338
5665258592	1448182352
5490156334	1448182353
2133365675	1448182354
5758308939	1448182363
2135253954	1448182404
1745549765	1448182451
3207137254	1448182474
5043668884	1448182483
5614008887	1448182496
5761222046	1448182498
5716214704	1448182519
1103355841	1448182547
3815524081	1448182555
5717433466	1448182586
5165419323	1448182616
2554913910	1448182707
3873893893	1448182726
1033517663	1448182749
5590748613	1448182752
2409795107	1448182775
3661327963	1448182784
1611309765	1448182788
2104424452	1448182813
5664398702	1448182816
2563944923	1448182834
5045332428	1448182838
2653640111	1448182840
5642583287	1448182847
3197330911	1448182858
3735385057	1448182907
5431604225	1448182910
5712662745	1448182924
3138533077	1448182975
5723881805	1448182989
1956515760	1448182991
1614609843	1448183020
3593407403	1448183022
3474166154	1448183024
5726104345	1448183027
3729978063	1448183032
5739981324	1448183043
2134107941	1448183048
1007404805	1448183134
5544960190	1448183152
1445708247	1448183167
5751763799	1448183168
3238893424	1448183190
5566867587	1448183221
2610128503	1448183237
2138096163	1448183256
5611265005	1448183270
2358665040	1448183272
5720793953	1448183277
5699325220	1448183283
1837865133	1448183338
1427968393	1448183366
1666794624	1448183372
1658566135	1448183391
5692607470	1448183434
1659365771	1448183441
2719869071	1448183457
1551120105	1448183462
5677826079	1448183509
5696472310	1448183526
5424853872	1448183537
1891572142	1448183602
5693709493	1448183610
1083999075	1448183646
3151073734	1448183670
3597482295	1448183679
2746364827	1448183706
3700692923	1448183708
5529689291	1448183723
2729539034	1448183724
1926709632	1448183754
1926296781	1448183760
5403036382	1448183779
5022104976	1448183811
5717312152	1448183904
5352609881	1448183928
1839309893	1448183954
5160612158	1448183972
1803980173	1448183988
3194419141	1448184026
1483330984	1448184055
2761495315	1448184105
5391562751	1448184120
1981653361	1448184123
2270843493	1448184125
1725635725	1448184128
1322308864	1448184129
3149854834	1448184139
1313391832	1448184141
3829456586	1448184168
2241580145	1448184197
5751065019	1448184204
3270127480	1448184208
2424622505	1448184236
5150356143	1448184238
3228214764	1448184273
1790500961	1448184286
2713082263	1448184302
1523363674	1448184305
3992339406	1448184315
5512310390	1448184326
2405461104	1448184411
1871831681	1448184411
1737005853	1448184438
1765258092	1448184490
5689335229	1448184495
2380053365	1448184508
5725510303	1448184508
1827552972	1448184552
2673232883	1448184561
2550659021	1448184565
1848329300	1448184701
1731614967	1448184713
2109335980	1448184723
2386671281	1448184739
2233418610	1448184791
3246700360	1448184811
2024428282	1448184817
5014860117	1448184833
1404999232	1448184842
1768773354	1448184912
3178820290	1448184928
3043830081	1448184979
3950288740	1448184993
1069284720	1448185014
1688399407	1448185077
3855761214	1448185090
2421325572	1448185095
2891262753	1448185098
5657827545	1448185100
3681981572	1448185122
5715174189	1448185163
1968079367	1448185178
2038900252	1448185328
1011878193	1448185415
1906762661	1448185442
2435083571	1448185447
5428337020	1448185474
1653721132	1448185480
1750149847	1448185519
1875028413	1448185554
2131512731	1448185575
5718680352	1448185598
1715763703	1448185631
5706545924	1448185633
2472634791	1448185638
1739686717	1448185662
1661704232	1448185675
3578970605	1448185676
2629473655	1448185679
1420687492	1448185728
5718394598	1448185729
1017742444	1448185873
5307604749	1448185877
1411136450	1448185911
1203247392	1448185962
2805383265	1448186027
5722889073	1448186031
1927970980	1448186072
5667615138	1448186076
5657868112	1448186104
23591799	1448186153
3764219864	1448186230
3654855993	1448186245
5039606566	1448186267
2009199175	1448186289
2362627527	1448186331
1102430963	1448186442
2745093244	1448186462
1502091533	1448186612
2624372767	1448186684
5305102979	1448186858
3856377906	1448186959
5720290503	1448186996
2015088111	1448187102
5360407545	1448187113
2113413970	1448187232
5166266475	1448187242
2415987972	1448187273
1910791662	1448187360
5369903533	1448187541
2104303631	1448187553
1985222295	1448187631
2615538295	1448187775
3538403682	1448187815
1616845301	1448187831
5586065227	1448187879
3506366030	1448187964
2093975334	1448187983
2027035465	1448188076
1776856515	1448188077
5106999353	1448188123
1249985993	1448188206
5760956926	1448188239
2779028610	1448188250
1688794164	1448188266
2156847182	1448188286
5633917580	1448188342
2996448492	1448188543
5314294028	1448188552
5366586540	1448188565
2385741613	1448188589
2373746934	1448188624
1144005782	1448188712
1764694444	1448188719
3310017983	1448189203
5758314429	1448189233
2916862443	1448189288
5596196195	1448189299
2590221623	1448189344
1403679652	1448189437
1886935195	1448189441
5647962761	1448189449
2732424107	1448189509
5750478578	1448189734
5767014182	1448190014
1868399047	1448190051
5307148720	1448190102
2107686294	1448190179
2276836231	1448190188
2454290934	1448190188
1167142995	1448190209
1626326634	1448190227
1442828084	1448190250
5579303652	1448190278
3519630931	1448190369
3994164821	1448190596
1832064995	1448190783
5687620702	1448190821
2053856643	1448190888
5705655421	1448190891
2460520405	1448191084
1953802583	1448191097
3496454814	1448191107
5724481557	1448191293
5380958288	1448191339
5335464784	1448191441
5528198769	1448191465
3932424543	1448191613
1726905111	1448191704
1869481174	1448191710
5287019043	1448191786
3073244187	1448191953
5705269546	1448192138
1769185852	1448192221
5405671146	1448192275
5745471003	1448192279
1671252085	1448192376
3970793300	1448192802
3246079532	1448192839
1747146373	1448192894
5596169189	1448192986
5642295458	1448193343
3170041643	1448193394
1833767420	1448193410
3892049789	1448193489
1817481954	1448193542
2420234367	1448193559
2350894617	1448193838
5585603013	1448193907
3174972971	1448193972
5271390438	1448194237
2891272021	1448194814
1371823612	1448195078
5595971763	1448195288
2897946495	1448195313
5669956608	1448195379
1722768213	1448195398
1799179305	1448195433
2567383797	1448195531
2587858587	1448195908
1397934032	1448196020
1841709075	1448196094
5513812523	1448196199
1504185467	1448196205
1872713722	1448196439
2173892977	1448197098
5723498981	1448197160
1411348253	1448197175
3004692695	1448197337
5626032208	1448197550
2316445925	1448198060
1763734721	1448198419
3912818818	1448198499
5591512982	1448198596
3674330384	1448198759
5175713735	1448198767
2071336962	1448198842
1078638923	1448198923
2597236503	1448199144
2712339681	1448199185
5415181021	1448199214
1411895715	1448199408
1011057573	1448199646
1954067223	1448200219
1228271094	1448200222
5747079151	1448200364
5034960000	1448200387
5574798307	1448200598
5318907862	1448200730
5716988924	1448200797
1523737063	1448201131
2236471842	1448201204
5732642658	1448201208
5112673086	1448201431
5058895446	1448201553
1918065515	1448202098
2473579113	1448202565
5614423272	1448202837
2315331357	1448202990
1549306995	1448203037
1640674544	1448203187
2136059583	1448203429
5559042971	1448203483
1830290544	1448203487
1863613732	1448204333
5444996331	1448204578
3212813942	1448205424
1926446372	1448205642
2931286750	1448205877
5236927749	1448206207
2141454443	1448207776
5675852752	1448207989
5120796864	1448209123
2251407205	1448209730
5180878465	1448211195
1584512727	1448211884
5768560589	1448211940
5543035200	1448224987
5715980987	1448233254
5498143882	1448238074
1936539725	1448239067
2015119253	1448239111
1972845325	1448240062
2022590873	1448242846
1780564865	1448243210
3687650902	1448243349
5171813165	1448244390
5113788900	1448244438
5241334541	1448245052
1110171265	1448245187
1995914597	1448248490
5706547000	1448254527
1860223784	1448261306
2123469803	1448325471
3266297821	1448334652
5248348799	1448334912
5248348799	1448334974
2608286115	1448336137
5748293105	1448338685
2486355452	1448339564
5743041045	1448383488
3259631820	1448414992
3398063250	1448721181
5033607050	1448875154
