2656274875	1447924006
2302196412	1447924038
2819607860	1447924053
1061591980	1447924065
2719257121	1447924066
1174251542	1447924067
1413117501	1447924072
2186105411	1447924078
3758962133	1447924102
2280310727	1447924111
3126517783	1447924111
3672502902	1447924123
3831753770	1447924124
1778657875	1447924148
3839170743	1447924150
3558044140	1447924182
5092932388	1447924182
1869631173	1447924196
3420571132	1447924196
1167972423	1447924227
5706995127	1447924235
5627974804	1447924236
2743928741	1447924247
3210078200	1447924249
5403986926	1447924277
2210718562	1447924293
3673992685	1447924334
2257438440	1447924335
5317731792	1447924338
1740367930	1447924353
2882980042	1447924359
1864441405	1447924366
5738020200	1447924386
1401581782	1447924388
2650819454	1447924398
1662224365	1447924404
2533623790	1447924410
5178373121	1447924415
5237066284	1447924429
2625840955	1447924437
2097030944	1447924488
5206900120	1447924502
5664632060	1447924519
1667336460	1447924591
1716361915	1447924592
2723513693	1447924601
3970752492	1447924609
1240394294	1447924620
5111819980	1447924683
3686712493	1447924683
5717648130	1447924709
3212616123	1447924731
1558208783	1447924731
3817505052	1447924736
5540821146	1447924784
3881448417	1447924798
3006109047	1447924801
5176280289	1447924810
1782763275	1447924812
3814991110	1447924817
2997982554	1447924851
3715316784	1447924882
3763692481	1447924919
3206682520	1447925024
3691153993	1447925025
2957103321	1447925027
3228633713	1447925037
5030063937	1447925047
2644323771	1447925053
2035688470	1447925058
5327222432	1447925068
1854212205	1447925092
5652344894	1447925129
5115040895	1447925134
1896381182	1447925210
2363400160	1447925243
1111244900	1447925262
3227528713	1447925266
5599691787	1447925281
2975309024	1447925305
2551979597	1447925342
1496508394	1447925378
5456585461	1447925404
2609015770	1447925449
3930421988	1447925510
1686615107	1447925541
2719718782	1447925580
3797871725	1447925629
2394144095	1447925662
5758000354	1447925678
2041405051	1447925719
2492992603	1447925726
5516773361	1447925761
1747923304	1447925763
3856725264	1447925780
5617901677	1447925808
2388570641	1447925843
5759138401	1447925855
2382737015	1447925856
3186092294	1447925871
5529396348	1447925897
5635354073	1447925965
3043515143	1447925970
1564345202	1447926005
2419776265	1447926141
5656990464	1447926180
2818205904	1447926181
3043294841	1447926186
5034224638	1447926205
1798026365	1447926296
3034886041	1447926299
3995377817	1447926319
3737534095	1447926336
2278873002	1447926339
5726153833	1447926407
2285878465	1447926479
5623884600	1447926531
2731990343	1447926558
5029204504	1447926588
3226383430	1447926655
5161429438	1447926697
3151073734	1447926744
1736486492	1447926778
5473350631	1447926830
1402333090	1447927113
2049583455	1447927176
5240066733	1447927347
2332540382	1447927347
2562002183	1447927437
5671586122	1447927533
2198585041	1447927680
3137650127	1447927748
2620709403	1447927880
5758622386	1447928237
3314273311	1447928244
3996603712	1447928408
2240377570	1447928521
3243287105	1447928614
3208309173	1447928626
5588516245	1447928751
5710576254	1447928770
3834947477	1447929121
5688176045	1447929139
5494344180	1447929139
2042364220	1447929302
5357254445	1447929359
5569446840	1447929372
5470446663	1447929921
3976448654	1447929996
2485540714	1447930135
5208055227	1447930177
1901858004	1447930548
1954887805	1447930668
2403924684	1447930688
3287456984	1447930732
1082454871	1447931007
3592081303	1447931077
1276780887	1447931193
1800499965	1447931247
3318977751	1447931396
5732438631	1447931513
2238104701	1447931589
3216351661	1447931717
5492778925	1447932406
2197784667	1447932616
1590959105	1447932670
2620274831	1447932683
3236766930	1447932690
3240820467	1447932846
2935145487	1447932986
1613091457	1447933132
5663508172	1447933214
2556832361	1447933459
2977490667	1447933487
5651964009	1447933604
5301767776	1447933845
1761013037	1447934421
2800902072	1447934488
3910364352	1447934630
2689648134	1447935060
2877824482	1447935415
5148513074	1447935812
5101160926	1447936506
2610595047	1447936735
1851141387	1447936765
3186302852	1447937565
2622856891	1447938213
3258614582	1447938520
5703082830	1447938864
3074396275	1447939169
3037877255	1447939546
3213104515	1447939998
5656637822	1447940572
3192542044	1447940615
3920617848	1447940657
2928331355	1447941099
1839577071	1447942068
5081063682	1447942351
3424084472	1447942562
3769037905	1447942668
1836313943	1447942679
2863538360	1447943356
3043830081	1447943671
5592322300	1447944682
5369086775	1447944802
5102686412	1447945814
3921194550	1447946327
1196221333	1447946981
3036567452	1447947104
5234424951	1447947417
1314154460	1447947948
2624741031	1447953705
1922029983	1447959286
5691714837	1447972956
1380374923	1447975848
2243025127	1447980483
3980057994	1447980521
5714449935	1447981091
5387526225	1447981429
1789784807	1447986589
3200363193	1447987019
2937691784	1447994258
5516581451	1447996607
5357512541	1447997698
1547212497	1448004061
1196221333	1448004108
3828123754	1448024061
2691321762	1448026732
1826701583	1448035877
5501352849	1448099694
