1642591402	1447251595
3754805524	1447251618
5576933710	1447251620
1857060511	1447251621
1801676760	1447251632
1762888763	1447251646
1958863991	1447251648
3552099192	1447251664
5652677650	1447251669
1691537291	1447251669
1803827521	1447251672
2723305991	1447251675
5719736239	1447251677
5318590821	1447251680
1026349653	1447251680
3061785211	1447251681
1710371923	1447251683
1920195702	1447251707
2008106587	1447251710
2831260790	1447251711
1919322244	1447251717
2771466307	1447251717
1953929123	1447251720
5687129503	1447251724
1680715937	1447251725
1421623484	1447251725
2650258714	1447251729
2135554991	1447251730
3893701097	1447251739
5547956663	1447251741
2153491047	1447251749
5705153172	1447251750
2302486261	1447251754
3261638540	1447251756
1901864711	1447251762
1786010562	1447251764
1205683093	1447251768
3218789187	1447251769
1848081297	1447251773
1700608387	1447251779
1732131311	1447251781
1790647055	1447251786
3436694474	1447251788
1811709697	1447251789
1862176033	1447251791
1288843335	1447251794
5181543937	1447251796
3263847924	1447251798
2285025427	1447251799
2876307612	1447251802
2951261994	1447251804
3954718870	1447251807
1840456002	1447251809
2276412205	1447251811
2842407851	1447251811
1650726500	1447251822
2300609324	1447251824
3942626981	1447251824
5156852864	1447251824
2349487102	1447251826
1733361193	1447251837
5136681252	1447251838
3227140387	1447251844
3333966232	1447251847
1898934032	1447251851
2539151747	1447251855
1171551313	1447251857
2478839793	1447251864
1758976260	1447251868
5065978685	1447251870
2480675257	1447251874
2659820853	1447251879
2397945357	1447251881
2626956101	1447251883
2163119212	1447251884
1104505050	1447251886
1680238363	1447251887
1799695321	1447251888
1658545577	1447251889
1778114733	1447251896
5705220995	1447251907
1685467003	1447251930
2897732302	1447251932
2399794541	1447251933
5120202740	1447251942
5403641457	1447251943
1688159391	1447251944
1951834081	1447251955
1833149771	1447251960
2837433512	1447251960
1806798242	1447251964
3829170044	1447251977
3595191890	1447251980
5086797098	1447251992
2993508390	1447251999
1794980894	1447252006
2652688445	1447252010
5509773509	1447252011
3301634791	1447252022
2432971723	1447252031
3777912493	1447252038
1720387393	1447252041
2303546784	1447252045
2827295373	1447252046
5327583773	1447252050
5459452098	1447252053
3850716178	1447252057
1830406285	1447252058
5306346743	1447252064
3585266985	1447252070
3636822243	1447252076
5063820614	1447252080
3233533927	1447252086
2216286270	1447252097
3063986951	1447252100
1816315892	1447252103
1768820290	1447252109
2413913533	1447252115
1991718741	1447252116
1898294222	1447252122
1634054771	1447252125
2767529797	1447252126
3181247527	1447252126
3562097021	1447252127
1770070385	1447252129
2613853812	1447252142
1725756404	1447252144
5705498635	1447252155
1900266164	1447252158
2953362760	1447252158
1684768792	1447252170
3003721505	1447252190
5234332822	1447252204
5699306048	1447252205
2055643574	1447252209
1873892662	1447252222
3264430404	1447252227
2419007342	1447252229
2847984424	1447252229
1626467620	1447252240
5014791843	1447252243
2959364185	1447252270
3887907713	1447252281
2790760014	1447252289
2756970874	1447252293
1673905002	1447252296
5522098581	1447252306
1766002910	1447252308
5522098581	1447252313
3779574910	1447252315
5321246084	1447252319
5342860308	1447252325
1773519834	1447252331
2512472030	1447252332
2326551755	1447252332
1761316831	1447252336
2753324261	1447252338
3153518153	1447252341
2818401874	1447252343
3067425317	1447252365
3193410380	1447252369
2706746494	1447252372
1825604960	1447252377
1781100990	1447252393
5526318706	1447252395
5517281146	1447252399
1034341200	1447252406
3887754365	1447252413
2261305050	1447252427
5666375442	1447252428
2795280435	1447252428
5658690682	1447252440
3808719692	1447252456
1578891335	1447252457
3600913187	1447252458
1903364143	1447252468
1274594623	1447252472
3199395633	1447252475
2288358804	1447252484
3996021351	1447252499
1699441263	1447252503
3979301800	1447252503
1733135733	1447252506
3207032791	1447252526
5372886061	1447252529
1800465490	1447252543
2066267457	1447252551
1375686953	1447252552
2723122742	1447252555
3794519501	1447252566
5012831755	1447252571
5022277089	1447252577
5206248297	1447252586
1760998904	1447252592
5235403135	1447252592
2048704377	1447252596
2511363417	1447252602
1982013077	1447252603
2281148004	1447252605
5742806064	1447252625
2129383537	1447252631
1143553677	1447252652
1882235084	1447252659
2391172487	1447252668
5315594530	1447252678
2421421355	1447252690
3414383404	1447252699
3948480994	1447252704
2951504174	1447252709
1661070274	1447252722
5670753397	1447252728
3291273141	1447252729
2664764411	1447252737
5204031292	1447252738
5525755601	1447252756
1758674995	1447252757
3074865025	1447252758
2048820845	1447252758
1731827125	1447252762
3850810270	1447252764
2687956443	1447252766
2818544207	1447252766
1742336682	1447252766
1735438117	1447252775
5501583812	1447252805
1780220713	1447252808
1803654505	1447252812
2241809423	1447252820
1889953075	1447252836
1771041592	1447252839
2423614221	1447252843
5182196165	1447252856
5255012653	1447252859
2750413233	1447252871
2351693951	1447252872
3850302047	1447252908
1803132343	1447252924
2308566544	1447252924
1799937884	1447252925
3190632791	1447252935
5252840866	1447252947
5516149641	1447252955
5658690682	1447252967
1932813005	1447252974
2279181481	1447253011
1004361201	1447253017
3677103341	1447253025
1879841275	1447253062
5490336622	1447253068
1671684265	1447253069
1862747304	1447253078
5743841428	1447253101
5596806375	1447253103
1770722245	1447253108
1778987401	1447253119
1771953842	1447253121
3750243914	1447253128
2923039163	1447253129
3974142642	1447253149
5123868897	1447253174
1769891265	1447253189
3687716742	1447253191
2480508261	1447253194
5742806064	1447253213
5078848693	1447253213
1694819033	1447253249
3800678364	1447253266
5233281740	1447253331
1717420965	1447253343
3121349010	1447253344
2014310644	1447253347
1756590485	1447253358
5267806476	1447253362
5640197915	1447253374
5682025758	1447253377
1916357300	1447253393
2351077317	1447253395
5655886126	1447253401
2307148274	1447253405
2331827003	1447253414
5392552859	1447253416
1730479270	1447253417
3538809031	1447253421
2208974570	1447253428
5422240248	1447253433
2469872215	1447253440
1930332770	1447253453
5242692515	1447253472
3029737401	1447253475
2865599880	1447253476
1295087944	1447253480
1852549841	1447253491
1225549670	1447253493
2310770312	1447253517
1724942793	1447253524
1867689383	1447253527
2957475925	1447253549
2568265717	1447253554
3478424604	1447253554
5117538361	1447253566
5319148233	1447253569
1884008962	1447253570
5182128251	1447253587
5302697211	1447253594
2210020145	1447253620
2250457322	1447253635
5289330012	1447253653
1734031082	1447253684
5634532586	1447253692
1824638683	1447253696
3722560431	1447253697
5352477233	1447253740
3089947953	1447253754
1768469084	1447253755
5539333670	1447253759
3235510270	1447253791
5327016582	1447253801
3927914261	1447253813
2693134900	1447253868
1866846442	1447253879
1701418237	1447253883
2821388954	1447253885
5109689089	1447253886
1863352791	1447253910
2536527693	1447253918
5069142535	1447253970
3719577811	1447253978
2855752307	1447253984
1789821605	1447254005
2498238125	1447254012
1773397714	1447254036
2529073535	1447254037
1819801210	1447254037
1803717611	1447254038
3033417042	1447254062
2212781165	1447254073
5672522831	1447254078
5239109506	1447254087
1803609782	1447254092
2779048335	1447254093
2615990475	1447254114
3167619650	1447254128
2214479625	1447254138
1871671752	1447254147
1778505983	1447254153
3994158931	1447254164
3528280663	1447254179
3461479772	1447254181
2517078550	1447254206
3920840829	1447254208
5228946553	1447254215
5286047797	1447254216
1176422027	1447254242
2567210881	1447254261
2880233155	1447254279
5413133973	1447254290
5752927587	1447254316
5335143355	1447254323
5172825709	1447254335
2817525481	1447254342
2806291127	1447254358
2978708467	1447254382
5245907804	1447254397
3264291601	1447254410
3087039517	1447254433
2806381821	1447254438
2421988173	1447254454
5137543551	1447254457
3875110390	1447254477
3607730354	1447254494
5587014614	1447254500
5220730943	1447254519
5422146943	1447254523
1746832002	1447254559
3603237335	1447254570
5662785687	1447254581
5618138520	1447254581
2280837545	1447254614
5073784469	1447254622
5611557045	1447254642
2372136604	1447254676
1799914147	1447254699
2693831080	1447254706
3088480750	1447254710
5300820741	1447254723
5486409760	1447254734
2130030097	1447254740
3464643602	1447254783
5037923671	1447254798
2271828035	1447254862
5140946051	1447254902
3629024107	1447254905
5468913271	1447254929
1803713211	1447254935
5274501544	1447255014
3579789220	1447255031
3330388510	1447255116
2751910422	1447255119
1712353921	1447255152
5529743204	1447255162
2734363732	1447255164
3349909474	1447255187
2646582420	1447255189
2486360557	1447255194
3941508375	1447255204
5252025870	1447255205
3909281719	1447255214
2856285200	1447255223
1968157241	1447255230
3320190391	1447255245
3759580123	1447255246
2349353997	1447255282
5678636403	1447255303
2091620752	1447255309
5020798915	1447255319
3176140542	1447255326
3168998924	1447255345
1885667727	1447255351
2606901923	1447255366
2634893371	1447255384
2437142464	1447255411
1975178455	1447255424
2837464872	1447255424
2909439923	1447255492
1684622577	1447255607
5098898269	1447255619
2625664703	1447255646
5635782989	1447255659
5187540289	1447255731
2688229891	1447255734
3083062072	1447255744
3360134210	1447255765
5686904129	1447255805
1583845175	1447255813
2202022921	1447255817
1773417850	1447255834
2878362455	1447255847
2274858292	1447255885
2884545040	1447255926
5184397112	1447255932
3938800366	1447255935
2583405510	1447255945
3123130414	1447255952
2390915201	1447255994
2654960041	1447256074
3699856585	1447256086
3786433133	1447256107
1827107182	1447256111
1634426885	1447256144
2568462633	1447256185
1768976974	1447256195
5731177788	1447256196
3939899225	1447256220
5632505247	1447256232
5307257235	1447256235
1893519672	1447256334
2502244045	1447256369
3098472791	1447256378
1634821657	1447256384
5181364498	1447256388
1731653285	1447256425
2727884151	1447256435
2741624600	1447256440
3737589580	1447256455
5590500407	1447256457
3947182211	1447256491
1808404035	1447256495
1300690422	1447256549
2717011820	1447256553
2459974951	1447256571
5351837999	1447256596
2529822410	1447256596
1509305954	1447256597
1770063223	1447256598
3310473467	1447256606
2946914261	1447256727
2579983122	1447256741
2387302950	1447256745
3311305447	1447256783
2742816567	1447256883
1774746253	1447256916
2732630611	1447256924
3253467603	1447256996
3972429090	1447257023
1797895754	1447257066
1859496115	1447257178
1895942462	1447257251
5235820146	1447257266
1492774755	1447257268
2259121353	1447257339
3205044231	1447257429
2644732685	1447257465
2159909397	1447257585
1651814624	1447257617
2909205967	1447257662
3972629643	1447257667
2649611063	1447257718
5260618468	1447257721
1820913034	1447257734
2268931692	1447257744
5347770956	1447257829
3966282459	1447257855
1969166191	1447257907
5694585061	1447257926
3930057125	1447257928
2379447597	1447257986
2646064772	1447257990
5311141143	1447258000
3201069801	1447258138
5311051580	1447258310
2107575765	1447258381
1885942147	1447258442
3835366011	1447258477
5536915401	1447258489
1750823402	1447258513
5402132657	1447258549
2648631574	1447258592
3907346379	1447258616
2059818971	1447258669
2203400395	1447258687
2469862987	1447258695
1788677624	1447258764
1650049172	1447258781
1925296495	1447258797
3175530334	1447258940
2158379707	1447258948
2718230540	1447258973
1155614161	1447258979
2982618357	1447259029
1801674647	1447259053
2592212935	1447259061
3636172420	1447259144
2660071540	1447259430
3292912530	1447259432
1973271287	1447259489
3960109174	1447259734
2009088593	1447259831
1843527713	1447259860
1992060031	1447260079
2028988485	1447260111
2621013871	1447260147
1847469981	1447260165
1772929541	1447260175
1785125914	1447260232
5060686855	1447260308
3101467537	1447260499
5096556302	1447260849
1874102865	1447260873
3443340202	1447260895
2868087102	1447260964
1809546214	1447261355
3320243403	1447261448
1760227585	1447261750
2706300650	1447262943
3830386658	1447262971
3056894311	1447263266
1738384022	1447263508
3090616875	1447263738
1687927562	1447263834
5738755737	1447264304
3985087046	1447264829
2786460222	1447264893
2015507935	1447264989
3835789476	1447265288
1794050127	1447276023
5698812778	1447276308
3832740581	1447278391
1814819437	1447279079
2988924085	1447279427
1799914147	1447279680
5470318800	1447279988
1681335771	1447281711
3032082957	1447281844
5193511904	1447282135
2282280904	1447282446
5483342225	1447282754
2739541102	1447283033
5342922849	1447283358
2602579805	1447283405
1975475775	1447283427
2116631820	1447284027
1296794992	1447284150
3804983124	1447284175
5149680579	1447284432
2797576470	1447284569
1963689485	1447284830
3165088437	1447284956
1794621085	1447285299
1981011263	1447285508
5235377552	1447285605
2612646843	1447286018
2925751370	1447286198
2654768974	1447286548
1712802284	1447286653
1773607632	1447286720
1864252791	1447286746
3067912743	1447287389
3304116432	1447287606
3839456489	1447287809
1781709745	1447287831
3558000692	1447287942
3414028550	1447288288
1723481427	1447288596
1959333017	1447288883
1774598735	1447289001
1744097431	1447289037
1419153581	1447289053
1995936273	1447289054
1311265770	1447289146
5661835019	1447289310
2755755215	1447289346
1945546360	1447289373
3038034692	1447289479
2321528961	1447290010
1687657034	1447290064
1937111320	1447290130
2967505705	1447290136
1769763670	1447290163
5499594987	1447290216
3537341647	1447290608
5308039483	1447290655
5603281626	1447290772
1652573312	1447290919
1752885204	1447291248
2348746631	1447291295
5074511277	1447291428
1812201691	1447291455
2756778715	1447291998
2786429774	1447292278
5537522004	1447292292
3249470345	1447292299
2164896205	1447292299
2649766403	1447292301
2288263022	1447292643
3803391156	1447292943
3942967116	1447292991
1796952900	1447293033
5374926230	1447293148
1712785465	1447293568
3088362290	1447293856
2717247481	1447293856
5327220696	1447294239
2806541332	1447294512
3308593411	1447295343
5732774371	1447295374
1776132952	1447295551
5401786140	1447295675
5286017732	1447296240
2095521111	1447296284
1793730945	1447296313
2306904571	1447296329
1803428561	1447296335
5702904605	1447296541
5589998026	1447296710
3092548495	1447296754
3821105849	1447297070
2735337901	1447297086
3950876682	1447297738
3945668191	1447297742
1965174795	1447298021
1768280800	1447298116
5071433579	1447298415
3169846784	1447298713
5366645491	1447298802
2347380897	1447299003
5165735956	1447299126
2276381721	1447299380
3799257255	1447299426
2181723882	1447299770
3854626598	1447299844
2673816241	1447300433
2707028460	1447300947
5601621189	1447301115
2054114670	1447301226
2743714943	1447301401
2915331657	1447302170
5621541095	1447302505
3605626865	1447302919
2386072550	1447303058
5209173390	1447303193
5043373433	1447303715
5162502359	1447304044
1798270700	1447304051
2876549974	1447304487
5021193554	1447304999
3729668362	1447305011
1198086685	1447305132
2678261003	1447305141
2715792515	1447305340
1768358255	1447305508
5027356981	1447306379
3003813204	1447306725
5634955902	1447306932
3010921421	1447308337
5674380717	1447308697
5674380717	1447308788
5491014274	1447309681
2311742531	1447309713
3853141790	1447310491
3806781686	1447311043
2658877495	1447311765
3893404602	1447312395
3409311692	1447312399
1769363252	1447312694
2438669874	1447313422
3958453444	1447315312
2927012197	1447316524
1712219771	1447316542
5114505649	1447318665
3317402745	1447320826
1844977460	1447320970
5088139263	1447321283
1791411710	1447325188
3100776453	1447325545
3835640753	1447326965
5599903805	1447326990
5459087871	1447328225
2035650893	1447328344
2868204962	1447328759
1932146457	1447329112
5516850354	1447330658
1944307951	1447331494
3514433160	1447332118
2249217877	1447334046
1745911905	1447334262
2821598747	1447335626
1791437267	1447336475
3441867810	1447337649
5652677650	1447339509
3711910042	1447341461
5701667403	1447343289
5649969919	1447345964
5501995777	1447345967
5261707417	1447346808
2474709061	1447375005
3301595037	1447376390
2694301741	1447393549
2860331290	1447407608
2669554191	1447422642
1867975121	1447499462
3415914014	1447507320
3415914014	1447508511
5599757447	1447543968
1511679567	1447558241
1637615137	1447664992
3204796233	1447667034
5652677650	1447754729
3201735400	1447804469
3263988612	1447838299
2378269824	1450871171
