1642088277	1447333508
1934753263	1447333531
2649005832	1447333556
5581917407	1447333568
3948544945	1447333571
5341739156	1447333574
2190285325	1447333593
1727712001	1447333605
2700138820	1447333621
5423968212	1447333622
2772358455	1447333635
2038704365	1447333643
3705422020	1447333646
3965657185	1447333660
3164702175	1447333662
1908805691	1447333663
2952165700	1447333684
3309847491	1447333686
2506776323	1447333692
3190593994	1447333702
1895244423	1447333711
1993674377	1447333720
1400874060	1447333727
1770789671	1447333727
1773477423	1447333739
1752622184	1447333740
3481239350	1447333741
2624798161	1447333746
1301923002	1447333753
1677779824	1447333769
3300070085	1447333774
3976055630	1447333791
2488962610	1447333795
2086809717	1447333801
1853802215	1447333806
1234915985	1447333811
1875569297	1447333823
2355826583	1447333824
1642088277	1447333830
5696255970	1447333831
5604803182	1447333836
1048220790	1447333837
2073604595	1447333838
3904637094	1447333845
5078198429	1447333856
2545195900	1447333858
5755968434	1447333860
1872105681	1447333866
2631828877	1447333870
2414893497	1447333874
1408551560	1447333879
1048355927	1447333888
1969942865	1447333896
1916572803	1447333901
1865752103	1447333902
2685578010	1447333925
1838769941	1447333929
2484283652	1447333929
1772906540	1447333939
2797034911	1447333939
2491298057	1447333958
2691682523	1447333963
3306130230	1447333969
1765435964	1447333971
1464619627	1447333976
2506776323	1447333977
1764149043	1447333985
2355826583	1447333986
1504005941	1447333986
3164702175	1447333986
1718951165	1447333987
1081917637	1447333991
5312881733	1447333993
5725872769	1447333994
2315662250	1447333995
2415811621	1447334001
1886286774	1447334001
1028777820	1447334006
2250438125	1447334012
5078198429	1447334014
1923018575	1447334026
2602053201	1447334027
5593572199	1447334031
1960071971	1447334041
5716513925	1447334058
5615952382	1447334063
2336511462	1447334073
5750325699	1447334079
2405708993	1447334094
1960071971	1447334097
2688934353	1447334101
2049374317	1447334104
2145939753	1447334109
1739071221	1447334111
1843290162	1447334111
1913586973	1447334118
3438345204	1447334121
2342026110	1447334135
2651003297	1447334137
1410327034	1447334141
1716464004	1447334146
2902945885	1447334150
2027091737	1447334170
1490519393	1447334195
1651563121	1447334201
2090848541	1447334202
2467868260	1447334205
1658875033	1447334210
2574678510	1447334221
1815992600	1447334229
1660392110	1447334244
1744207803	1447334246
2769094185	1447334249
1665458255	1447334249
2873783631	1447334253
1446652755	1447334255
5058872731	1447334267
3306130230	1447334273
2296591144	1447334274
5589894065	1447334317
1952403557	1447334331
1447081030	1447334338
2017835430	1447334343
2165468070	1447334345
1743223692	1447334378
1884850825	1447334378
1428180023	1447334381
2169524821	1447334385
5073508387	1447334388
1032380037	1447334389
1813587870	1447334399
2511363024	1447334400
1456771665	1447334405
5564465276	1447334413
5329039375	1447334424
1770987303	1447334426
3172281585	1447334429
2233421310	1447334435
3888986344	1447334447
2271142200	1447334457
3288071960	1447334472
1314619202	1447334482
2349136394	1447334484
2068411905	1447334484
2575289542	1447334522
1586403693	1447334525
1671683942	1447334527
1917614731	1447334528
2390410623	1447334535
3535375521	1447334540
3212449934	1447334553
1654422125	1447334558
5224538938	1447334562
3212449934	1447334562
1403914191	1447334567
2116729033	1447334570
3319730845	1447334576
2270684840	1447334599
2575289542	1447334613
3541084991	1447334625
38722663	1447334634
1645234047	1447334643
2080626327	1447334647
1354096444	1447334656
3541084991	1447334660
1458137531	1447334670
1047885357	1447334675
1220623261	1447334677
3280717445	1447334716
1301068995	1447334747
5755968434	1447334754
1590655364	1447334769
2560990391	1447334772
2909786154	1447334812
1400578454	1447334815
2262781914	1447334834
1836835207	1447334844
1865066157	1447334851
1307869352	1447334883
3146029391	1447334910
1904164700	1447334960
2104537751	1447334965
1916163443	1447335012
2040903110	1447335038
5065698359	1447335054
1277710934	1447335072
3547908517	1447335097
2235128155	1447335127
1819723280	1447335131
5701770505	1447335136
1848348137	1447335147
2109510305	1447335152
2809316802	1447335158
3850198216	1447335167
1607696381	1447335169
2011860735	1447335189
1774894977	1447335206
3919886225	1447335207
2737527201	1447335208
5294674593	1447335240
1422712371	1447335241
1696130473	1447335271
1726880340	1447335285
1997414955	1447335308
2376879372	1447335313
5694020246	1447335341
2816937844	1447335342
1875239185	1447335347
2659914577	1447335380
1251864354	1447335399
2662122153	1447335410
5105831108	1447335440
1216735855	1447335451
2059646560	1447335466
1954041511	1447335480
2245223427	1447335485
2881487800	1447335491
2280103033	1447335492
2678753081	1447335509
3056047781	1447335546
1990533617	1447335555
1421141511	1447335564
3167235837	1447335572
2585713927	1447335583
1400562255	1447335627
1570694110	1447335629
2285668795	1447335673
5748074223	1447335695
1548804807	1447335704
1770471612	1447335756
1511974511	1447335797
3169039447	1447335861
1727694845	1447335889
2093745680	1447335919
2320422512	1447335944
2272596482	1447335974
1000372890	1447336016
3026267907	1447336031
3170878513	1447336096
3805692307	1447336123
1653096871	1447336136
5720490901	1447336227
2878359422	1447336243
1904338343	1447336247
1872173825	1447336248
1776445905	1447336258
3478791970	1447336262
1133223367	1447336302
1408435541	1447336315
1675323240	1447336318
1457690170	1447336347
1926215873	1447336374
2831287620	1447336381
1778295734	1447336383
2128468812	1447336421
3060652355	1447336472
1673744993	1447336482
1408094787	1447336485
3459821252	1447336528
1787064814	1447336552
5750104008	1447336557
1396351405	1447336566
1686840887	1447336574
1575713457	1447336574
1665344744	1447336586
1959872885	1447336655
3909481918	1447336710
2556407821	1447336760
1708051455	1447336816
1798123344	1447336826
2891829664	1447336826
5342202545	1447336885
1400736670	1447336940
3198979203	1447336945
2183749940	1447337005
3169653532	1447337041
2878091810	1447337050
3275783961	1447337060
2241619344	1447337121
5136502350	1447337160
1730491844	1447337213
2537536134	1447337342
5534095773	1447337357
2891829664	1447337375
1497294697	1447337379
1670987801	1447337394
3518874612	1447337420
3956164961	1447337470
1117227373	1447337496
2280103033	1447337545
1418589052	1447337579
1208215482	1447337601
2773519510	1447337612
2592884370	1447337641
5089390798	1447337650
1831836363	1447337673
5723245714	1447337679
3103894167	1447337691
1067459324	1447337723
2011779154	1447337762
1784173637	1447337833
1358350093	1447337877
3903167302	1447337883
1059737781	1447337900
1736338365	1447337922
2176671852	1447337932
2334217854	1447337935
5635997528	1447337971
2524556924	1447337975
1605569585	1447338005
2277995177	1447338005
1468496471	1447338125
2191073702	1447338135
1921105291	1447338251
1679290800	1447338463
1955850345	1447338499
1400682277	1447338553
1236111795	1447338750
2834750863	1447338760
2834677932	1447338802
5259417618	1447338851
3018710327	1447338921
2129704727	1447338944
5574293785	1447338949
1947776884	1447338950
2034053700	1447338981
1668659172	1447338992
3261965794	1447339044
1750167377	1447339085
1291123373	1447339191
1843529957	1447339233
2964341401	1447339247
1804114853	1447339250
5671298541	1447339279
1867117133	1447339467
1920710314	1447339482
1279912050	1447339511
2608535771	1447339784
1738957434	1447340024
1159559014	1447340050
5132569915	1447340061
5595574391	1447340202
5443726403	1447340308
1834594972	1447340321
3847748586	1447340345
1773143137	1447340409
1903184505	1447340461
1263023762	1447340468
3903170649	1447340521
2801525990	1447340650
1313667012	1447340889
2560823072	1447340928
2230686885	1447340929
1814850067	1447340984
1424631530	1447341104
1838770447	1447341124
3013695683	1447341306
1735228805	1447341436
1805159544	1447341468
1423943622	1447341555
3093490933	1447341630
3565974535	1447341850
1769837093	1447341851
3170543382	1447341933
1313341452	1447341959
2765926483	1447342006
3326441682	1447342390
1733939601	1447342426
5580791650	1447342534
5691040683	1447342628
1789842257	1447342640
1433390155	1447342863
2512391924	1447342957
5642267272	1447343071
1009680765	1447343144
1922687397	1447343414
5625062665	1447343628
1832151845	1447343733
1965979770	1447344409
2875584520	1447344770
2104265552	1447345205
1415062661	1447345664
2092768903	1447345962
1438723241	1447346199
1918796363	1447346227
1745773225	1447346265
3178659325	1447346807
2591326141	1447347234
1751070543	1447347328
2109526080	1447348569
1784116374	1447349611
3304326631	1447350213
1766973592	1447352221
3290522960	1447352805
2610519901	1447353946
2885542665	1447355387
1017966711	1447363843
5567255471	1447368531
5146726283	1447369314
1689706433	1447369322
2774404833	1447369339
2264336645	1447370728
1239240943	1447372657
1697201211	1447372784
1847288584	1447373062
2433675177	1447373254
2339364257	1447373899
2532707192	1447374571
2695948923	1447374632
5653563302	1447374746
1713156401	1447375002
2461764693	1447375321
1258557485	1447375847
1809722545	1447376114
2994694800	1447376725
1438974405	1447377122
2475431004	1447377133
2030118521	1447377370
1310873203	1447378199
2798148895	1447378856
3482786401	1447378922
5073032156	1447380866
3896522473	1447382263
1879229957	1447382730
3174891662	1447383069
2935032193	1447383758
2009846243	1447383981
2905822095	1447385511
2716173623	1447388215
3871101703	1447388864
5450823269	1447389217
5752175534	1447389933
2406408507	1447390205
1767212127	1447390890
5060209301	1447392045
5498347634	1447392269
5605299365	1447396441
2410337240	1447400530
1248278244	1447400975
2300415104	1447401498
2838971431	1447401724
1973805931	1447402003
5364742423	1447402553
5017895429	1447406977
3968954213	1447408301
5720426246	1447408330
2235898834	1447410425
2423941772	1447410918
1652045340	1447418834
3490700531	1447419944
1770739592	1447420657
1812740463	1447420897
3898354528	1447422764
2660988511	1447424591
5262684645	1447425330
2115657603	1447430573
5034007621	1447444787
1636006655	1447462800
5525858500	1447472244
3968954213	1447486377
1853989572	1447500353
2331345264	1447519578
5186360413	1447558880
5610898904	1447558925
2719485145	1447560099
3781691617	1447560490
5253884469	1447562199
5376279667	1447562846
1841816493	1447564509
3354775392	1447565641
5396831309	1447567514
5652788084	1447568121
1947299382	1447569153
3563635434	1447573082
1411308352	1447573208
1607505800	1447573774
5538690885	1447574287
3737409525	1447574638
5655964197	1447578615
5744893661	1447579964
2726408583	1447584672
3603541310	1447586431
3603541310	1447586540
3166670472	1447586742
2826230024	1447587785
2835339907	1447588682
3163940455	1447628044
1933866927	1447675601
2239300644	1447688829
2563636700	1447729892
5028140888	1448257379
5605078494	1449457069
