1709157165	1448200983
2165462327	1448201001
1086825105	1448201018
1718958080	1448201023
5401835095	1448201046
1611946352	1448201046
2032202333	1448201047
2855122930	1448201059
1636397645	1448201062
1745935894	1448201076
1455718661	1448201083
2304799023	1448201087
3315878053	1448201088
1184807315	1448201089
1442994101	1448201113
1627466267	1448201118
2669987513	1448201118
2967109234	1448201128
1146905642	1448201134
3167235837	1448201136
1419288387	1448201137
1984815573	1448201139
1686991675	1448201150
2193605690	1448201166
3932572948	1448201171
1878883881	1448201177
3219430513	1448201180
3591442861	1448201185
5700550988	1448201187
1737152264	1448201196
1016800985	1448201204
1763471900	1448201206
3059752902	1448201214
1869263607	1448201214
2750019955	1448201222
2310392265	1448201223
5711383455	1448201228
2027559295	1448201256
2003424481	1448201265
1891132871	1448201266
2081656421	1448201278
2070783703	1448201287
1849481043	1448201311
2535600351	1448201347
5061358253	1448201348
5545135383	1448201352
1098205362	1448201368
3172571034	1448201380
2415146347	1448201394
1877998041	1448201410
1648921681	1448201410
1849051583	1448201417
1338739421	1448201431
5696255970	1448201437
1792747985	1448201452
1935043342	1448201452
3608805745	1448201499
1992260637	1448201499
1962297020	1448201504
2190331980	1448201518
1791041965	1448201522
1752200731	1448201552
3314944402	1448201555
2818013500	1448201567
1076707432	1448201602
1232527184	1448201607
1849481043	1448201634
1106179964	1448201648
2608681352	1448201658
2470980902	1448201678
1086136631	1448201683
2782307141	1448201691
1425795323	1448201696
3219765140	1448201708
2879752714	1448201743
2383809324	1448201753
2803702552	1448201771
5307776906	1448201795
2614644557	1448201801
2232827082	1448201809
2025856214	1448201812
2957846395	1448201814
2738648921	1448201821
2869600560	1448201848
2134972137	1448201857
1425795323	1448201865
1770789671	1448201876
1686991675	1448201898
5179791617	1448201900
3907440253	1448201947
2583067887	1448201955
5209115645	1448201999
5022540316	1448202015
5651330035	1448202023
5648563916	1448202048
1654239321	1448202050
1662831341	1448202055
5556258766	1448202069
1404033511	1448202073
3685615842	1448202103
1957848604	1448202134
1058884127	1448202136
1645390593	1448202142
1884731153	1448202143
5504950220	1448202148
1879370182	1448202160
2661046215	1448202160
5077051027	1448202177
1883854874	1448202181
5201969736	1448202187
1701830465	1448202189
5025812265	1448202195
5706995452	1448202205
5197566587	1448202218
1894284705	1448202220
2677637910	1448202223
1094452124	1448202224
1417177635	1448202228
2467233143	1448202238
1752555377	1448202244
2408143911	1448202250
3926468566	1448202257
3256613530	1448202274
3224473433	1448202284
2938209832	1448202292
5361040749	1448202329
3223699535	1448202342
1686991675	1448202375
5018257608	1448202389
1920473797	1448202398
5669588677	1448202434
1686865873	1448202452
5333165960	1448202457
2167729121	1448202467
1807376252	1448202476
5747253720	1448202479
2743952843	1448202537
1952502321	1448202544
1510737881	1448202571
2212850660	1448202608
1417341514	1448202610
1293911004	1448202626
2992437972	1448202642
3282922534	1448202658
2235519113	1448202700
2646776103	1448202787
3575185412	1448202799
2032202333	1448202800
2254630444	1448202820
2665304071	1448202825
2467233143	1448202845
5148831052	1448202889
2032202333	1448202919
5441249034	1448202928
1729670904	1448202945
5723211193	1448202948
2957846395	1448202951
2467233143	1448203012
1043518862	1448203038
1731105480	1448203045
5321306999	1448203086
1787026830	1448203092
5287828710	1448203128
2212850660	1448203134
5308134621	1448203137
2655170343	1448203140
3129770347	1448203153
2949767550	1448203170
2731446514	1448203181
1916546493	1448203187
5500673749	1448203198
5532588283	1448203247
2166509674	1448203283
1029214347	1448203290
5305602998	1448203309
3134374621	1448203381
5313635736	1448203399
2374697052	1448203417
2796311620	1448203460
2970253980	1448203469
5515775511	1448203472
1812942590	1448203481
1887165702	1448203483
1427275292	1448203509
2713839513	1448203642
1880650027	1448203672
3169653532	1448203690
1703440897	1448203752
2340454695	1448203755
1574166814	1448203770
2004165093	1448203779
3867805128	1448203779
2700138820	1448203789
1630793813	1448203812
2654720654	1448203819
1376747172	1448203828
1465862403	1448203857
1407161193	1448203869
1649398121	1448203870
3567391193	1448203882
1251391595	1448203884
1912296243	1448203885
3059093497	1448203888
3844180382	1448203912
2641506774	1448203924
2519470022	1448203965
2718545961	1448204002
1405720683	1448204004
1891526513	1448204005
3172281585	1448204028
5172325533	1448204049
3672736942	1448204064
5343419820	1448204132
3445543270	1448204211
1732333881	1448204216
1883479415	1448204227
5092797170	1448204231
1688891970	1448204234
3087831373	1448204238
1734106527	1448204248
1911495942	1448204254
5463022322	1448204294
1056653812	1448204331
1801300707	1448204359
2681073591	1448204379
2015675423	1448204443
1431129687	1448204447
3558183714	1448204463
2692526994	1448204471
3033266760	1448204515
1828709637	1448204517
2143105665	1448204528
5069408871	1448204606
1887165702	1448204612
2791824864	1448204637
1218949174	1448204652
1597057020	1448204658
2325824075	1448204686
1172826915	1448204708
2083831744	1448204712
1893200897	1448204739
5170968440	1448204780
1908191670	1448204790
3317226507	1448204827
2131075220	1448204832
2239012161	1448204874
2679593971	1448204922
1496092217	1448204959
1792841524	1448204973
2739258564	1448204990
1217047514	1448205027
2119852191	1448205075
5012475559	1448205077
1400676481	1448205137
2315185303	1448205174
2684924383	1448205177
1777163143	1448205196
5574987512	1448205255
1874086175	1448205280
1687366052	1448205295
1572334227	1448205334
1887165702	1448205491
1847353364	1448205586
1716550974	1448205627
1954817903	1448205677
3307051461	1448205815
2983359887	1448205845
1887165702	1448206095
3247863115	1448206160
5108234550	1448206327
1978310934	1448206337
1679246917	1448206345
5309435239	1448206532
2689274365	1448206664
2611345857	1448206691
1401928394	1448206730
2436547695	1448206819
2929352793	1448207121
1927906287	1448207154
1734158257	1448207177
1905538303	1448207193
1837403825	1448207226
1222623925	1448207244
2248095894	1448207338
3537095032	1448207369
5516524661	1448207501
2378004221	1448207595
2112158350	1448207607
3283690260	1448207632
2698993782	1448207680
1890500940	1448207777
2536213992	1448207784
5519485029	1448207836
2090951455	1448207848
1935773761	1448207855
1250564287	1448207892
1657250597	1448207924
1922466115	1448207946
1300079675	1448207961
2624427541	1448207976
5309641705	1448207995
1989830831	1448208043
5743774301	1448208084
1978285044	1448208114
2749201277	1448208197
1746670467	1448208211
1693048914	1448208213
5205623724	1448208222
1812096007	1448208246
5645664968	1448208305
2214022680	1448208318
1851338860	1448208394
5291716231	1448208415
1971181994	1448208438
1133013872	1448208456
5509583502	1448208538
2152468452	1448208617
2163516415	1448208659
5468512088	1448208673
5602092966	1448208674
1922944265	1448208675
2080783863	1448208690
3211665275	1448208727
1004856520	1448208737
1793575861	1448208820
1243193015	1448208898
1912602804	1448208903
2878359422	1448208942
1730221393	1448208954
1927932711	1448208973
1846573647	1448208978
5564840937	1448208987
1951129741	1448209048
2384106894	1448209107
1638625030	1448209186
5509582315	1448209263
3888024220	1448209273
2668017060	1448209436
1729368814	1448209438
1848368991	1448209455
1817567345	1448209515
5017600514	1448209557
1151171084	1448209609
5613184262	1448209665
1936028913	1448209720
5108235141	1448209724
2632873913	1448209776
2108261115	1448209864
1667115412	1448209870
3602549091	1448210003
5512395412	1448210030
1748330400	1448210082
3508819923	1448210115
1025812872	1448210144
1144104250	1448210275
3963300176	1448210558
3491449084	1448210797
3091793382	1448210998
3442448310	1448211175
2032202333	1448211300
1930382180	1448211454
3249767745	1448211555
2518730900	1448211770
1560648555	1448211805
5404887122	1448211893
1111573253	1448211915
1784582701	1448212146
3962110931	1448212706
3616299991	1448212789
1669840010	1448213782
1610685655	1448214370
3179863230	1448214503
1690780950	1448214616
1427789522	1448214996
1690780950	1448215066
1051838607	1448215350
5736680082	1448215654
5676923959	1448216450
3928377672	1448216645
2440054832	1448217040
1780575547	1448217448
2930466432	1448217519
5674429046	1448217797
2173006135	1448217935
2147543667	1448218163
3925970592	1448218282
5326065595	1448218566
1891774532	1448218861
5445397943	1448219084
1650493893	1448220030
2852203161	1448220610
3916233115	1448220827
1922894425	1448220853
1866131640	1448221242
3226018827	1448221456
2169036490	1448221529
3166929865	1448221813
2670908795	1448222044
5731642859	1448222073
3096586111	1448222078
3050642251	1448222164
1225706341	1448222497
1908919157	1448223755
1814681974	1448223798
1067314463	1448224362
1264865745	1448225231
1925419924	1448225355
2549535193	1448226426
2353259751	1448226463
5325071667	1448227489
5603990684	1448228763
2451708093	1448229154
1708025102	1448229848
1358239772	1448229884
5504595728	1448229895
3452634950	1448230817
2252898250	1448231777
3598307652	1448231884
1362524845	1448231919
2975524077	1448231934
3941094672	1448232464
3994437140	1448232500
5327755339	1448232737
3178547334	1448233160
3947703554	1448233348
5204965089	1448233598
3598307652	1448233808
5725578858	1448234013
2645296812	1448234035
2729168120	1448234115
1568879834	1448234300
3279391832	1448234441
2733614872	1448234652
1911231661	1448235202
1496094912	1448235463
5598762488	1448235573
5057417818	1448235744
1956278960	1448235843
5661683576	1448235879
5731654143	1448236200
5670926571	1448236363
5669128132	1448236397
5365321577	1448236907
5165026122	1448237162
1939040181	1448237217
1252391943	1448237355
1726447992	1448237387
1855960810	1448237942
1687622307	1448237942
2041606843	1448238054
2275874843	1448238232
2424162511	1448238377
1832645454	1448238589
2209683690	1448239124
2550360660	1448239190
2763944321	1448239209
1655774007	1448239293
1660791832	1448239402
1889045671	1448239506
3756364244	1448239671
1644680701	1448240108
2704177833	1448240877
2704177833	1448240925
2704177833	1448240948
1578452903	1448240999
5746928603	1448241305
1644603560	1448241331
1735600342	1448241515
3222548934	1448241542
3768969677	1448241563
2786248604	1448242177
1153877154	1448242423
3163591792	1448242804
2882814671	1448242903
1848584892	1448243007
1298254337	1448243054
2046610400	1448243824
5080804809	1448244011
5080804809	1448244565
3626222222	1448245245
2041904094	1448245309
1448880381	1448245829
1461351615	1448246978
1495854521	1448247936
2546136573	1448248381
3059752902	1448248513
3287436330	1448248535
2425519244	1448248544
1619983875	1448248665
1718281293	1448248677
2106336587	1448248723
1536878423	1448248737
1785254947	1448248783
2015116873	1448248912
1229136784	1448248946
1034415353	1448248952
2527383853	1448249099
5156933752	1448249173
1044113480	1448249894
1225301590	1448250471
2083170481	1448250572
2506230012	1448250689
5694450861	1448250707
5575046846	1448251822
1772009724	1448252021
3960321936	1448252363
2702397503	1448252574
5327755339	1448252610
5327755339	1448252810
1881395200	1448252900
5425602260	1448253535
1799276220	1448254434
1954447117	1448254904
2344292565	1448256049
2741035104	1448256155
5481836131	1448256475
5517949049	1448256530
2745041290	1448256531
5172730997	1448256609
5603276526	1448257087
1905174422	1448258697
2608334291	1448258741
2049083174	1448259378
1609251450	1448259501
3261508865	1448260848
5110585732	1448261666
1034410897	1448263496
3254099921	1448272964
3623775583	1448273054
3254099921	1448273492
5430508212	1448273855
1628181932	1448279191
3254099921	1448284309
3598307652	1448286576
3900563988	1448287135
1236495523	1448287341
1236495523	1448287588
5325822917	1448287682
5724619035	1448287879
2163520255	1448288827
3685615842	1448290157
5249163917	1448290365
2484810031	1448290426
3645063017	1448290541
5574987512	1448290666
1878438405	1448290670
1236495523	1448291090
1761591060	1448291346
2636696247	1448291863
1779163141	1448292311
1400249353	1448292406
2355826583	1448292480
1236495523	1448293019
1831378270	1448293166
1716464663	1448293584
1802601603	1448293654
2884878450	1448293714
1779649197	1448293833
2642481507	1448294104
1964940234	1448294509
1900530745	1448294592
3265660415	1448294686
3199887947	1448295201
1806095283	1448295458
2250162241	1448296156
2652013143	1448297656
1874623071	1448300595
5548931479	1448317031
1633524300	1448320697
1651037613	1448321012
1240744364	1448323142
1082607574	1448326277
1082607574	1448326297
1082607574	1448326317
2345135147	1448328109
3173079312	1448329377
2836967362	1448330592
1060841964	1448330993
2658252001	1448331436
3176804502	1448334712
1785057551	1448382672
5083466230	1448385719
1468854602	1448427014
2585892427	1448435875
2932596593	1448453303
5744220918	1448460066
1735085264	1448465123
1497171921	1448491899
2564706437	1448497622
3759533140	1448498243
5332290785	1448516354
5516215641	1448552618
5200539299	1448631549
3010789187	1448649322
3900563988	1448695328
1564754491	1448695426
2032202333	1448697959
5258887420	1448710796
5782598795	1449750496
1257785993	1450077288
