1642512402	1448755200
5635700904	1448755224
3730014667	1448755225
1710971500	1448755251
2548038427	1448755253
2937756634	1448755274
1632650742	1448755278
5745260500	1448755309
1947226795	1448755317
2484964037	1448755346
2629239804	1448755368
1908471633	1448755392
5770326357	1448755393
5665063293	1448755403
3186083914	1448755408
5661168509	1448755429
5709861349	1448755440
3154653311	1448755457
3152319613	1448755465
5547014362	1448755469
1272306403	1448755480
3681833731	1448755493
1686632064	1448755498
2604001231	1448755502
5758952557	1448755522
2627549411	1448755524
5520508448	1448755525
5548649983	1448755535
5705093408	1448755553
1958561875	1448755563
5664427458	1448755566
3299492530	1448755585
2095038492	1448755649
1342776725	1448755654
5218100706	1448755665
2807244741	1448755670
1876763707	1448755675
5540379619	1448755676
2821530597	1448755689
5564494884	1448755705
1652039954	1448755718
5687987154	1448755722
5758287427	1448755765
5720859376	1448755781
5669536956	1448755799
5736560913	1448755801
5734666397	1448755812
5690879783	1448755818
2281878665	1448755826
1779197587	1448755835
5703608485	1448755836
3284092851	1448755847
1675027734	1448755871
5470677633	1448755885
2780459705	1448755892
5395095213	1448755910
2219688753	1448755917
2055207337	1448755945
2075186303	1448755953
3832767328	1448755988
5083070640	1448755997
5760841076	1448755997
1850306075	1448756013
3387428834	1448756019
2660346481	1448756042
5759964065	1448756051
3995183316	1448756059
2035184583	1448756072
5712636494	1448756107
2752521407	1448756109
5651904490	1448756110
1841948320	1448756158
5662483261	1448756161
2259902301	1448756216
1802136555	1448756231
5486603212	1448756233
2264474131	1448756234
2082379753	1448756246
5723532745	1448756314
5666107876	1448756321
5020565744	1448756323
3070686191	1448756324
5750926899	1448756346
5677257965	1448756368
1814948285	1448756400
1665413922	1448756403
5723102284	1448756404
2643546931	1448756405
1874284427	1448756424
2965255482	1448756431
2149537005	1448756449
5653375012	1448756472
5316397475	1448756507
2781289663	1448756578
2653136533	1448756600
5480143289	1448756643
5722674440	1448756645
1969120503	1448756652
5550399324	1448756672
5732424725	1448756673
2714830913	1448756674
1933331112	1448756699
2287279381	1448756743
5720760943	1448756767
1912292121	1448756769
3296300987	1448756778
2035338892	1448756791
5726459281	1448756844
1419686624	1448756875
5712817219	1448756889
5577388976	1448756890
5711575328	1448756935
5513202144	1448756945
3042557023	1448756946
1497740917	1448756959
5584288419	1448757022
5632623024	1448757036
2686955213	1448757043
5745651004	1448757057
2447192403	1448757081
1139066154	1448757109
5303658380	1448757113
5712384977	1448757113
2350813503	1448757173
1650567437	1448757191
2553108101	1448757208
3814130109	1448757232
5629498860	1448757251
2457702121	1448757264
5769763575	1448757282
5653160775	1448757299
5549028804	1448757311
2648615737	1448757326
5725509248	1448757378
5773644167	1448757383
5720053870	1448757389
5590556594	1448757447
5368911361	1448757461
5742632393	1448757515
5546572567	1448757546
5720760943	1448757622
5668921953	1448757630
5703886322	1448757634
3174045644	1448757711
5125350500	1448757728
5764486605	1448757728
1654090874	1448757750
2111910034	1448757780
2705200735	1448757823
2209395334	1448757856
1955234694	1448757873
1029818451	1448757875
2125087603	1448757884
1673042477	1448757925
5544309526	1448757990
5667741944	1448757993
2739929885	1448758025
2434150692	1448758055
2464787240	1448758096
1993706233	1448758183
2132354000	1448758188
1661227004	1448758209
1827627651	1448758222
1511470434	1448758341
5772662550	1448758358
1930698152	1448758369
5478772104	1448758483
5602735643	1448758489
3295327482	1448758510
2660442947	1448758523
2443161875	1448758548
5139885649	1448758562
1819962583	1448758592
5699505482	1448758647
2439800912	1448758669
3074367191	1448758671
5599923374	1448758679
2852721692	1448758684
5701987012	1448758719
5462738449	1448758735
2235427322	1448758757
1827564200	1448758780
1959662315	1448758799
5283232972	1448758805
5057952882	1448758819
5573737007	1448758912
2599318622	1448758932
1834463850	1448758999
5760256620	1448759007
3205589581	1448759095
1789819333	1448759096
1500147187	1448759099
1757802567	1448759181
5524768641	1448759276
5641112706	1448759294
2238092815	1448759322
3225507815	1448759329
2639632463	1448759342
5498519122	1448759442
2147225362	1448759445
5712614915	1448759450
2024936154	1448759495
1809035434	1448759498
3225544454	1448759568
1991907947	1448759653
2671215191	1448759742
1452175595	1448759762
2706081773	1448759784
3215858134	1448759795
2408798732	1448759811
5750580806	1448759880
2952525444	1448759882
2473631484	1448759887
1866429577	1448759914
2701167454	1448759916
5720519110	1448759919
3896815986	1448759954
5715085720	1448760041
2728992817	1448760043
2269311303	1448760053
5610566715	1448760131
2925962845	1448760200
5693117457	1448760309
5152076888	1448760364
5310442371	1448760449
5290114235	1448760454
1447863075	1448760764
5440542144	1448760807
3795751983	1448760811
1769642262	1448760861
5678079731	1448760977
3916476787	1448761060
1900928513	1448761075
5727983399	1448761082
5643272917	1448761146
1029366342	1448761183
3800703622	1448761190
5461254917	1448761202
5759255566	1448761218
5344667340	1448761240
5574361450	1448761288
5611814958	1448761324
1688335327	1448761375
2345204475	1448761423
5026934646	1448761504
3314241275	1448761541
5746293010	1448761626
5235960523	1448761628
2282117231	1448761630
1345540922	1448761652
3811869443	1448761719
3460097392	1448761723
5638788141	1448761747
2697800963	1448761780
1790424103	1448761918
5742244779	1448761974
2599364391	1448762033
2208752610	1448762062
1763919471	1448762121
2394652163	1448762148
5669863462	1448762159
5683962743	1448762180
5708534981	1448762190
1976745063	1448762225
1976745063	1448762295
1630774781	1448762321
3672575397	1448762327
1893957074	1448762361
3561915717	1448762367
1918479277	1448762368
3798162374	1448762380
2638903502	1448762387
5763160319	1448762430
5708021744	1448762443
1576429265	1448762479
3479632563	1448762547
2409216681	1448762929
2123160814	1448763010
3905288079	1448763146
2257145013	1448763213
3687076231	1448763222
3065622031	1448763315
1668688891	1448763326
5017616722	1448763351
3910399405	1448763388
1726392345	1448763394
5715083386	1448763436
5592183897	1448763454
2709513433	1448763464
1513719075	1448763559
1907420231	1448763582
5625028302	1448763629
1661653805	1448763717
5474897181	1448763726
2989962234	1448763746
3749040940	1448763854
1944490983	1448763974
1633824083	1448763997
5263741074	1448764172
5639698167	1448764217
5698105301	1448764224
5255635758	1448764254
3487230055	1448764316
2726891243	1448764581
5582453310	1448764628
5714757008	1448764669
5620172323	1448764682
5554907744	1448765094
5732822327	1448765109
5598348105	1448765227
2010746623	1448765256
2493720463	1448765375
2615902927	1448765532
2615902927	1448765559
1936341135	1448765620
1764906962	1448765685
1577934030	1448765698
5774098923	1448765829
3188497724	1448765898
5444443661	1448765906
5591097736	1448765994
5302329512	1448766051
5634822136	1448766146
5618847546	1448766206
5474795247	1448766499
1671918721	1448766534
3655822300	1448766630
2244302627	1448766926
3182729603	1448767253
5631385627	1448767267
5722484246	1448767539
2975804304	1448767644
5264764866	1448768242
1646669801	1448768434
5359048739	1448768527
5428984378	1448768623
1689759641	1448769190
5629501621	1448769546
2822002902	1448769983
2743446365	1448770098
5310924331	1448770542
1734499760	1448770658
1427243461	1448770728
1820456617	1448772625
2418457381	1448772904
2661856064	1448773164
5215731335	1448773570
2197799284	1448773602
5388250485	1448773887
3798197601	1448774174
5763056651	1448774571
1963993033	1448774572
5690839973	1448774704
1245173751	1448774893
1918507364	1448775176
5496716155	1448775566
3094671567	1448775907
5646557144	1448776607
2461920762	1448776714
5240574382	1448778353
5532373542	1448779122
1899540607	1448779204
5549427101	1448780131
3693217782	1448780507
3693217782	1448780654
5541409178	1448780830
2393519281	1448780886
5555504629	1448781085
5746924702	1448781449
5137786618	1448782765
3108427043	1448783231
2197799284	1448783477
2526741292	1448783585
3968821307	1448785696
1292780131	1448786107
1196221333	1448786898
3151934132	1448787868
3655916631	1448790502
5585919466	1448791205
2421720772	1448792601
5068939788	1448793834
3772767612	1448794871
5721102645	1448797906
2268178794	1448800238
5681114359	1448800708
5285663286	1448801799
1794242757	1448803272
3898348407	1448804702
1888231167	1448805057
1285708507	1448806296
5464940752	1448806408
5643929478	1448808445
3016321013	1448810468
2661595257	1448812396
5299970879	1448848623
5705831990	1448849981
1613485924	1448853086
1864825052	1448859001
1864825052	1448859250
1876884747	1448873169
2452556722	1448873813
5712384977	1448874437
5697231100	1448924744
1547507571	1448960636
5752309600	1449114639
3616346103	1449117009
5745018776	1449121144
5707131368	1449457961
1069337307	1450948123
