2084348103	1447301056
5237306933	1447301065
5710580845	1447301081
5350169554	1447301092
5485921382	1447301102
5725327923	1447301104
5688602827	1447301109
5683969806	1447301131
5746161630	1447301145
5606742635	1447301146
5729019209	1447301147
5737208564	1447301158
5635797004	1447301173
5726547622	1447301176
3215414051	1447301179
5723557738	1447301182
5726272047	1447301190
5636007749	1447301197
2858779060	1447301197
5639577528	1447301208
5678402860	1447301216
5602595212	1447301217
5625327949	1447301227
5667425973	1447301232
2017397103	1447301233
5695742227	1447301238
5669653225	1447301243
5657012615	1447301249
5734767710	1447301252
1259239681	1447301257
5684542455	1447301259
5690692909	1447301265
5695524890	1447301270
5671489709	1447301273
5736823572	1447301275
5649693802	1447301285
5645502274	1447301289
5756973120	1447301289
5745201440	1447301292
5605734378	1447301299
5713677216	1447301306
5709754571	1447301310
5670645997	1447301330
2726358757	1447301331
3487498457	1447301333
5713268380	1447301338
5756043754	1447301340
5614137242	1447301347
5446503552	1447301353
3562122154	1447301357
3183194702	1447301372
1628996545	1447301372
5348033721	1447301381
5635874966	1447301383
3195790395	1447301389
3916223604	1447301393
5718197666	1447301394
5697852243	1447301409
5745934733	1447301410
5667866463	1447301412
5595010559	1447301421
5736364295	1447301422
5708708577	1447301425
1872772174	1447301425
5479331585	1447301426
5702552189	1447301431
5368626269	1447301432
5663755007	1447301441
3894736486	1447301446
5702046984	1447301456
5648778294	1447301462
5598600086	1447301470
1876137857	1447301478
5664863031	1447301492
2785087070	1447301514
3935988013	1447301521
5737625373	1447301522
5396537935	1447301532
5396924312	1447301533
5108520625	1447301535
5148900840	1447301535
5736984008	1447301538
5737208330	1447301545
5754862604	1447301551
3561447922	1447301564
5673208352	1447301575
2721596120	1447301585
5717072957	1447301598
5717072957	1447301620
5756603213	1447301621
5736350022	1447301625
2342796565	1447301627
5609101059	1447301631
5687447384	1447301668
5687643522	1447301668
5727758679	1447301686
5681098859	1447301703
5664590112	1447301719
5665159356	1447301732
3881711899	1447301747
5755068859	1447301748
5628194785	1447301748
5721124684	1447301769
1782848875	1447301775
5537442832	1447301784
5706074232	1447301785
5743808616	1447301787
5528789149	1447301795
3718060930	1447301810
5755783299	1447301816
1080193394	1447301825
5657597155	1447301826
3704334897	1447301839
5240365948	1447301841
5722884855	1447301841
5718928290	1447301844
2250078757	1447301868
5705562616	1447301887
1935043342	1447301922
5514733411	1447301932
5652196619	1447301958
5568035707	1447301966
5697499665	1447302013
5535342750	1447302016
5269341385	1447302017
2579911681	1447302034
5708408424	1447302035
5085385441	1447302056
5723661580	1447302057
5694825033	1447302065
5736206538	1447302106
5458460562	1447302116
1107602432	1447302118
5123781616	1447302131
5755980732	1447302136
5140601823	1447302147
5648614476	1447302159
5720821180	1447302163
3984939760	1447302205
5153993763	1447302224
5589587950	1447302226
5754287153	1447302257
3906432826	1447302272
5408005341	1447302348
5676040447	1447302371
5656749084	1447302371
5046259667	1447302379
5178763663	1447302386
5651082123	1447302388
5663930943	1447302397
5371343197	1447302399
5193452245	1447302417
5461366972	1447302438
5726192737	1447302472
5436724717	1447302480
1292306942	1447302482
5722913342	1447302506
5330578859	1447302518
5580473635	1447302523
5614235460	1447302528
5705554827	1447302590
5625571317	1447302656
5750567538	1447302656
5646777028	1447302678
1148004614	1447302698
3167503637	1447302793
5731238180	1447302801
5638072262	1447302808
5752732999	1447302850
2277356811	1447302852
5137974602	1447302866
5708573941	1447302899
5754338162	1447302969
2820765180	1447302985
5715998200	1447303006
5625277306	1447303006
5518861526	1447303019
5497686710	1447303033
2900329661	1447303038
5678809938	1447303044
5756032212	1447303083
5625704492	1447303086
5599350838	1447303104
5676291564	1447303111
5592749502	1447303155
5687804820	1447303172
5083024935	1447303192
3145773852	1447303229
5756518384	1447303240
5710104055	1447303264
5697859504	1447303333
1837818674	1447303369
5715582041	1447303420
3629478170	1447303448
5568219569	1447303450
5743818582	1447303485
1608656255	1447303507
5691377000	1447303538
3592390584	1447303572
5705854335	1447303709
5611192138	1447303767
5745164915	1447303807
1218046053	1447303827
5706071245	1447303843
5607196329	1447303872
5498151027	1447303925
5754591358	1447303967
5352314099	1447303973
5634741876	1447303982
5745989871	1447304044
5755959723	1447304048
5726687164	1447304075
5727912950	1447304094
2315313961	1447304097
5696243407	1447304116
2691022593	1447304174
3970595373	1447304183
3606962965	1447304268
5694579357	1447304304
5743812850	1447304350
5679106471	1447304357
3985667116	1447304370
5616642112	1447304489
5708656926	1447304502
5484458360	1447304556
5642048419	1447304597
5083043331	1447304709
5661768396	1447304711
5752214602	1447304778
5697926568	1447304806
5253952974	1447304821
5688392621	1447304869
5604109243	1447304915
5040843998	1447304920
5262364782	1447305064
5666391258	1447305134
5666427299	1447305172
5648117897	1447305261
5488858613	1447305315
5706437792	1447305317
5723020927	1447305342
5754915967	1447305447
5669269017	1447305470
5680288268	1447305490
5598620498	1447305543
3884762023	1447305575
5647788627	1447305585
5709553607	1447305610
2720864935	1447305726
5521726011	1447305734
3269140271	1447305784
5729687389	1447305848
5068273770	1447305928
3183933225	1447305951
5685908114	1447306111
5707117865	1447306112
5681457615	1447306139
5664865329	1447306360
5631122432	1447306380
5698315167	1447306531
5675995802	1447306616
5634637963	1447306854
5718971340	1447306868
3429330640	1447306873
5316777019	1447306933
5627564228	1447306935
5719892306	1447306980
5334658603	1447307279
5708161602	1447307527
3847199157	1447307631
5672135705	1447307724
3210374094	1447307827
3202831964	1447307940
5663860106	1447308002
5278032849	1447308184
5727580416	1447308432
2650763727	1447308499
5688918386	1447308830
5737802552	1447309076
3295760071	1447309126
5652405206	1447309134
5662737078	1447309177
2420961045	1447309263
5734707841	1447309334
5643850273	1447309440
5660014212	1447309502
5746708732	1447309593
5666803954	1447310011
5499128294	1447310086
5755958892	1447310218
3966532166	1447310235
5236052520	1447310472
3018331493	1447310664
5125949729	1447311169
5167463810	1447312354
3865671767	1447313196
5566537602	1447313338
5230633287	1447314928
3478943901	1447317178
5342009402	1447318162
5566691091	1447318803
2732816914	1447326821
3806612604	1447326863
5706837752	1447327560
5729912981	1447329645
5376905276	1447340547
5724312206	1447343180
5756430501	1447347923
5720764579	1447367830
5717958635	1447371449
5747024184	1447387613
5015647538	1447390383
5583270125	1447427018
5721451040	1447427609
5482367487	1447430466
5715226669	1447461172
1739042510	1447466787
5756307257	1447502130
5491917303	1447505640
3256546765	1448380299
