2656274875	1448783636
2092104701	1448783648
2332504271	1448783665
2251937421	1448783673
2119176290	1448783677
3819859638	1448783681
1594367123	1448783685
1974715357	1448783687
2360122351	1448783694
3218527712	1448783695
2250619161	1448783696
1072047705	1448783699
2675203485	1448783703
1777066395	1448783705
2177125994	1448783705
1896730587	1448783711
3045678905	1448783714
2698845114	1448783714
1650872974	1448783720
5657131132	1448783725
3209468562	1448783725
2386814195	1448783727
5772036009	1448783728
3308605603	1448783728
5673836800	1448783729
5221765087	1448783730
2275802483	1448783746
5231234620	1448783754
2146174053	1448783754
1775107677	1448783758
1222857791	1448783759
3234449514	1448783763
1817553863	1448783765
5580544868	1448783766
3744182930	1448783768
3893705195	1448783774
5745377798	1448783775
1862103881	1448783777
3152032334	1448783779
3417985070	1448783780
1249902243	1448783782
1199887364	1448783786
2587172275	1448783787
3066757935	1448783787
1770066827	1448783799
1928134845	1448783800
3218365277	1448783807
5758836612	1448783807
1820920517	1448783810
1801945232	1448783813
2641456061	1448783818
2809584694	1448783819
1420941990	1448783820
1203515621	1448783821
2022599967	1448783823
1497187701	1448783830
2575584501	1448783832
5263862281	1448783835
2128317627	1448783837
3151853142	1448783838
2540064424	1448783842
2097165121	1448783845
3686393077	1448783847
2533247857	1448783850
1688564501	1448783853
2339880211	1448783853
1905116957	1448783859
2123648735	1448783864
5389672165	1448783870
1221446400	1448783876
5362293732	1448783879
1369504405	1448783888
2491665447	1448783889
2267085980	1448783891
1769915981	1448783896
5303592818	1448783900
5504772274	1448783902
5374149177	1448783903
3407199270	1448783904
1105889273	1448783913
3802672474	1448783914
5085582830	1448783915
1580859052	1448783919
3302272401	1448783922
1875183971	1448783923
1789533277	1448783927
2614804555	1448783928
3788427590	1448783929
2632868487	1448783932
2035901971	1448783933
5022273968	1448783948
2549517357	1448783950
2377445942	1448783956
1597883212	1448783959
2678637497	1448783960
3849945645	1448783961
1268073693	1448783962
1165466052	1448783972
5666994083	1448783974
5266924554	1448783976
2625512830	1448783982
5736345787	1448783983
5766190385	1448783987
2385868750	1448783987
3948104962	1448783988
2111819627	1448783989
2795591531	1448783990
5183196373	1448784003
2908898873	1448784012
5682776912	1448784013
3201502180	1448784017
3319762235	1448784020
3350065454	1448784030
3744036117	1448784036
2368539070	1448784040
1223312094	1448784043
1851579153	1448784043
3303993441	1448784050
1652040794	1448784051
5306791277	1448784053
5702561811	1448784056
3838318452	1448784075
5698674312	1448784076
1945715447	1448784078
2806307851	1448784080
2742475975	1448784084
1097100047	1448784094
5044522603	1448784137
2313769387	1448784138
5590890786	1448784138
1762233577	1448784145
5675874766	1448784148
3056922473	1448784174
5300711460	1448784179
5378943597	1448784183
3171515112	1448784185
5098360426	1448784185
5245770869	1448784190
1943351691	1448784200
2072751944	1448784213
2308811921	1448784220
5329594804	1448784221
1031812221	1448784224
5055641239	1448784227
5036923641	1448784227
2893740202	1448784235
3123673483	1448784237
1657072737	1448784239
1801685922	1448784255
1809915945	1448784260
5252471428	1448784261
3841656168	1448784266
5306238001	1448784278
2865818794	1448784278
3495459211	1448784282
3341075610	1448784289
2696843660	1448784295
1939856923	1448784303
5264632848	1448784305
1315679352	1448784306
5053109542	1448784309
2704089821	1448784314
2469732680	1448784315
5116989361	1448784319
2258014632	1448784332
3608257403	1448784334
5504772274	1448784339
2532036733	1448784347
3712205540	1448784352
2280865381	1448784355
5755371764	1448784380
3708523445	1448784380
2631035991	1448784381
2473228155	1448784392
5638012151	1448784422
3631045551	1448784433
3839170743	1448784471
3465907530	1448784475
3154705744	1448784476
5590686319	1448784497
2645735477	1448784515
5764465912	1448784519
1096057421	1448784525
5705983254	1448784526
2239693151	1448784531
2279893147	1448784538
5000905008	1448784540
5019906298	1448784544
5490765607	1448784559
2044408481	1448784575
5496429073	1448784575
5056361365	1448784576
5047359760	1448784597
3157483903	1448784600
3801210039	1448784604
5243648391	1448784612
3814991110	1448784620
2628716973	1448784620
1314309253	1448784620
2965255482	1448784632
5717878177	1448784644
3187591475	1448784646
1967462025	1448784668
5763281527	1448784675
1479941182	1448784682
1927960045	1448784683
3557570084	1448784690
1838035311	1448784711
2678637497	1448784713
1993263252	1448784714
2456935850	1448784716
1808680002	1448784719
3800661216	1448784720
1631640325	1448784724
1346408797	1448784730
5038757410	1448784735
5734627411	1448784740
1100448807	1448784746
5584401502	1448784760
2289744923	1448784786
2658926651	1448784788
5770189634	1448784790
1978799860	1448784804
5518477084	1448784807
3872002931	1448784837
3263288060	1448784847
5144691014	1448784847
5367239177	1448784865
1654349367	1448784867
2111894761	1448784882
1724597064	1448784883
5690642467	1448784888
5126684376	1448784897
2861219084	1448784951
1678899162	1448784973
2725045893	1448784989
3237401472	1448785006
5288848100	1448785015
2919817913	1448785042
1785477640	1448785043
1395066600	1448785050
2240440627	1448785061
5135174098	1448785065
2870995041	1448785074
5142979837	1448785077
2702873727	1448785099
3114394783	1448785099
1008108933	1448785104
5454310205	1448785107
1960342091	1448785113
5711541761	1448785116
3819155698	1448785133
5298094427	1448785137
3284934902	1448785140
1110145375	1448785153
1583703235	1448785157
5687136218	1448785157
3156138461	1448785164
2914274245	1448785165
2785108132	1448785174
3334121270	1448785175
2114588054	1448785182
2189824254	1448785183
2286336245	1448785187
2713205801	1448785188
1848273054	1448785207
5230550801	1448785210
2812271853	1448785212
5172972100	1448785220
2249652385	1448785221
5466701372	1448785234
2137963765	1448785263
3515650462	1448785267
3780779342	1448785309
2738434173	1448785349
2579554151	1448785366
1272400675	1448785370
3558424363	1448785387
2011990062	1448785389
3028135992	1448785399
1962752484	1448785406
5556477844	1448785429
1564070203	1448785453
1792869074	1448785464
1621333821	1448785474
5075487124	1448785481
1772586245	1448785525
3852440259	1448785543
1167880511	1448785586
5138438234	1448785589
1845534233	1448785598
5062320147	1448785605
1952596087	1448785607
1900919225	1448785609
2005230007	1448785620
5695612819	1448785625
5058772847	1448785654
5385120547	1448785663
5633217812	1448785666
1269271572	1448785676
2587177521	1448785682
2916670730	1448785725
5020565744	1448785744
2764189165	1448785763
3885501898	1448785810
5026653865	1448785834
1976513013	1448785841
1791006175	1448785851
3212616123	1448785861
2594456697	1448785867
1677049475	1448785910
5264505042	1448785916
2778708295	1448785921
3235572270	1448785932
3574110520	1448785942
5731053339	1448785957
1733061157	1448785962
2279893147	1448785985
5486777314	1448786009
2787210712	1448786011
1354780295	1448786025
2975625435	1448786029
1834452271	1448786059
1967462025	1448786059
5198798588	1448786063
5026653865	1448786077
2353990631	1448786115
5191034415	1448786138
5296955007	1448786178
1222877682	1448786179
3764134391	1448786182
2323696960	1448786190
5633911246	1448786223
2322317051	1448786252
5355815605	1448786284
2086374085	1448786289
1409581495	1448786316
2655269115	1448786321
5136870456	1448786324
3475314672	1448786357
5771790786	1448786359
3175189763	1448786363
1935641830	1448786373
3182945004	1448786397
2123712971	1448786440
1926243370	1448786445
2661971981	1448786446
1664823313	1448786463
2105405597	1448786467
2754047123	1448786495
5283287108	1448786500
1590013740	1448786511
1863077927	1448786512
2427803025	1448786529
1112123290	1448786535
3354687110	1448786538
3082876222	1448786541
1145018764	1448786570
2657258812	1448786570
3898239414	1448786578
1498462443	1448786593
2076766213	1448786610
3861827942	1448786632
1912523371	1448786718
5307871895	1448786733
5634215615	1448786761
3086638003	1448786788
3671920765	1448786790
1078413904	1448786792
5673145335	1448786794
1891935717	1448786805
3910842468	1448786807
1949757653	1448786815
1895108373	1448786817
2934962857	1448786838
1746397203	1448786839
5327222432	1448786881
2373202795	1448786891
1974335820	1448786907
2610074564	1448786908
2697640860	1448786947
1405759890	1448786949
2181782705	1448786950
1933959350	1448786991
3175398985	1448787000
2378081163	1448787008
3946713219	1448787026
3178571712	1448787083
1776623631	1448787105
5368736994	1448787134
2024926260	1448787195
3776468633	1448787197
3875018742	1448787203
3165774053	1448787211
2634755701	1448787255
2347569761	1448787340
1723859967	1448787360
1916346195	1448787432
5459467272	1448787492
5458716054	1448787516
2673084411	1448787541
5516419295	1448787545
5288479349	1448787592
5362458532	1448787626
1829045013	1448787658
5617635238	1448787663
1647990353	1448787675
5318008749	1448787687
2696803162	1448787714
3557256640	1448787716
2417781721	1448787734
2038866232	1448787735
5484156670	1448787792
1934414480	1448787800
3030602055	1448787808
2194155392	1448787853
1130098413	1448787880
1691958804	1448787901
1879947165	1448787908
5180006245	1448787942
2330337152	1448787957
5247213047	1448787974
3529096574	1448787997
5414735110	1448788006
5605257648	1448788025
5766567779	1448788034
1893021403	1448788037
5688334277	1448788061
3484400180	1448788072
1634333434	1448788085
2315703644	1448788107
3154178551	1448788120
1924614387	1448788126
2154056870	1448788130
3944721933	1448788139
2022157951	1448788139
5249578988	1448788156
1726290723	1448788166
5491830209	1448788206
3091688247	1448788217
2893958810	1448788238
1979410050	1448788319
3628449984	1448788325
2811299194	1448788331
2003892273	1448788408
1003937770	1448788418
2240434120	1448788422
5620724456	1448788444
2935326612	1448788470
2076896045	1448788479
5723185708	1448788483
3089184395	1448788538
2057867590	1448788543
5738139452	1448788565
3902750266	1448788567
1856129761	1448788619
3494614211	1448788654
5775181512	1448788662
1899682607	1448788668
3224546532	1448788683
3301174625	1448788711
5603402446	1448788784
2243364840	1448788787
1099349001	1448788790
3176932000	1448788821
5393190464	1448788831
1853056051	1448788840
2050595520	1448788855
5773582884	1448788858
3238164004	1448788860
1973826131	1448788875
5599902073	1448788898
1904549573	1448788920
3953449123	1448788969
3854767231	1448788973
1788216941	1448788999
3064723277	1448789006
1050347635	1448789047
1362666172	1448789053
3224368622	1448789094
5029375265	1448789149
1711187905	1448789155
3974417459	1448789165
2761218793	1448789172
1502425292	1448789228
2701969864	1448789252
3835564275	1448789258
1759096145	1448789265
1757606233	1448789266
2150476524	1448789290
1682659005	1448789297
2532036733	1448789306
1970031337	1448789309
5284690995	1448789336
2506418165	1448789362
5318027729	1448789368
5285963768	1448789377
1907487643	1448789414
2770061625	1448789428
5176389853	1448789451
2814922084	1448789457
3856537536	1448789460
1731279677	1448789462
2502682953	1448789498
3595574675	1448789556
1800333117	1448789565
5651749141	1448789598
1934103025	1448789603
3165282323	1448789618
5333723862	1448789624
3910748776	1448789626
2693807843	1448789632
3130737495	1448789641
3118553065	1448789654
3860909320	1448789658
1036250774	1448789680
3535184002	1448789717
1573772802	1448789727
3097419771	1448789777
3938243305	1448789785
3768946165	1448789790
2517887847	1448789813
5646169630	1448789838
1153057390	1448789911
1619731197	1448789969
5738561017	1448789997
3963923819	1448790019
5540615057	1448790021
1958779077	1448790040
2063524945	1448790086
1253717531	1448790094
2456319252	1448790099
5634019457	1448790107
3114497801	1448790188
5405390201	1448790194
3096088325	1448790204
5349903080	1448790252
5761023113	1448790275
1738350060	1448790297
1766532475	1448790299
3771774847	1448790315
5526393173	1448790321
1401856111	1448790332
3971294669	1448790362
2525993464	1448790374
5460814857	1448790433
5588673800	1448790466
5650330911	1448790467
2677330683	1448790468
3480958780	1448790492
5680669037	1448790513
3975345555	1448790621
2447070612	1448790638
2284808893	1448790693
2104834791	1448790760
1630126202	1448790766
3917825289	1448790795
5266727095	1448790863
3298843733	1448790904
3696177762	1448790926
1788440431	1448790981
2409498622	1448791037
1793594282	1448791058
1143507890	1448791062
5715632223	1448791146
2916540900	1448791177
5102865448	1448791192
3828757650	1448791202
3496419215	1448791248
1830637285	1448791272
3434056992	1448791443
2300877613	1448791516
5708504816	1448791609
2340261907	1448791619
2432878601	1448791630
2750531903	1448791638
5040924241	1448791651
3681532713	1448791705
1994140071	1448791723
5520407575	1448791728
5158276396	1448791728
2131364091	1448791754
3643202602	1448791760
2710198357	1448791810
3013484807	1448791837
5579888178	1448791949
1780113222	1448791970
3309881981	1448792018
3166298874	1448792089
3753903272	1448792276
3982095987	1448792277
1634180167	1448792339
2602763690	1448792347
3803944831	1448792405
2045918997	1448792430
1178702255	1448792445
2839436345	1448792474
1744359322	1448792533
5502422205	1448792555
5522583265	1448792639
5105228466	1448792652
3236262343	1448792712
3931754515	1448792731
1593963881	1448792797
5425115993	1448792827
5074486650	1448793010
3297426124	1448793035
3971614518	1448793152
1663525327	1448793235
3445678392	1448793253
5671818406	1448793290
5714736484	1448793424
3166735094	1448793464
3738577797	1448793522
2612356092	1448793555
3921195665	1448793581
5545067303	1448793581
5490256597	1448793624
5303328546	1448793694
2613318811	1448793727
1987390937	1448793736
3460453364	1448793832
2099818451	1448793844
2233023117	1448793913
5474795542	1448793946
3485953114	1448794051
2101186003	1448794135
3086612795	1448794140
1437744141	1448794181
5700096906	1448794304
2646854237	1448794328
2254890312	1448794531
5089561408	1448794585
3236771742	1448794636
1758092217	1448794734
2873830013	1448794769
5708289557	1448794878
5036499906	1448794924
1712433390	1448794975
2506916401	1448794998
1747644894	1448795164
2877824482	1448795183
3353925612	1448795196
2311243067	1448795236
5619541359	1448795260
3928367631	1448795285
3641559332	1448795290
2121108530	1448795312
2011210293	1448795357
1889981557	1448795423
2582149303	1448795491
5125518666	1448795548
1132854710	1448795578
5035347489	1448795702
1789658850	1448795763
5402353043	1448795799
3800396906	1448795847
1952059693	1448795880
5124050871	1448795898
5571056352	1448795984
2288357833	1448796112
3267028414	1448796151
3921200583	1448796163
1944107591	1448796302
3104423897	1448796310
1775531584	1448796349
5229914871	1448796370
2430269327	1448796370
5183495792	1448796399
5124365667	1448796681
3471105330	1448796708
1737252281	1448796728
5610440079	1448796788
5393397095	1448796825
5041787174	1448796955
5538940074	1448796977
1725980913	1448796983
5660577674	1448797084
5614721413	1448797239
5587164956	1448797256
5541068771	1448797295
2894178601	1448797400
1777722771	1448797427
2619693323	1448797442
2406399265	1448797534
5387921732	1448797636
5346615550	1448797818
1877106513	1448797829
3171841230	1448797891
1327108300	1448797923
2453467503	1448797933
1419248092	1448798131
1743561742	1448798358
3030110793	1448798385
2933190481	1448798388
5308792848	1448798605
5069312396	1448798785
2979069590	1448798796
1730963657	1448798826
1182535451	1448799325
3677825822	1448799405
5667369899	1448799617
2249921607	1448799698
1879491912	1448799820
2127279633	1448799927
1758548667	1448799954
2279051160	1448799985
1870313880	1448800045
3210197020	1448800260
2165388973	1448800639
5538992926	1448800646
5068276232	1448800778
2116790524	1448800783
3921534603	1448800841
2665401703	1448800861
3298537911	1448801134
3895305811	1448801172
5699679155	1448801322
3833545115	1448801508
2421924422	1448801611
1660127815	1448801667
1498984070	1448801702
3903038438	1448801703
2056572587	1448801807
1933995742	1448801845
2769704501	1448801867
2962911535	1448802037
3911554831	1448802497
2179799051	1448802740
5688382244	1448803302
1792157103	1448803454
1772877374	1448803597
1307305694	1448803663
5684584268	1448803683
1622273502	1448803764
1740788173	1448803791
2132254407	1448803970
1815575861	1448803973
5757195070	1448804536
3764309697	1448804794
3145736293	1448804800
2945904655	1448804954
1978552713	1448805128
2385845210	1448805137
1512236875	1448805277
1801891325	1448805361
5631744685	1448805693
3607262101	1448806318
3292582825	1448806481
2991079677	1448806722
3910421733	1448806725
2560571754	1448806730
3268954255	1448806762
1449635504	1448806795
2243986254	1448806881
1027196327	1448807269
5578412471	1448807413
2026272205	1448807586
3928062774	1448807969
3188303814	1448808025
1540016164	1448808140
1105575535	1448808210
2934361130	1448808223
1649755443	1448808356
2185610021	1448808373
2517378362	1448808436
2793956463	1448808440
5502418567	1448808962
5310680877	1448809245
5746104571	1448809293
1642463495	1448809531
3318778942	1448809952
2532036733	1448809956
2570541597	1448810071
1731991807	1448810125
1773769860	1448810137
1945529611	1448810273
5340496706	1448810554
2532036733	1448810939
2570894330	1448810980
1880908523	1448811032
2211328052	1448811036
2256465470	1448811222
1744112615	1448811297
2256465470	1448811419
2260156427	1448811488
3032430440	1448811677
1246890085	1448811995
2683117393	1448812387
1618669785	1448812495
1948355525	1448813974
5182135912	1448814088
1940339357	1448814548
1736338365	1448815265
2669635763	1448815631
5198207056	1448815816
1882094795	1448816362
2704067392	1448816903
2588981640	1448819828
1713056265	1448823467
1832628027	1448833577
1991413001	1448836005
5117848441	1448838040
1945933093	1448839885
5517206156	1448840563
3043056752	1448841816
2579554151	1448841907
5648433357	1448843121
2785108140	1448843199
3931660973	1448843284
2446955002	1448843371
5622123268	1448843459
2651684010	1448844620
2289526871	1448844929
2416042387	1448845423
5063490324	1448846053
2176494674	1448846555
3230335871	1448847752
3565400747	1448847943
2706469933	1448848266
5153676043	1448848284
3806693006	1448848772
5705825333	1448849293
2212986282	1448849970
3970253952	1448851504
3213749884	1448852340
1710546672	1448853270
1852126671	1448853396
1497151510	1448853458
1759850777	1448853487
1835703662	1448853694
3777049653	1448853708
1658693713	1448853765
1468193797	1448853810
1187151960	1448853900
1463872011	1448853983
2593902247	1448854089
1900708503	1448854206
2000963033	1448854442
5126464227	1448854559
2134139932	1448854814
5647361062	1448855209
2442015614	1448855517
1895820702	1448855645
1108844574	1448855800
2578320645	1448856111
2058184804	1448856665
5541882100	1448856812
3225668823	1448857262
1867501174	1448858710
3060418747	1448859419
2897378471	1448860752
2164324200	1448861931
1861195041	1448861939
3028755797	1448862118
1806435062	1448862277
5694151725	1448862983
2748051952	1448864685
1817478094	1448865599
5724827266	1448865691
2150571502	1448866030
1657156945	1448866107
1168624992	1448866467
1793124001	1448866707
1824141631	1448866765
1927285103	1448866981
5665330944	1448868641
5595263703	1448868821
5597659262	1448868952
1576578295	1448869078
5763379780	1448869767
1672041480	1448869833
3717657510	1448869947
2538446457	1448870055
5507063304	1448870059
1403923872	1448870138
3243102205	1448870403
5585518067	1448870464
2104712325	1448870530
5247269529	1448870629
3212045537	1448870752
5643161453	1448870924
5019959647	1448870963
3229194207	1448871089
5652622906	1448871270
5029233502	1448871451
1829714901	1448871906
5111522747	1448871955
5294913449	1448872072
2162801025	1448873006
5577893561	1448873297
3163798570	1448873896
2681709411	1448874908
2566536895	1448875111
2318159053	1448875964
5312618547	1448876289
2605401370	1448876878
2233023117	1448878132
2095354125	1448882090
2608036021	1448882124
5758493551	1448882169
5538786833	1448883336
5693599922	1448883636
5764980700	1448884691
3937064750	1448885328
1706441734	1448885612
3802454789	1448887694
3784000502	1448887701
1933853043	1448888187
3082471751	1448888612
5107984585	1448889732
5703768032	1448890592
5521689569	1448892033
5732450257	1448893054
2101882723	1448893604
2696144070	1448893776
5608559721	1448894187
3192729310	1448896406
5660577674	1448896945
2480926380	1448898487
1936211172	1448899775
2695671093	1448900124
5677045041	1448902809
2719591945	1448907462
1166807885	1448926382
1870595955	1448929814
2647638843	1448930527
5652933123	1448932349
1429862077	1448935278
5638852297	1448935523
5534692009	1448935764
5517400601	1448936572
2359788483	1448936706
5739793214	1448941624
3200513945	1448941699
3108093641	1448941700
5648858718	1448941975
5027112342	1448942262
3861731156	1448942535
5516363090	1448942681
1294277550	1448942715
1263721652	1448942794
5682228309	1448942897
5590955080	1448943262
3176716915	1448943330
3754237753	1448943399
3418753220	1448943470
1980429074	1448943548
5330075958	1448943817
1969114943	1448943950
1662159815	1448945052
2169228804	1448945298
1959803971	1448945381
1645923832	1448945931
5721161052	1448946361
3244296533	1448947124
3406454122	1448947181
5311965338	1448947776
2230457454	1448947789
5743920116	1448948831
3540177894	1448954143
3225668823	1448954377
5538357522	1448955619
2747610455	1448955677
2820463845	1448955704
3491985231	1448955752
3626457412	1448955768
3565354561	1448955831
2267370521	1448956125
3912323813	1448956232
5637119539	1448956847
1884138257	1448956887
2172574843	1448956888
2194397242	1448957000
5220908142	1448957076
3174042290	1448957910
5651905150	1448959653
3023033520	1448960096
5760755205	1448960904
3923983057	1448961647
1046663953	1448963061
3852222437	1448963325
5242636126	1448963880
5516870815	1448964666
5731247394	1448964772
5663159411	1448965599
5584358598	1448965700
2715060187	1448965801
1504398495	1448968380
5183182594	1448969747
1205305571	1448969882
3754333247	1448969942
1593726943	1448970037
5385222690	1448970420
5639754947	1448970890
5662862350	1448970918
3277245260	1448972553
2129197225	1448972746
5658135841	1448974104
5678603372	1448974870
2414609091	1448976856
5383429045	1448977282
5666671343	1448979882
1695524152	1448980335
2975865810	1448982106
3210386410	1448985893
2614996271	1448987122
5595203388	1448997132
3947894962	1449002983
1870595955	1449016515
1725044517	1449019784
2703442623	1449020786
5657959082	1449022384
2794598994	1449022453
1105028497	1449027229
1410430593	1449027270
2443948804	1449027274
2910400261	1449027285
5237775727	1449027448
5195966137	1449027474
2503593191	1449027655
2048026795	1449027716
3518766062	1449027912
3893188033	1449028014
1852157235	1449028193
5051832766	1449028234
2423780465	1449028407
1016550070	1449028498
5747638690	1449028815
5756576077	1449028959
5330532656	1449028970
5365919255	1449029086
5752542172	1449029293
2821290937	1449029363
2750755975	1449029380
1903361135	1449029396
1868757813	1449029821
3828728327	1449029878
1962253295	1449030023
5738406096	1449030074
5660090960	1449030527
3722429823	1449030686
2119245662	1449030804
2623358677	1449031875
5367547597	1449032106
5381206912	1449032713
1000772267	1449033845
5709562510	1449034364
5365950242	1449035814
3018177152	1449040512
5772100738	1449042003
2377925832	1449042320
2931012717	1449042320
3952092078	1449042498
3758712960	1449042557
5506599488	1449042565
2394274761	1449042656
1252751385	1449042734
3040608935	1449043434
2238042244	1449044568
2723800741	1449044592
2308912700	1449046735
2006204132	1449047082
1810264014	1449047364
5378315804	1449047767
5429443472	1449047873
2077477945	1449048120
5740438527	1449057240
2367284457	1449059739
2695539180	1449102841
5220019862	1449116207
5580287291	1449120495
5651905150	1449460364
5288263197	1449472993
2695539180	1449566969
1447518733	1449585672
2655633177	1449657424
2743748034	1450659040
2428009641	1451034655
