2672331597	1447031317
3483684287	1447031341
3340642850	1447031343
2210195634	1447031344
1769359627	1447031346
1768512754	1447031351
1829955995	1447031352
5625788253	1447031352
1275849053	1447031354
3204851404	1447031359
2986926017	1447031359
1768030711	1447031360
1774045424	1447031365
2134713003	1447031365
1786923813	1447031365
1295888017	1447031367
5335386448	1447031368
1970480631	1447031368
3239751703	1447031369
2829623002	1447031369
2704660361	1447031370
3566209642	1447031371
1765456883	1447031372
1829802994	1447031372
3345605502	1447031373
3860313966	1447031374
2685418051	1447031375
5032804727	1447031377
5414463524	1447031377
2406025604	1447031382
3811467797	1447031386
1884628104	1447031388
2602072171	1447031390
3094482063	1447031390
2250093747	1447031392
5666424547	1447031397
2947093365	1447031398
1838043421	1447031398
2600300657	1447031398
5633460255	1447031400
1753225555	1447031402
2827051842	1447031408
5710589442	1447031408
1804352451	1447031411
1750103547	1447031414
1931805921	1447031418
1762742840	1447031422
3677816183	1447031425
1076943220	1447031432
2434576442	1447031434
5260754664	1447031439
5331580645	1447031441
2292433265	1447031443
3556233671	1447031455
1828643197	1447031456
3210637403	1447031458
1735625211	1447031459
1714448373	1447031459
1719222060	1447031461
2533650967	1447031463
1319612631	1447031480
2757475457	1447031482
5646673687	1447031483
2680858661	1447031487
1744987554	1447031487
2948934030	1447031490
5600898500	1447031490
3621461337	1447031491
2103049771	1447031495
5311278650	1447031497
5058989248	1447031500
1941126613	1447031501
5238752539	1447031505
5673216875	1447031512
2392525737	1447031512
5093570768	1447031512
5505500271	1447031513
5589193958	1447031527
2972311221	1447031528
1806227154	1447031533
2130959747	1447031534
2375158050	1447031535
5111034137	1447031536
1804123540	1447031546
2172842251	1447031547
3268865562	1447031552
5626269566	1447031552
3589145865	1447031555
5700574885	1447031556
5708650854	1447031558
1735386751	1447031559
1640595213	1447031561
3244243314	1447031572
1837589485	1447031573
1767398963	1447031573
2826720970	1447031574
1822615737	1447031595
2710083897	1447031595
3780092133	1447031597
3931989270	1447031607
1273262545	1447031607
2168798041	1447031613
1938283142	1447031613
5632181274	1447031618
2606964751	1447031621
1848977527	1447031630
3183468027	1447031636
5328305085	1447031637
2574565032	1447031641
1769640894	1447031651
5214291745	1447031652
2175084063	1447031659
1714617747	1447031664
1615464110	1447031669
5691353363	1447031674
2163899641	1447031676
3120952627	1447031677
2281998077	1447031680
5173377793	1447031690
1910771514	1447031695
2681046573	1447031695
1950429750	1447031702
3273907653	1447031709
1659937715	1447031711
2860661582	1447031715
2773963955	1447031722
2862320544	1447031725
3788327495	1447031726
5687225908	1447031731
1686073080	1447031731
5702477501	1447031732
1795129485	1447031736
1861627705	1447031738
2066379150	1447031738
2977935400	1447031745
3501467394	1447031758
2008915451	1447031766
2010665425	1447031784
2794283412	1447031797
1891524444	1447031800
1609738865	1447031812
5639537696	1447031813
5239830167	1447031823
3246225770	1447031824
2745791375	1447031825
1746953382	1447031838
3982391621	1447031842
3228473830	1447031844
5173377793	1447031844
2280415604	1447031848
2562389801	1447031850
3679479231	1447031851
2549977653	1447031856
1097454952	1447031863
5139992577	1447031864
1769339597	1447031877
2198718714	1447031886
2605847625	1447031893
1172739692	1447031908
2262600753	1447031912
1361367834	1447031919
1758337275	1447031919
5032079880	1447031920
1867893055	1447031926
2021955611	1447031931
2706616933	1447031932
5617727065	1447031943
2834858597	1447031950
3698944730	1447031956
3087624987	1447031980
3227585647	1447031985
1000668292	1447031990
1571672354	1447031996
1737162532	1447032002
1786282201	1447032010
3237045274	1447032010
5684982004	1447032013
5144116547	1447032015
2198617445	1447032040
5383128357	1447032050
1908928500	1447032050
5127073301	1447032052
2871960540	1447032053
3375109142	1447032057
3496568654	1447032063
3941674871	1447032070
2855380062	1447032071
3924547984	1447032097
2071703885	1447032107
2038122613	1447032116
1803717611	1447032124
2338205433	1447032136
2865188340	1447032147
2602069047	1447032154
2730348754	1447032167
1269782040	1447032185
5680529191	1447032186
5539809135	1447032188
5414534896	1447032191
5641299485	1447032193
1922617975	1447032202
1740396121	1447032212
5697568890	1447032215
1772064350	1447032224
2606927345	1447032228
5587735078	1447032230
2912010755	1447032233
5618741464	1447032235
5678866570	1447032241
5184359551	1447032243
1680197894	1447032249
2607424451	1447032251
5715368810	1447032259
2183585051	1447032275
1800273422	1447032285
3951205556	1447032292
1725782290	1447032295
1260027420	1447032305
5407186132	1447032312
3279095677	1447032328
3625461841	1447032330
3518311613	1447032335
5642658541	1447032353
3278281194	1447032362
2993125000	1447032364
2158236923	1447032368
2614670293	1447032384
1781611240	1447032393
3089653985	1447032417
1010947794	1447032425
1768860570	1447032430
1849771884	1447032438
2279709974	1447032439
1738545937	1447032470
3180750922	1447032473
3858302377	1447032474
1876872995	1447032494
1762985684	1447032497
5564227510	1447032520
5237872485	1447032529
3671517011	1447032530
2162520351	1447032540
3877391648	1447032562
5295995929	1447032566
5725822831	1447032572
1751281415	1447032575
1974284425	1447032580
1781482037	1447032580
1971218691	1447032581
1658790467	1447032586
2679618803	1447032589
1797343145	1447032590
3731241581	1447032597
2021508673	1447032622
3554685120	1447032627
5504850542	1447032628
2584383257	1447032643
1811058100	1447032648
3022543847	1447032660
1747930902	1447032696
5674472201	1447032708
1849514731	1447032711
1251635332	1447032715
2720986995	1447032715
3415258032	1447032731
1742882764	1447032801
2169357104	1447032806
3309408503	1447032814
2280501281	1447032816
2889603183	1447032817
5678994528	1447032818
2859258462	1447032845
3241399100	1447032903
3564334147	1447032909
2684215680	1447032917
3685470982	1447032926
5680337965	1447032928
2879216954	1447032928
1967116140	1447032933
1831855321	1447032933
2160882764	1447032966
1776067520	1447032969
1008848980	1447032974
5649205909	1447032987
1832412693	1447033008
2034452127	1447033016
1629691087	1447033036
5047382334	1447033041
5710981170	1447033041
1729907753	1447033053
2708194130	1447033062
1767711843	1447033079
3147797927	1447033089
1948399891	1447033092
1955964871	1447033105
5454132069	1447033112
3226087677	1447033135
5619006644	1447033136
5746790034	1447033160
1709031753	1447033164
5260762757	1447033168
5171012722	1447033188
5000715662	1447033200
3385839392	1447033207
3166063702	1447033226
3482975635	1447033252
3755264385	1447033274
2271550424	1447033276
1850285747	1447033283
1551718087	1447033286
3729943491	1447033287
2373981722	1447033301
2173873464	1447033308
2212922960	1447033336
2527477240	1447033346
5082267343	1447033347
1777043755	1447033347
2952729937	1447033358
5504499903	1447033361
3248720051	1447033365
1733692955	1447033367
3502043417	1447033381
1074558091	1447033401
2421419265	1447033407
5695858474	1447033416
2271210447	1447033472
5508305501	1447033472
1341903313	1447033488
5274863032	1447033528
3190677094	1447033550
5613821094	1447033558
5297157597	1447033564
3176684974	1447033581
3095349383	1447033587
1849514731	1447033607
2877440382	1447033614
3130934641	1447033619
1831901813	1447033628
5751717246	1447033646
5124474572	1447033681
3963151528	1447033691
5629037070	1447033692
5603316972	1447033734
1599139123	1447033761
5642279602	1447033765
1944884427	1447033768
1871026440	1447033771
2914927805	1447033773
3670716647	1447033811
2059008124	1447033814
5245952163	1447033841
3261130284	1447033852
2809343822	1447033857
2704551512	1447033877
2771841772	1447033883
1650963917	1447033884
3263353142	1447033891
1945096443	1447033893
5659133324	1447033939
1733682197	1447033943
3187550324	1447033977
2088891183	1447033993
3695911745	1447033998
5441582611	1447033998
2048743885	1447034036
5518101023	1447034044
1918384977	1447034046
1772320033	1447034071
1092514894	1447034078
5170280310	1447034102
2748408732	1447034105
5746163783	1447034111
1597595290	1447034134
5674152804	1447034143
2269272797	1447034150
5699918037	1447034178
1281312621	1447034182
1953660962	1447034191
2607372445	1447034203
1769264260	1447034204
5487507085	1447034219
2809125853	1447034228
3978965560	1447034240
5231391346	1447034248
3636271743	1447034249
1978938157	1447034260
5625034526	1447034263
2122187392	1447034271
1133981003	1447034280
5638958110	1447034280
2207726493	1447034292
2345337673	1447034293
1767140561	1447034312
2046879297	1447034313
1809616194	1447034317
5709975483	1447034318
2522547931	1447034330
1788870485	1447034350
3306675021	1447034404
5396642216	1447034404
1854485200	1447034420
2122278290	1447034433
2748408732	1447034494
3209915274	1447034524
2237885607	1447034526
2073062915	1447034549
1008239394	1447034549
5699918037	1447034554
3135479001	1447034588
1787123344	1447034747
1821668874	1447034756
1791846651	1447034760
3557781097	1447034762
1837340803	1447034777
1516662702	1447034810
3945552257	1447034828
1362343344	1447034839
5666325472	1447034871
5344703360	1447034906
5747863102	1447034906
5649382077	1447034935
5698257823	1447034953
5650034119	1447034967
3208879063	1447034991
3599274584	1447035000
2290608737	1447035000
3249737310	1447035067
2730095510	1447035071
5599836253	1447035141
5687538603	1447035158
5201406032	1447035189
2680510281	1447035193
2014447551	1447035196
1853723255	1447035204
1569825951	1447035206
2696695571	1447035207
1937708435	1447035255
2886648242	1447035261
5648286589	1447035275
3782729282	1447035291
1747950842	1447035297
5592452585	1447035299
2802946140	1447035307
1891419154	1447035313
3718833845	1447035324
2802946140	1447035371
5653955499	1447035374
2704541833	1447035374
3676359125	1447035380
3183170842	1447035412
2245966527	1447035416
2185711091	1447035438
5656821740	1447035479
2730188782	1447035488
5653154391	1447035499
1788677624	1447035504
1825792555	1447035511
1907188663	1447035560
2818007460	1447035574
2192610564	1447035577
2929513927	1447035587
2879007814	1447035589
2085573231	1447035644
2613824471	1447035646
2262486347	1447035662
2212806501	1447035665
2975625653	1447035707
5699868004	1447035729
2791196875	1447035845
5691346323	1447035858
2100322557	1447035898
1743843654	1447035903
3688991853	1447035921
1799926577	1447035932
5048204471	1447035946
1773733752	1447035965
2679287564	1447036062
1907027567	1447036062
2074564233	1447036065
5622331687	1447036081
1689704454	1447036096
5667032678	1447036100
1662221597	1447036117
5121651392	1447036152
3845793262	1447036162
5226081792	1447036174
5016120248	1447036195
1817349681	1447036204
2852833912	1447036253
5051091982	1447036275
3495668062	1447036284
2912380121	1447036314
3211850535	1447036343
1171551313	1447036348
1784621497	1447036421
2880894572	1447036433
1886720271	1447036439
1931053845	1447036464
2679277193	1447036538
1168495322	1447036547
5446828647	1447036611
1074042175	1447036637
2677656195	1447036643
1781093433	1447036662
5333867360	1447036706
5445744866	1447036753
2174731325	1447036809
1794080181	1447036815
5213219470	1447036900
2765186347	1447036906
1768174954	1447036918
1767098095	1447036921
5576405633	1447036926
3793441680	1447036939
1821819592	1447036943
3402497380	1447036948
2696498694	1447036956
2213094087	1447036959
1954563310	1447036966
3332310390	1447036993
5223338611	1447037039
1781094405	1447037045
1354898521	1447037083
3143632437	1447037120
5028843909	1447037156
2142104020	1447037171
1168495322	1447037176
3477361834	1447037207
1929273201	1447037224
2652694913	1447037252
5692147165	1447037271
2256429482	1447037280
1781055655	1447037280
1976341045	1447037285
3274464733	1447037297
5711118734	1447037304
2859011602	1447037346
3625412782	1447037360
1945844961	1447037364
2691918393	1447037400
1815430757	1447037402
1725324527	1447037404
5283959238	1447037419
1765351285	1447037434
3059382931	1447037510
2745619642	1447037530
3791333913	1447037536
2607106277	1447037552
1722439772	1447037600
1778949775	1447037610
5486379366	1447037647
5012804238	1447037665
2064109743	1447037824
2099646631	1447037845
1768973830	1447037897
1823812661	1447037952
2607923381	1447038018
2951234057	1447038031
2731922561	1447038035
2249537460	1447038060
2897576233	1447038077
5497236897	1447038121
1839084192	1447038179
1764282560	1447038192
3524134865	1447038220
2970819430	1447038231
3209784180	1447038281
1424559277	1447038296
5263327034	1447038307
5666917075	1447038355
1873870593	1447038383
1763734521	1447038386
1851035284	1447038413
2408858815	1447038421
2128797820	1447038424
1745845601	1447038427
2475315291	1447038457
1901973742	1447038535
3117343065	1447038549
5664053013	1447038623
2465837145	1447038631
1836774871	1447038657
5667631658	1447038686
5587153987	1447038801
5687900605	1447038805
1298962161	1447038906
5096361700	1447039006
2714978981	1447039006
3931368137	1447039047
2453295722	1447039126
2585072351	1447039230
1784597772	1447039352
5225928707	1447039380
2495275860	1447039396
5631916303	1447039539
1856519144	1447039746
2331568443	1447039818
2584512193	1447039820
2208521577	1447039824
2711658135	1447039904
3152502204	1447039968
5497009147	1447040228
2134243154	1447040257
2131232237	1447040267
5699332204	1447040341
1777614061	1447040347
5220076849	1447040358
5266906390	1447040369
2613357827	1447040375
2420620967	1447040393
3891738468	1447040457
5388366406	1447040511
3879949703	1447040522
3616487694	1447040617
3934541137	1447040627
2966949715	1447040700
2291516560	1447040748
1768324874	1447040799
1723481427	1447040848
5480513672	1447041042
5330711477	1447041114
2398312895	1447041118
1965060403	1447041175
2737514923	1447041213
2824040915	1447041240
5353105004	1447041436
5606984972	1447041450
3401088372	1447041454
5655310519	1447041544
1070893855	1447041580
2843319171	1447041654
2685433710	1447041713
2690728643	1447041713
1684787834	1447041717
2690728643	1447041767
1784737577	1447041813
3619800147	1447041818
5086731331	1447041856
2955882962	1447041969
5520095358	1447041983
3193433517	1447041999
2640522824	1447042066
2782684181	1447042086
2500842787	1447042160
5242001607	1447042162
3967500437	1447042165
2765080047	1447042258
1810614661	1447042262
1972764097	1447042353
5185835327	1447042367
1760190575	1447042554
5249297102	1447042566
2166135457	1447042605
1929023982	1447042680
3927370995	1447042689
3867885396	1447042720
1962853224	1447042731
1157141273	1447042755
2680288583	1447042798
2680288583	1447042816
3222526824	1447042840
5564828006	1447042927
1670531571	1447042984
2424564167	1447042999
5315583981	1447043003
2648425997	1447043030
1912988740	1447043045
1287011347	1447043056
2460731332	1447043080
5327241801	1447043081
3661162000	1447043165
1774296212	1447043212
2966742392	1447043217
1748435190	1447043228
3569694414	1447043258
5610386327	1447043298
3146455184	1447043331
3967743059	1447043398
1671647381	1447043433
3404747592	1447043496
1960069935	1447043503
3910797716	1447043515
1814546300	1447043545
5180180308	1447043634
5334340086	1447043707
5706084496	1447043720
5292610703	1447043761
5199685614	1447043766
2457379511	1447043796
2707119215	1447043834
2697833583	1447043877
5519714130	1447043972
3877829648	1447044005
1803048371	1447044088
2641140065	1447044160
5035629612	1447044217
3645241940	1447044362
3756091633	1447044443
2006290625	1447044458
5092309691	1447044494
2704293534	1447044515
2742295580	1447044559
5030721334	1447044568
1604770014	1447044574
5540964687	1447044578
2982963873	1447044621
2168060645	1447044731
5203713555	1447044845
1856334773	1447045024
2366586137	1447045059
3061070935	1447045163
1913279284	1447045280
5598682012	1447045308
2029839595	1447045313
5166090855	1447045371
1350504747	1447045389
2141022343	1447045398
1952798865	1447045508
3955104760	1447045541
1757303345	1447045590
5460473944	1447045604
3913817212	1447045606
3451839502	1447045618
5634275285	1447045728
5263808310	1447045747
1647932411	1447045775
5607980130	1447045795
2628343767	1447045959
3227114963	1447045984
5048750461	1447046073
3564769263	1447046202
5633925911	1447046215
3564769263	1447046257
1848898082	1447046353
2548876780	1447046355
5233641943	1447046375
2598561344	1447046376
2200531335	1447046468
3169836333	1447046643
2543121411	1447046681
2606571477	1447046756
5518118170	1447047001
2654870703	1447047005
3227484801	1447047220
1756645205	1447047282
2397882391	1447047396
2639879303	1447047440
3933562345	1447047615
3967132911	1447047630
3888741796	1447047727
2128797820	1447047764
2367509860	1447047772
2016360373	1447047811
2948733532	1447047825
2675724850	1447047889
1770788875	1447047906
3808549104	1447047955
1774627415	1447048015
1785721031	1447048041
5604999660	1447048060
2997533551	1447048079
5492166036	1447048124
3145746880	1447048386
3094804461	1447048388
5355101697	1447048507
5338801960	1447048543
2500216174	1447048712
1925477617	1447049054
2293347102	1447049116
3198923093	1447049145
5270501786	1447049182
5144517699	1447049606
1776744525	1447049895
5644965683	1447050211
1861535097	1447050286
1973917967	1447050351
5487130121	1447050850
5686885733	1447050870
5499210537	1447051044
3465664162	1447051136
3191702605	1447051274
1871813530	1447051430
3163818164	1447051648
5666621464	1447051679
2853496474	1447051717
2102658894	1447051816
5752338271	1447051842
2526769770	1447051878
1974950977	1447052660
1766775404	1447052809
1958934767	1447052878
2251845565	1447052905
5022717648	1447052966
1926152815	1447053058
2125853487	1447053110
1817544127	1447053124
1782863450	1447053451
2132658827	1447053467
3763700892	1447053539
1791407065	1447053626
5244325441	1447053829
1888542252	1447053881
1970359921	1447054148
5385930122	1447054264
5359980907	1447054563
1787155735	1447054686
2502947147	1447055134
3294965201	1447055135
5260608951	1447055393
2674921674	1447055520
3464683554	1447055573
1776098365	1447055765
2701533833	1447055934
3051363201	1447056494
1765125821	1447056607
2614881961	1447056657
2924685067	1447056758
1881974792	1447056807
5669527423	1447056837
5452157633	1447057196
2024431754	1447057304
5494531868	1447057506
2597559442	1447057565
3230338550	1447057795
1765959805	1447057807
2117082542	1447057946
2937653885	1447058357
1964912241	1447058369
5327248557	1447058481
3145800197	1447058988
1986948735	1447059199
2164886754	1447059412
1507262033	1447059413
1830989441	1447059489
2973139781	1447059515
2336638127	1447059730
1918739523	1447059739
3530197150	1447059830
2945302230	1447059890
2335753961	1447059930
3244588462	1447060003
1774885803	1447060221
2954647105	1447060288
5165630993	1447060822
5710793910	1447060983
3316729071	1447061031
2171684163	1447061197
2386982810	1447061250
3621192042	1447061297
1696890574	1447061608
3225182465	1447062334
1886453687	1447062338
3199795771	1447062372
2913176087	1447062563
3152256782	1447062647
1040957764	1447062809
1856964724	1447063008
1957384334	1447063117
3225182465	1447063221
1959032553	1447063581
2836365275	1447063709
5434483834	1447063911
5149974534	1447064097
1751281415	1447064193
2266410827	1447064289
5025591490	1447064488
5221085510	1447064546
2090168601	1447064742
2679742681	1447064764
3462987612	1447064782
3462987612	1447064839
2809080805	1447064868
2451256122	1447064916
3074005510	1447064947
1784302660	1447065017
2031685331	1447065060
2143569210	1447065103
5023245730	1447065137
1822474391	1447065491
3156159500	1447065521
5352646442	1447065536
2834146472	1447065617
5239830167	1447065626
1816346722	1447065630
2457379511	1447065705
1768614474	1447065730
1937887060	1447065928
3175247620	1447066011
3965500883	1447066079
1771522221	1447066346
3180740335	1447066597
5266352840	1447067321
3190091974	1447067469
1950972933	1447067641
1739884143	1447067936
2886491264	1447068407
5616137634	1447068668
3871105317	1447068916
1813461985	1447069056
5091275340	1447069181
2251912802	1447069342
3967743059	1447069484
1801892792	1447069668
3830346778	1447069865
5383277509	1447069989
5316136944	1447070245
1804310891	1447070577
2814039464	1447070869
5174108502	1447071185
2982963873	1447071241
1774365925	1447071266
5174533082	1447071351
5610136811	1447071683
5610136811	1447071711
2412769215	1447071798
2884202402	1447071849
5685525391	1447072032
5100187097	1447072390
5235525581	1447072672
2905984085	1447072703
1942868907	1447072738
1765239381	1447072815
5144872860	1447073053
3554834915	1447073192
5504850760	1447073225
3199257914	1447073318
1884756752	1447073334
5671856939	1447073363
5578130104	1447073450
5146166834	1447073576
3729274870	1447073626
3258097032	1447073766
2019098473	1447073999
1962709293	1447074186
2126269500	1447074325
5558418658	1447074467
5642914528	1447074589
2584542834	1447074657
1924691190	1447074798
1410450133	1447074865
5584755890	1447075135
3977817577	1447075263
5700387092	1447075353
5629518396	1447075499
3293410781	1447075757
3951059484	1447075933
5360910703	1447076145
2606914767	1447076406
5743082948	1447076429
3975111993	1447076578
5646425038	1447076678
5663443043	1447077003
1815198404	1447077071
1785289497	1447077110
5638731080	1447077181
1723305957	1447077333
3659515910	1447077433
2291924681	1447077579
1888247911	1447077641
5226087093	1447077677
5619336363	1447077719
3820596653	1447077736
3023037447	1447077791
1843036753	1447078147
2291924681	1447078372
3588149414	1447078836
5693109717	1447078856
2913176087	1447079023
3882895481	1447079091
1651947172	1447079101
1749248613	1447079258
1891845444	1447079258
3907677685	1447079264
3286206767	1447079356
3286206767	1447079460
3286206767	1447079504
5173527805	1447079516
2673891017	1447079579
1739399630	1447079875
1739399630	1447079877
2868511240	1447080160
2075144171	1447080193
5729307581	1447080457
3919214058	1447080466
2515097733	1447080596
2953510053	1447080624
2180613037	1447080677
5653118432	1447080688
5103665947	1447080776
5507020085	1447080786
2140148230	1447080899
3035915421	1447081440
2679224147	1447081486
5660801761	1447081518
1375745273	1447082076
2143877945	1447082584
2877015180	1447082615
3130575811	1447082620
3241194092	1447082740
3241194092	1447082748
3338796620	1447083302
2269248584	1447083554
5029475624	1447083751
1963753334	1447083788
2641677157	1447083881
1768473552	1447083884
1695713260	1447083889
5668374779	1447083933
2609226354	1447083938
2295843190	1447084028
2297719604	1447084100
5309376221	1447084109
2646532423	1447084199
2807789874	1447084217
1823581302	1447084269
2612363615	1447084430
5060686855	1447084855
2354912105	1447085130
1695713260	1447085860
2154734001	1447086056
2737523475	1447086326
2719064651	1447086372
2522663197	1447086471
1782995610	1447086495
2125853487	1447086764
5677781704	1447087651
1821953877	1447087693
3225872151	1447088250
3470070432	1447088262
3108367145	1447089005
1630610161	1447091253
1752742302	1447091729
1937828510	1447092360
5640626316	1447092910
2415943954	1447093101
3217349867	1447094468
3153419050	1447099982
3470070432	1447102870
5679140562	1447107228
2683359933	1447107314
5353037413	1447108878
3279517765	1447110130
1775299517	1447110265
1889483427	1447110402
3926955896	1447111121
5522531951	1447112366
1979707427	1447113584
2280501281	1447113668
2328292677	1447114628
2130959747	1447115782
3191493595	1447116077
5029488716	1447116484
5117513534	1447116810
2975302124	1447116991
5099478294	1447117387
2701127470	1447117523
2089558723	1447117853
5366790628	1447117993
1687366892	1447118074
3061951517	1447118623
3204999134	1447120158
2950235675	1447122378
3225182465	1447123614
3820601371	1447127878
1768228900	1447130254
2024431754	1447131213
1769042253	1447131408
3529746487	1447131939
1736903207	1447132145
1781762390	1447132398
3266515872	1447132740
2659781513	1447132900
5512740256	1447133024
2705936863	1447133522
2698542824	1447133535
2827961231	1447133548
1825879031	1447133970
1769229313	1447135701
3241738152	1447136069
2159233502	1447136218
1917378142	1447136914
5667961854	1447137179
3596936451	1447142187
2058798265	1447146197
2644083517	1447149549
1804296190	1447149606
1767193763	1447150715
1771895391	1447151233
3833658247	1447156168
1774763620	1447156932
1774763620	1447157014
2410952771	1447158208
5590157192	1447159604
5754575504	1447160755
3539210314	1447161938
1647932411	1447162636
2680654303	1447163854
2236060393	1447164299
5376699386	1447168169
2038008402	1447171572
2870569740	1447172266
5514071117	1447177089
3721982270	1447202114
1768212177	1447205085
3293739250	1447206243
1375791892	1447207071
3819249703	1447207673
2676597520	1447212415
2643491613	1447212865
1807291704	1447212904
5663566156	1447215054
3225344830	1447215883
3955172373	1447218848
1776744525	1447225555
2280308025	1447230146
1253440621	1447234482
2385269577	1447238694
2217106417	1447243004
5643379416	1447247300
2096149652	1447248001
5365467382	1447249689
2173521333	1447250062
5611677332	1447251527
3772022275	1447255672
5540450361	1447256348
1112350085	1447263475
5364994873	1447306929
5082985414	1447310640
5038195756	1447322354
3217166507	1447331296
3616405461	1447335122
1826399583	1447336808
1785966452	1447342547
1825465937	1447344344
2624917173	1447354522
3563554502	1447384612
3483779451	1447396038
5641422888	1447396195
2462960563	1447401705
3486549337	1447411666
2806456272	1447414188
1670892120	1447417731
3860577907	1447418965
5334281290	1447419994
3221049411	1447423329
3087359507	1447434493
5358976465	1447455757
2568376177	1447471068
1872927593	1447472191
5590552770	1447479604
1751836157	1447483242
3157981040	1447484098
3697263790	1447497264
5395516082	1447504631
2676407720	1447512474
2658804105	1447513737
3847898783	1447514809
2253132650	1447517854
5758913001	1447519301
2306596141	1447549825
2557499015	1447566882
5702416950	1447634748
3168053310	1447727657
1967272841	1447749917
2658394733	1447823309
3486549337	1447928114
5737512971	1447984643
5188296575	1448033422
5032407413	1448084420
5194472398	1448098841
3486549337	1448134209
3486549337	1448134568
5664391970	1448353366
5774370958	1448700904
3486549337	1448734308
2045646277	1448804759
5221028312	1449557869
5802763718	1450728121
5103665947	1450797095
