1676910563	1448078342
5657328622	1448078357
5166100533	1448078376
3258148304	1448078380
3282157355	1448078380
5639397202	1448078527
5593896202	1448078530
2095818353	1448078546
3579546835	1448078555
5108573220	1448078561
2968374287	1448078565
3170613354	1448078570
5618008160	1448078573
5538058854	1448078585
5234907634	1448078596
2340771362	1448078597
5594006691	1448078599
5646479679	1448078620
2986512651	1448078643
5750469063	1448078647
5085028654	1448078656
5722635163	1448078667
5707739911	1448078690
5626735459	1448078692
3982097683	1448078701
5609725402	1448078704
1422515991	1448078721
5088316470	1448078721
5488564773	1448078726
5206881466	1448078732
5538464002	1448078733
5279953388	1448078761
5712770892	1448078803
3236806035	1448078838
5507887671	1448078865
5312606338	1448078867
5296876948	1448078889
5558326891	1448078917
5434058817	1448078918
5190470645	1448078930
5207726440	1448078973
5130280247	1448078978
5702124185	1448078985
5519790122	1448078999
5693552501	1448079027
5714620993	1448079044
5351277787	1448079048
3343701414	1448079063
5347631067	1448079071
5253044181	1448079077
5555973947	1448079080
5016359032	1448079095
5235403818	1448079104
5717968282	1448079121
5744140293	1448079128
5454781833	1448079134
5656529955	1448079150
3025784594	1448079178
5602913804	1448079206
5285016907	1448079214
5339808740	1448079216
5330083278	1448079240
5061169651	1448079254
5545652982	1448079254
5565996951	1448079324
5457149086	1448079340
5179691712	1448079343
2201048633	1448079358
5180501018	1448079362
5518430174	1448079370
5177563767	1448079373
5637425331	1448079419
2994361237	1448079434
5746795542	1448079437
5016148518	1448079441
3977510280	1448079446
2680993615	1448079455
3913901558	1448079458
5662225719	1448079470
5685587214	1448079478
5251997978	1448079522
5398182453	1448079526
3941862507	1448079528
5400140911	1448079532
5500603947	1448079535
3467661490	1448079537
5033088484	1448079562
3643183660	1448079565
5563709247	1448079571
5131602188	1448079621
5137822314	1448079653
5728868933	1448079663
5137247209	1448079680
3167577477	1448079698
5394384916	1448079703
5352595662	1448079706
5662210131	1448079753
5354443547	1448079770
5020886881	1448079783
5316591451	1448079818
3830166035	1448079900
5558434438	1448079929
5729243926	1448079941
2182216854	1448079965
5511336981	1448079983
2048720811	1448080016
5603381465	1448080068
5141077876	1448080089
2615846597	1448080092
5274775081	1448080093
3972821915	1448080098
2800295175	1448080141
3562408211	1448080198
5719740173	1448080226
5714336656	1448080239
5326689120	1448080321
5364176944	1448080367
3973565550	1448080425
5178142340	1448080432
5245165746	1448080464
5281792926	1448080469
5355621681	1448080500
5490361449	1448080557
2378079733	1448080564
5209280079	1448080601
5460376476	1448080621
5604289421	1448080654
5623491986	1448080667
5703651926	1448080711
2026780647	1448080714
5632057495	1448080719
5685024438	1448080720
5590742726	1448080725
5584477809	1448080756
5417340983	1448080828
3749480705	1448080841
5018789479	1448080852
5323451963	1448080864
5738468706	1448080872
5607303331	1448080875
5684364564	1448080888
5193003540	1448080984
5685463228	1448081016
5648029975	1448081035
3948640162	1448081040
5162464402	1448081134
5717818482	1448081145
1839733855	1448081148
3983871153	1448081253
5657217844	1448081262
5231444150	1448081295
3764755542	1448081328
3949581037	1448081418
5103554302	1448081422
5488495095	1448081459
5615736369	1448081478
5712924821	1448081490
5335684225	1448081525
5141266319	1448081537
5178429669	1448081613
5627425933	1448081620
1905217325	1448081691
2576354814	1448081725
5342575873	1448081803
5685173905	1448081896
2985042021	1448081923
3929636833	1448081928
5405814728	1448081973
5613780449	1448081973
5342582196	1448082046
5095515780	1448082055
2759861531	1448082064
5749983760	1448082099
3521740530	1448082156
2970158603	1448082159
5405814728	1448082190
5623284029	1448082194
3065172931	1448082194
5370929807	1448082240
5463039776	1448082304
5324436577	1448082349
2931195883	1448082404
5620616608	1448082468
5631572295	1448082497
5646883676	1448082538
3271086583	1448082648
5515320427	1448082663
5697648970	1448082704
3291531293	1448082758
3972716287	1448082799
5090229859	1448082983
5715209985	1448083081
5249221099	1448083161
5064878475	1448083200
5545918537	1448083249
5544713200	1448083285
1733043504	1448083330
5601987897	1448083476
5425961961	1448083539
2093072805	1448083609
3710847777	1448083629
5153162810	1448083664
5174927912	1448083692
5718122634	1448083747
5525001998	1448083832
5602161776	1448083927
2363902367	1448083993
5591535373	1448084045
5669268174	1448084088
1790220624	1448084196
1586857334	1448084376
5536957613	1448084388
5090504351	1448084528
3970935666	1448084529
5625637892	1448084557
5151001253	1448084562
2808282465	1448084576
5683992626	1448084655
3987954014	1448084667
5250064667	1448084701
5162033466	1448084791
5399199464	1448084813
5217951967	1448085016
5651308414	1448085049
5546834879	1448085108
2996325803	1448085204
2618314455	1448085304
1691072222	1448085320
5406672816	1448085386
5295229485	1448085481
5631194462	1448085514
5052508614	1448085632
5444274824	1448085638
3668932553	1448085723
5624974719	1448085788
5418905205	1448085905
5292024668	1448086032
3855714270	1448086129
5234331024	1448086263
3808719342	1448086414
5747572708	1448086423
5657514205	1448086545
5244337574	1448086644
5677143661	1448086705
5091568801	1448086717
5626908900	1448086723
5260553913	1448086789
2785167724	1448087120
5641577992	1448087154
5262267161	1448087548
5738458510	1448087778
5086653064	1448087806
5649373767	1448087952
5076335792	1448087954
5217351005	1448088013
5647302138	1448088071
5752796392	1448088369
5602094131	1448088541
5149611643	1448088681
5565251393	1448088871
5254878803	1448088880
1070533691	1448088987
5764610093	1448089003
5594157932	1448089453
5619657857	1448089578
5592636614	1448089690
5076282741	1448089734
5500803272	1448089842
5020061278	1448090105
5364540317	1448090258
1869821187	1448090436
2795520461	1448090936
5499866867	1448091262
5679076863	1448091550
5456323949	1448091795
5117632679	1448092094
5042461083	1448092498
3131435501	1448092504
2483869835	1448092636
3884827124	1448093169
5268986690	1448093998
5107836370	1448094203
5599990962	1448094523
5671128031	1448094885
5417003178	1448095301
5109531135	1448095449
5543515821	1448095653
5429712132	1448096047
5481457009	1448096294
3916847427	1448097046
2647159150	1448097089
1871977011	1448097260
5319650599	1448099306
5723448472	1448100048
5518085208	1448100286
5461713515	1448101001
3171215015	1448101657
3754270913	1448102977
5563711114	1448102993
5031373474	1448103265
5604857097	1448105582
5682127767	1448105874
2734159177	1448106192
5574948075	1448107096
5611440419	1448110432
5582596831	1448110441
5629228632	1448110627
5385780855	1448110674
5641748061	1448112030
2936912815	1448112673
5416796727	1448113568
5654577683	1448115551
5326966342	1448117519
3627689631	1448120580
2158783217	1448125587
1822150274	1448140921
3505446974	1448149832
5562694416	1448164375
5367973178	1448165984
2949617885	1448166084
5674942208	1448168168
5553119234	1448173039
5759973208	1448184374
3319598151	1448186038
5711204195	1448186496
5694236553	1448207820
5693552501	1448253198
5750695143	1448269618
5733049968	1448273255
1990345895	1448497905
5670069808	1448725153
5629979987	1449397403
5800670793	1452640897
