2656274875	1447652850
5718417617	1447652859
2161065053	1447652864
2552398315	1447652866
2437432481	1447652872
1390289871	1447652873
1658942091	1447652874
1257136274	1447652885
2605303824	1447652892
3292670361	1447652893
2723196761	1447652897
3035911661	1447652897
5748488141	1447652903
1934523977	1447652905
5077163252	1447652909
1645667990	1447652911
1893117302	1447652919
5309670693	1447652919
5662554853	1447652920
1268783341	1447652925
5760565430	1447652926
5760066755	1447652927
5452042505	1447652927
3212794914	1447652928
2308415523	1447652936
3118077913	1447652950
5750894841	1447652951
5022453303	1447652951
2447192403	1447652951
3447123230	1447652953
1628269674	1447652954
2490510967	1447652959
5046384915	1447652963
2508841882	1447652971
5614593824	1447652973
5606530222	1447652976
1557669860	1447652980
1284315933	1447652981
1787362091	1447652991
1848809100	1447652992
5541589249	1447652998
5237592627	1447652998
1879745660	1447653000
2238042244	1447653004
5361831200	1447653012
5750894841	1447653012
1931481884	1447653013
5029963055	1447653016
2625817141	1447653018
5677478217	1447653029
2841935203	1447653036
5334782414	1447653048
3125313723	1447653048
5356180801	1447653052
2775453592	1447653058
3321006384	1447653061
2144502085	1447653064
3263951902	1447653067
1098513577	1447653070
5698107065	1447653070
3850212270	1447653071
5414983808	1447653073
3824455230	1447653075
1761218704	1447653079
5562022180	1447653082
1114586402	1447653086
2152031263	1447653090
3054365785	1447653091
5474233909	1447653103
2269356101	1447653103
5682203164	1447653104
5458566125	1447653107
5689294173	1447653108
5015971250	1447653113
3019488231	1447653117
5690983224	1447653126
5734627411	1447653130
5488419067	1447653133
2850042037	1447653133
2286020231	1447653134
5223998854	1447653134
3963193000	1447653134
5205042163	1447653137
5211066176	1447653140
3203761332	1447653145
2049269982	1447653147
5254154258	1447653147
1854852380	1447653156
5631903429	1447653160
1706563365	1447653160
5153517990	1447653169
3317324905	1447653174
3627109703	1447653179
5069198108	1447653184
5112935408	1447653189
5516373228	1447653198
5243319936	1447653215
1445282111	1447653216
2170579945	1447653216
2009668191	1447653223
3163788117	1447653229
1169861627	1447653233
5715504324	1447653243
5664839005	1447653243
2611492033	1447653252
5044590607	1447653261
5310943093	1447653262
1563159005	1447653267
1997500471	1447653269
5037022594	1447653278
5708559049	1447653282
5358829826	1447653285
1774221470	1447653294
1424977325	1447653295
5334732309	1447653297
5242320227	1447653298
5704952284	1447653298
3759993252	1447653302
1788317141	1447653305
3764003861	1447653306
3031227822	1447653312
5731348473	1447653317
3568196467	1447653321
1863513705	1447653323
2723816874	1447653340
3171403951	1447653340
5219880951	1447653354
5077063447	1447653357
2660668055	1447653357
2817035170	1447653368
2541766801	1447653369
5655350325	1447653371
5744832781	1447653377
2945506381	1447653378
3406454122	1447653383
3812200781	1447653386
5527950492	1447653392
1421675761	1447653397
1896058905	1447653397
2127254295	1447653404
3536987555	1447653413
2622022304	1447653415
2212274965	1447653417
5522731604	1447653428
3165437537	1447653438
3204294461	1447653447
3220686672	1447653447
3004959017	1447653451
2079799953	1447653452
3947916563	1447653475
1816406957	1447653476
2719535463	1447653479
3223729033	1447653479
2690887481	1447653489
3751095783	1447653496
3441317372	1447653508
1908141287	1447653518
5111298400	1447653525
1712923107	1447653526
5446805994	1447653528
5310840498	1447653530
2573947304	1447653532
1416704910	1447653556
5438534349	1447653566
1568608407	1447653572
3284788065	1447653581
5576125073	1447653588
5579714681	1447653590
3222079732	1447653593
5201309730	1447653593
5589752079	1447653594
2259049110	1447653596
2631726462	1447653601
1801404125	1447653622
1786711233	1447653628
1884665261	1447653628
1660268767	1447653632
5367871099	1447653638
1583438711	1447653648
2657395457	1447653694
1804616633	1447653699
2396500787	1447653715
2493620253	1447653716
1867373563	1447653744
2672687873	1447653745
2433541972	1447653746
1713667450	1447653750
5241644468	1447653752
1048212927	1447653766
5558605870	1447653770
2463872397	1447653777
3025190544	1447653793
2966014171	1447653804
5296856071	1447653832
1567657342	1447653835
5727225379	1447653837
3904329052	1447653851
2616046333	1447653889
3173062217	1447653909
5357887506	1447653917
2608371183	1447653922
2274130025	1447653930
1986823437	1447653930
3787276147	1447653958
3368216730	1447653969
3051827272	1447653974
1588414281	1447653977
1878977393	1447653986
5754925541	1447653988
5361563575	1447654024
2754204705	1447654042
5263577207	1447654053
3031596513	1447654057
5040604185	1447654057
5721105676	1447654071
1916838863	1447654073
3205144042	1447654077
5655601013	1447654078
5098857445	1447654122
3887202138	1447654125
1308119055	1447654152
1761801575	1447654160
1055595965	1447654165
5750486162	1447654169
5352926143	1447654185
2346344521	1447654194
5330619059	1447654198
5547911993	1447654230
5437777198	1447654243
2683578195	1447654262
5231486508	1447654290
3856589706	1447654292
1921655771	1447654299
5704966852	1447654311
2174728871	1447654313
5178858758	1447654359
1138432167	1447654365
5575953485	1447654372
3179545827	1447654402
1845943183	1447654417
2612146692	1447654428
2261399692	1447654431
3814991110	1447654475
1859902727	1447654491
3596137022	1447654495
1845943183	1447654498
2967558961	1447654499
2964569482	1447654502
5723815812	1447654510
3820819772	1447654512
3022699817	1447654512
5243942365	1447654556
2330727097	1447654559
1842986081	1447654575
5563044211	1447654595
3240281202	1447654603
5673868120	1447654625
3957853315	1447654626
5715733043	1447654638
3075839235	1447654657
3774246451	1447654670
3880503657	1447654678
3289024717	1447654698
2145954310	1447654722
2251294682	1447654803
5180495661	1447654816
3950227772	1447654817
3851918056	1447654876
5040336931	1447654947
2879729817	1447654960
5702356657	1447654980
5693860255	1447654980
5713003154	1447654982
2351806903	1447654993
1688564501	1447654997
5597605724	1447655009
1161459707	1447655038
5754093523	1447655049
3277512044	1447655049
5157812403	1447655053
2636846231	1447655093
3800703666	1447655099
3857078324	1447655119
1844543847	1447655126
2731034530	1447655142
3636271701	1447655144
2336135065	1447655167
3470469922	1447655180
2887572232	1447655205
5063490324	1447655207
5120783603	1447655207
1790132865	1447655247
2134914753	1447655258
5451273187	1447655283
2745148953	1447655315
1597065267	1447655322
5748782363	1447655334
3278613541	1447655354
2489712601	1447655365
5127633222	1447655387
5000174900	1447655394
1036250774	1447655439
2054900587	1447655441
3483104982	1447655457
5061578619	1447655457
2799138117	1447655462
1652034452	1447655468
5348338688	1447655508
3574101115	1447655531
3146091904	1447655564
3194303805	1447655576
5481156471	1447655581
2133918497	1447655601
5755827802	1447655605
5588573963	1447655644
3020484253	1447655658
2769890875	1447655699
5689980310	1447655707
1974484177	1447655729
3089088273	1447655745
1404082823	1447655753
3849833663	1447655773
5390389668	1447655781
3820952404	1447655789
3676566540	1447655807
3525408320	1447655814
2281843391	1447655818
1239416523	1447655824
5681092431	1447655826
1922227617	1447655854
5351160511	1447655900
5513242698	1447655927
2329637547	1447655928
1007423903	1447655960
2878639031	1447655974
2745409032	1447655978
1751447261	1447655983
5579708960	1447655986
1702925494	1447655987
1852211040	1447655995
2768327437	1447656004
2949228297	1447656026
5701473774	1447656070
5722682330	1447656101
5562013794	1447656112
3621118033	1447656141
3816268463	1447656169
1826166940	1447656189
1376992612	1447656207
2687595365	1447656208
5359389287	1447656210
2172118543	1447656216
1812544373	1447656221
3102601880	1447656251
5756547294	1447656252
3300709685	1447656256
2527247837	1447656308
2770852250	1447656321
5717650109	1447656338
5378287721	1447656349
1841756173	1447656365
5255516955	1447656400
1714601743	1447656408
2682569431	1447656412
1376992612	1447656420
1517856483	1447656430
1956119977	1447656446
5393938041	1447656452
2024804301	1447656471
2745409032	1447656482
5761247836	1447656506
3483274082	1447656523
3099347991	1447656565
2596946623	1447656566
5173478944	1447656605
2440620247	1447656626
3251079194	1447656633
3287590765	1447656638
5681677178	1447656664
2207963860	1447656685
1798920633	1447656690
5643493094	1447656760
3460212964	1447656762
1231017012	1447656767
2062765975	1447656817
5502135030	1447656822
2721383494	1447656824
5062182561	1447656838
3087862797	1447656845
5241064855	1447656894
3162528752	1447656931
3614848601	1447656934
5099544754	1447656941
2728495207	1447656942
3742155862	1447656984
5597489344	1447656988
1010499892	1447656996
5306599249	1447657024
1623783027	1447657033
2187367283	1447657065
5760571925	1447657068
1445840160	1447657071
5531970881	1447657119
5383149195	1447657129
5507295640	1447657204
3024615727	1447657210
3933659580	1447657214
1255629651	1447657224
2423884864	1447657230
5754142523	1447657236
5702459698	1447657240
1586349867	1447657272
2252115637	1447657276
2443011717	1447657281
1920299167	1447657317
3936349112	1447657325
1901711763	1447657335
3036567452	1447657343
2009341885	1447657351
5642623383	1447657368
5761091636	1447657381
1761971102	1447657413
2947936543	1447657425
1737348803	1447657426
3221081950	1447657438
5183316636	1447657443
3905095988	1447657458
2167117264	1447657459
2271011640	1447657469
2461731231	1447657473
5055641239	1447657516
5155945430	1447657530
5673286464	1447657582
5758411551	1447657643
3277825985	1447657645
2711525770	1447657646
2466383782	1447657662
1822225364	1447657670
2980131125	1447657682
1694987970	1447657694
2717690303	1447657706
1278157541	1447657742
5298256029	1447657752
3845931891	1447657790
2588129760	1447657797
2192717147	1447657798
5543486610	1447657837
3645427477	1447657843
3880811867	1447657854
5676021209	1447657870
1951884322	1447657870
3962621307	1447657876
3448748082	1447657878
1769652907	1447657885
3100147505	1447657888
3784712644	1447657899
2503191397	1447657900
2136469447	1447657931
5673752165	1447657942
2662617297	1447657949
1806315114	1447657956
2092009707	1447657968
2163996465	1447658018
3961591332	1447658027
5465817666	1447658065
5289240741	1447658086
1772696182	1447658111
5708265451	1447658137
3458835954	1447658141
5279726327	1447658144
5502011841	1447658145
1633889290	1447658151
5282094343	1447658160
2665922881	1447658177
5107831183	1447658186
5060606387	1447658198
5518054312	1447658206
5365738840	1447658207
5695956885	1447658227
1816575793	1447658230
3205166925	1447658258
2460828327	1447658287
5669004349	1447658297
3318536872	1447658308
5261272851	1447658327
5699978091	1447658365
5755977980	1447658377
2652685672	1447658380
5322683239	1447658428
3895995890	1447658443
3892724209	1447658446
1077508094	1447658453
3305092480	1447658454
5150760542	1447658459
5760210688	1447658464
5427078141	1447658473
3900477125	1447658495
3317742787	1447658503
3499435241	1447658537
3817074925	1447658584
5674876655	1447658588
1019529625	1447658615
1102753831	1447658629
3985071105	1447658673
1706032943	1447658687
1777621445	1447658701
3668728534	1447658704
3559986267	1447658708
5262416022	1447658732
3573797490	1447658733
5102686412	1447658742
3487068395	1447658783
5217977459	1447658792
3643013094	1447658801
2962476755	1447658812
3958696333	1447658819
5617801920	1447658840
2597857310	1447658878
5621387655	1447658939
5643060647	1447658940
5342589043	1447658957
5245849941	1447658993
5058772847	1447659001
1160439880	1447659022
2293125190	1447659081
5302179220	1447659085
2517506534	1447659130
5320228528	1447659140
3889184542	1447659140
5330150171	1447659142
3632260912	1447659143
1929680775	1447659151
5675130091	1447659169
5278309272	1447659191
3972555358	1447659196
5293432643	1447659279
5568101672	1447659305
3231735062	1447659326
5662845103	1447659366
5146764686	1447659383
3181152617	1447659399
5332032456	1447659404
5587288756	1447659418
2694080533	1447659422
5581781239	1447659509
5624998217	1447659550
5091455907	1447659555
3733293257	1447659587
3961087497	1447659667
3277289942	1447659733
2969345911	1447659739
3776496994	1447659765
1403923872	1447659817
3502357563	1447659823
2088384311	1447659939
5110099634	1447659941
2150459573	1447660082
2503310492	1447660135
2032061917	1447660322
2696044050	1447660523
2954630990	1447660586
1612552943	1447660682
2418589621	1447660759
2664720610	1447660760
5339377580	1447660927
3952519849	1447660962
2605540197	1447660990
5470352399	1447660990
5509347192	1447661000
2815863177	1447661193
2475350037	1447661197
1418694817	1447661202
1799524992	1447661250
5180006245	1447661258
3295840575	1447661295
5173515356	1447661333
1235601120	1447661383
5475033960	1447661388
5028951437	1447661403
5721623600	1447661443
5308389179	1447661451
3849721136	1447661583
5261105004	1447661609
3190537911	1447661648
2081132544	1447661847
2036605991	1447662028
2955245845	1447662091
1770068493	1447662112
2697017053	1447662113
1635785803	1447662154
3902536214	1447662169
1594367123	1447662304
5079029526	1447662313
1591016965	1447662455
2166332323	1447662479
5620649453	1447662484
3512232685	1447662570
2994433760	1447662707
5197484043	1447662744
5034238452	1447662934
5586064216	1447662997
5051989277	1447663012
3040865293	1447663015
1791536945	1447663060
5627121784	1447663172
5710972803	1447663194
3886742821	1447663288
5661876110	1447663367
1796344181	1447663574
2860829170	1447663797
5193321825	1447663849
2760470600	1447663859
2206395840	1447663894
3356192190	1447663922
2861504544	1447663977
3921619578	1447664105
2785384190	1447664110
3041987037	1447664468
5758585276	1447664509
5345419273	1447664518
3042034493	1447664603
3860052944	1447664692
2874286222	1447664753
2447419447	1447664773
2982478591	1447664859
2873705324	1447665068
3212102057	1447665253
2808614123	1447665277
3205703640	1447665383
2757126671	1447665440
5174049983	1447665461
3212107827	1447665500
5225033433	1447665538
5732575919	1447665639
1249239162	1447665707
1951483595	1447665770
1003926134	1447665776
5244345827	1447666093
2857402260	1447666219
5750165657	1447666224
1739030392	1447666302
3764808205	1447666406
1221218652	1447666501
1583526855	1447666713
2260557705	1447666793
3343683624	1447666908
2859751152	1447666914
2621451823	1447666991
5721376001	1447667006
2394299024	1447667085
1255673204	1447667143
2432053051	1447667274
1880577262	1447667469
1855763851	1447667590
5534454501	1447667668
1271885342	1447668194
2765852037	1447668247
2386941954	1447668706
2313472052	1447668944
2742864847	1447668955
5293273127	1447669056
2846440092	1447669199
3844976086	1447669490
3294670191	1447669559
1313738087	1447669637
2989409254	1447669782
5615123470	1447670125
3219493064	1447670344
5697248922	1447670710
3919872588	1447670918
2706402594	1447670968
5473556321	1447671004
5696999851	1447671132
5619779456	1447671505
5537636608	1447671620
2132018784	1447671940
3430688052	1447672204
2972587065	1447672250
3267005011	1447672492
3186092294	1447672641
2803604664	1447672751
3964773820	1447672828
5089197950	1447673762
1884636621	1447674265
5762847205	1447674790
3309490595	1447674976
5724565773	1447675477
5396373786	1447675500
5695169374	1447675598
2524804470	1447675718
2527714555	1447676032
3284644471	1447676113
2421924422	1447677092
1602170020	1447677429
1266497212	1447677476
1035029072	1447678043
1840353955	1447678111
1825401823	1447678301
5689355561	1447678693
5354810452	1447678785
3996603712	1447679971
2010196077	1447679980
5334558781	1447680013
3996603712	1447680119
3635963604	1447680126
1892094764	1447680416
2122600144	1447680512
1841843105	1447680737
2933563167	1447680884
5275115259	1447681018
2091406292	1447681124
1751826712	1447681286
2906649765	1447681371
3075649691	1447681566
2816398582	1447681733
5091793979	1447681827
3957547449	1447682314
5106081619	1447682868
2319230777	1447683144
5679004372	1447683235
5049785767	1447683538
2636618125	1447684419
3907490656	1447684766
1412017003	1447684941
3263832001	1447685128
2961051023	1447685733
5735065921	1447685735
2956001737	1447685826
2053388393	1447686409
2259662955	1447686686
3801199017	1447686969
2688504554	1447687466
2921744203	1447688864
2738021847	1447689289
2053794515	1447689413
3580134427	1447691041
3828068257	1447691467
1933853043	1447693583
5695099232	1447695508
3180490282	1447699376
2388274660	1447701051
1855577657	1447704587
5717599154	1447710725
2150411083	1447714943
3174452693	1447714995
5611169828	1447716913
3935011042	1447718039
5762937314	1447719901
1641178413	1447720790
5681402603	1447721120
1951566005	1447722382
2836313190	1447724980
5732769715	1447725472
5531212710	1447725552
2829433290	1447725608
2172720897	1447727009
1404456682	1447728993
2981939002	1447730896
3478073067	1447731190
5748107792	1447731376
2728591782	1447732112
5265246206	1447732706
5124572152	1447734160
2865178331	1447735161
2852053692	1447735622
2074177097	1447736175
2471847373	1447736904
3993871221	1447737778
5506833946	1447738291
2826614402	1447738546
5734810219	1447738973
5721532670	1447739518
5678698919	1447739855
5696084903	1447740684
5610792085	1447741159
5181506342	1447741424
5746015444	1447741735
3303167881	1447742027
5481156471	1447742502
5246294784	1447743184
2857144114	1447743214
3176301274	1447743837
2907200311	1447744515
5721775049	1447745473
5635403793	1447748984
5055019056	1447749617
5191084256	1447749625
5702887322	1447750110
2168639891	1447751071
5577435389	1447751852
2738829051	1447755310
5471499470	1447755801
1587086190	1447758299
2537508867	1447759153
2939591695	1447759825
1830585900	1447761118
5240537469	1447762483
5737757459	1447762576
2012487500	1447766394
5352926143	1447767715
5701740604	1447770022
5375534727	1447770050
2219251027	1447771993
3863985997	1447772814
5642585852	1447773196
2920513213	1447773477
5598277804	1447773769
2494415055	1447776134
5457196277	1447776668
3484692033	1447798818
5668908318	1447799422
1979849340	1447800729
5144748648	1447805916
5748107792	1447811268
5750334816	1447816122
3070410597	1447818445
1798826787	1447818455
1733117823	1447821358
3468242672	1447821524
2352908674	1447827324
5024408393	1447829102
3025800643	1447829728
2429088167	1447829892
5198368234	1447832738
2981939002	1447832924
5617721176	1447836551
3221081950	1447840181
5727360782	1447862406
3576925433	1447896193
1036250774	1447899301
1016298580	1447903625
5140436893	1447905665
2640456111	1447981430
5517188136	1447996531
2864826182	1447996536
5727359533	1447996546
2706525092	1447996756
2908460840	1447997194
3750597423	1448001975
3928235410	1448020488
5399840460	1448067205
2738829051	1448081302
5388880729	1448115250
5701591220	1448202788
3435076812	1448249642
3435076812	1448250725
5649244827	1448344565
3774649447	1448385163
3483663374	1448679398
5437777198	1448845217
2875125254	1448854932
5437777198	1448938294
5689980310	1448983329
5571471668	1449045011
3576925433	1449643837
5623317604	1450082530
3558941090	1452736492
