1642512402	1448888402
3170444244	1448888464
5734736678	1448888482
5748485514	1448888484
3158363432	1448888532
3192440610	1448888542
5150113282	1448888547
1300660322	1448888577
1691019555	1448888594
3290038811	1448888599
5620798715	1448888610
5424100142	1448888621
2870478350	1448888672
5692141636	1448888696
5075104365	1448888701
5496578652	1448888705
3972010168	1448888719
2448414072	1448888722
5628314346	1448888726
5555042747	1448888743
5660518883	1448888746
5233351841	1448888755
5659692897	1448888765
5657737901	1448888779
1747833703	1448888780
1747833703	1448888780
1874102700	1448888788
5652368701	1448888792
5411823924	1448888804
3240685462	1448888814
5288301033	1448888828
5287395293	1448888833
1764464711	1448888862
2727580515	1448888862
5292910859	1448888872
3214052891	1448888873
2458132334	1448888888
2823995654	1448888900
1611339022	1448888908
3958777743	1448888920
2440130070	1448888931
5766849951	1448888970
1874074915	1448888975
5249578988	1448888976
3003263163	1448888978
2550320031	1448889012
5667746122	1448889027
5588405254	1448889033
1216409410	1448889078
1562790245	1448889094
3088136514	1448889098
3816266067	1448889103
1705766032	1448889124
5627628541	1448889125
3675634930	1448889143
5356398334	1448889163
5599754398	1448889190
5721426976	1448889199
5770695495	1448889209
5725661320	1448889239
5655322691	1448889245
1709647444	1448889263
5441675454	1448889276
5684080878	1448889285
5707908603	1448889310
3177992917	1448889329
2211286870	1448889335
5757420694	1448889339
1815242823	1448889364
5761124519	1448889370
1021842284	1448889373
3309611795	1448889379
2744639171	1448889388
5392131906	1448889396
2695010522	1448889428
2675721145	1448889448
5466404991	1448889449
5505258730	1448889498
5763059327	1448889511
1459131385	1448889516
5143232515	1448889541
1454023190	1448889557
2443005101	1448889558
1888562522	1448889583
5735422466	1448889609
1296294683	1448889658
3780391281	1448889665
5763238324	1448889674
5287428414	1448889681
5514086421	1448889731
3188103354	1448889738
5710466498	1448889759
3778065870	1448889767
1826595747	1448889790
5406909628	1448889888
2614099411	1448889901
3040525025	1448889922
5020565744	1448889942
5054593753	1448889952
5286014699	1448889983
2641197741	1448889984
3790507057	1448889987
1802149257	1448889989
5758040289	1448890052
2182699163	1448890068
5722553491	1448890079
5745615599	1448890084
5561948658	1448890094
5617563235	1448890110
1910327363	1448890126
2126406104	1448890131
1867903394	1448890146
2970899355	1448890168
5726450526	1448890172
5235031538	1448890180
1251792491	1448890184
1601905585	1448890222
5012056540	1448890245
5482987623	1448890288
1740518464	1448890332
5510754526	1448890356
5572941439	1448890366
5092497726	1448890438
5313032007	1448890450
5690071608	1448890453
1808283905	1448890506
1984678251	1448890507
2157105464	1448890530
5433930602	1448890621
5589095133	1448890706
1632071024	1448890714
2531207147	1448890806
1005276420	1448890893
5626607366	1448890961
1101091022	1448890970
5721485458	1448890986
1855094597	1448891005
5524336314	1448891099
1104726701	1448891277
3227805145	1448891317
2737576133	1448891333
3248664144	1448891386
5746571789	1448891400
5685378235	1448891428
2111736482	1448891487
5722971255	1448891492
5034188996	1448891523
5703105931	1448891568
2929547787	1448891598
5589811929	1448891601
1039809897	1448891644
5516947557	1448891660
5729345649	1448891691
5545502955	1448891731
1823547680	1448891866
5705537027	1448891931
3673519657	1448891954
1197360060	1448891970
2389014532	1448892039
5510573099	1448892096
1249770000	1448892119
5776353640	1448892186
2588274902	1448892228
3796279327	1448892275
1992961153	1448892289
5108344536	1448892324
1833782842	1448892331
1301078270	1448892356
5578009117	1448892415
2466938774	1448892472
1009334412	1448892508
3964399727	1448892620
2647223850	1448892689
5525542768	1448892745
5447031520	1448892817
2705500735	1448892820
1781482782	1448892895
2288925285	1448892899
1277137340	1448893047
5254066787	1448893181
5716980660	1448893206
5667938901	1448893220
1281642174	1448893263
3265434402	1448893571
3618026547	1448893602
1942818145	1448893612
3267122384	1448893682
2338621965	1448893780
5743117140	1448893815
5340222561	1448893997
5575097027	1448894066
3697645304	1448894095
1677340790	1448894319
5301521137	1448894368
5520150474	1448894586
1828645574	1448894596
5595617139	1448894652
2745035682	1448894999
3119661383	1448895086
5582665925	1448895283
5625521525	1448895449
2105482903	1448895535
5293602166	1448895593
5703567828	1448895601
5415281003	1448895607
1244254715	1448895769
5403596960	1448895814
3030158105	1448895819
1663721892	1448895956
5764438142	1448896162
5033056033	1448896197
3919300687	1448896300
2711069100	1448896373
5657657575	1448896610
3310701011	1448896799
5765195553	1448897023
1783202007	1448897448
2788121801	1448897460
5703935019	1448897467
5743138432	1448897504
5089305165	1448897504
3893753433	1448897567
1905953255	1448897615
2600376580	1448897686
2702802790	1448897730
3186981804	1448897787
2703366792	1448898033
1944490983	1448898090
5237205550	1448898189
1599763421	1448898192
1047362681	1448898381
5362668734	1448898442
2249581542	1448898686
3535162230	1448898791
1607116547	1448898997
5639620259	1448899030
1750319977	1448899178
5684627948	1448899186
1890898594	1448899211
5629827941	1448899916
1987304341	1448899921
5398384038	1448900319
5734980558	1448900665
2005011703	1448901522
2956410094	1448901536
5768233179	1448901742
1883335665	1448901780
2243728567	1448904110
2952573993	1448913710
5697231100	1448924250
3828674849	1448924916
3981139070	1448924922
1750364851	1448926159
5053067274	1448926855
5697984278	1448927284
3170812443	1448927711
2251674901	1448928312
1969868961	1448929991
5540635029	1448930639
1677868514	1448930656
2187428025	1448930744
5373535674	1448930906
3952249364	1448931670
2813918453	1448931731
2696557003	1448932705
2553698432	1448932831
5610918613	1448937373
5025543954	1448939337
5597039128	1448939604
2022694242	1448939965
2993481790	1448940737
3211110124	1448941391
1876454033	1448942367
5540261648	1448943519
1874066334	1448943991
3026627607	1448944252
3188988232	1448947141
5722495446	1448950922
1547507571	1448959535
1677079985	1448967167
1652482557	1448967562
5681233715	1448971038
1347838532	1448972879
5310782697	1448977719
1992189235	1449010018
5537140192	1449030330
1636133225	1449038394
2532354477	1449065092
5062596740	1449068893
1820099622	1449128064
5171485237	1449237539
1844103675	1449458397
1757269117	1449485933
5218262913	1451185425
