1642512402	1450576803
2828609034	1450576821
3871773549	1450576835
5518800762	1450576844
5173911462	1450576846
5613893622	1450576854
5603183702	1450576869
5286017861	1450576872
1671564495	1450576874
3706014914	1450576877
5665070858	1450576882
5680465176	1450576885
5719325629	1450576887
5671607240	1450576890
5789812510	1450576894
5390135758	1450576898
2605250127	1450576905
5717090394	1450576906
5711894113	1450576908
2587404167	1450576918
5696944563	1450576919
3935098548	1450576925
2307608985	1450576928
3656165751	1450576939
5226100303	1450576940
1693486794	1450576949
5627449201	1450576950
5436952632	1450576954
3220976524	1450576961
5344657728	1450576963
5759178314	1450576971
3552918500	1450576984
5525796334	1450576987
2838398484	1450576992
5295334127	1450576992
5637855392	1450576993
5778929677	1450576994
5502610589	1450576996
5407176942	1450576998
2100827785	1450577003
5680146831	1450577007
3132417973	1450577008
5661485085	1450577011
5772459599	1450577017
2305378625	1450577024
2639087791	1450577028
2985841720	1450577042
3835458803	1450577044
5712023685	1450577044
3085718853	1450577053
5659699506	1450577054
5719083981	1450577055
2060981801	1450577057
5573323127	1450577060
5601689173	1450577062
5490585043	1450577065
5543160308	1450577069
2381982141	1450577087
5539312999	1450577089
1912665883	1450577100
2713141037	1450577104
5432409997	1450577104
1864539310	1450577105
5575914592	1450577106
5619329806	1450577108
2726168945	1450577112
5534631782	1450577119
5718318761	1450577121
5504595015	1450577124
5589640959	1450577125
3477426540	1450577128
5328536678	1450577132
5733336122	1450577135
3163920137	1450577141
2598506657	1450577148
1367711823	1450577157
2919101761	1450577163
2419494072	1450577164
1464896980	1450577171
3917833276	1450577175
5311503420	1450577175
5319369038	1450577182
5697467809	1450577185
5635990697	1450577186
5734607758	1450577188
5403752184	1450577190
3575956940	1450577190
5732216680	1450577190
3740056305	1450577202
5786656564	1450577202
5589897055	1450577202
5795335825	1450577206
5590795868	1450577214
5457290463	1450577215
5723242172	1450577216
3496225624	1450577216
5715006557	1450577218
5183045850	1450577219
5314468665	1450577223
5315421657	1450577224
5107063819	1450577225
5794934234	1450577244
2393786914	1450577244
2335125761	1450577248
1910829973	1450577252
1281751574	1450577252
1354992053	1450577257
3880446557	1450577264
5713169654	1450577264
5600058783	1450577268
5794447320	1450577268
5503567363	1450577276
5409243819	1450577277
3235427043	1450577277
5673701039	1450577278
2680649941	1450577279
5705528599	1450577282
2928198463	1450577284
5634615001	1450577284
5665930963	1450577291
5674182559	1450577291
5321076385	1450577293
1992534565	1450577294
5552376418	1450577300
3710249174	1450577302
3913474936	1450577310
5620798131	1450577312
5662182466	1450577312
1101106394	1450577325
3343222404	1450577327
5634105604	1450577329
5792849695	1450577330
1914033942	1450577331
1805216011	1450577335
3172293844	1450577335
2966762497	1450577345
5629698420	1450577349
5793899946	1450577350
5557084984	1450577350
3685434631	1450577351
5766669583	1450577352
5569313982	1450577355
5237581059	1450577356
2495942782	1450577357
5766405269	1450577360
3641111237	1450577368
1623258812	1450577374
2043419465	1450577379
5591960928	1450577382
5489434129	1450577389
3676910397	1450577389
3898991123	1450577401
5770467084	1450577402
3974579876	1450577404
5631182862	1450577405
3105813981	1450577410
5706767088	1450577410
2395772035	1450577412
5713321690	1450577418
5563715618	1450577431
5702613111	1450577439
5681053367	1450577446
5142471040	1450577468
2681895203	1450577471
5239687544	1450577472
5771809472	1450577474
2376818082	1450577485
5667539649	1450577485
5651981204	1450577486
2302657925	1450577490
5638975311	1450577492
1953146177	1450577507
5466935861	1450577519
3835426688	1450577519
2443360721	1450577532
5463391904	1450577544
3077092625	1450577564
5540598546	1450577565
5705597519	1450577572
5635240679	1450577574
5590539362	1450577581
5451513017	1450577588
3202786704	1450577589
5664416610	1450577592
5795003571	1450577592
3972671030	1450577593
5751790640	1450577610
5729955201	1450577612
1271911367	1450577612
1737743262	1450577613
2995889743	1450577614
5710851411	1450577615
5557680519	1450577617
5104550772	1450577618
5155770909	1450577629
5680770572	1450577630
5062463144	1450577636
3267526431	1450577641
5758404868	1450577645
5792400723	1450577645
5192698047	1450577648
3794317882	1450577651
1805442003	1450577655
5386624791	1450577657
5603297468	1450577665
5772442907	1450577673
5514148525	1450577702
2394798150	1450577705
5648419608	1450577716
5721869110	1450577718
5394057948	1450577727
1979940183	1450577731
5693416719	1450577741
5422269936	1450577748
5650031933	1450577755
2671105375	1450577760
2812465995	1450577766
5606864721	1450577773
5781306160	1450577774
2945355753	1450577777
5778908493	1450577799
5331194400	1450577805
5748417191	1450577810
3792730164	1450577822
1963656957	1450577823
3528146320	1450577823
3590835983	1450577825
5335828714	1450577826
5691219091	1450577831
5665149259	1450577835
5504337728	1450577844
5746153749	1450577846
5426924603	1450577849
3921763919	1450577856
5603132260	1450577865
5480112077	1450577866
5786913528	1450577870
5024934976	1450577873
1915812083	1450577879
1854129535	1450577884
5789590126	1450577884
1874349062	1450577887
5491743026	1450577905
2474394673	1450577921
1889359432	1450577923
3099422601	1450577924
5712793260	1450577925
5711187609	1450577935
5196037030	1450577938
5775159883	1450577939
5646095056	1450577941
2036499764	1450577946
5287572126	1450577947
5788810475	1450577947
3960964181	1450577952
5633123537	1450577952
1653804957	1450577961
5625752650	1450577970
3967382198	1450577980
5047191759	1450577981
1000713907	1450577991
5045443527	1450577992
5106151375	1450577994
5357263695	1450577994
2921016311	1450577999
5257132348	1450578018
3808525503	1450578029
5767145276	1450578039
5222808531	1450578043
5763762294	1450578062
5480108441	1450578064
5663420387	1450578076
5423565691	1450578111
2308932711	1450578112
5692843363	1450578112
2903569401	1450578119
1664910237	1450578145
2902002021	1450578165
1814024792	1450578173
5742713233	1450578176
3301073365	1450578176
5499634580	1450578195
5681753596	1450578202
1760088663	1450578207
5222368392	1450578223
3847693395	1450578225
5622005352	1450578233
1960152034	1450578234
5752180222	1450578240
5589378718	1450578247
1345928051	1450578257
5732331137	1450578258
5729685952	1450578259
1904005971	1450578259
1985188695	1450578274
2384066783	1450578284
5582243700	1450578287
5785707645	1450578289
3212156465	1450578290
5770329989	1450578295
5738474465	1450578296
1348366355	1450578306
2790217453	1450578324
5064743369	1450578337
5703944973	1450578352
5523370292	1450578356
3088458412	1450578358
2272871773	1450578359
3878482397	1450578362
5611995101	1450578363
3558909487	1450578364
5570385859	1450578371
5203344907	1450578378
5434860483	1450578379
5678871216	1450578384
5712703181	1450578393
5634931374	1450578393
5308981083	1450578401
5797494938	1450578405
5564089780	1450578407
3824318412	1450578410
1159757082	1450578411
2975308094	1450578412
5284028935	1450578413
5776744718	1450578418
5571665538	1450578420
2972528444	1450578428
5637045592	1450578430
5415016226	1450578434
5040647929	1450578435
5646595324	1450578440
1655528792	1450578450
5683378938	1450578466
3592462531	1450578468
5584994679	1450578474
5705538015	1450578477
3246243744	1450578477
5764892489	1450578477
3547300575	1450578478
5711895435	1450578487
3860066728	1450578489
5694370173	1450578494
5356213559	1450578496
3484888135	1450578496
2240062932	1450578507
5331563715	1450578516
5593822202	1450578519
3083128280	1450578523
5682579374	1450578529
2275772154	1450578534
5677937148	1450578547
5606932179	1450578547
5591625273	1450578554
5453710007	1450578562
5702443919	1450578564
5175114057	1450578575
5514278129	1450578588
2591414914	1450578597
5540443258	1450578602
5711879214	1450578604
2446793961	1450578615
5549479345	1450578639
5597935371	1450578641
3477530832	1450578651
3175653967	1450578653
5681770601	1450578667
3981308352	1450578667
3032028893	1450578704
2764337977	1450578712
5293190689	1450578714
5457982330	1450578714
2142356444	1450578718
5643655260	1450578720
5102988466	1450578730
5278334683	1450578730
5705846360	1450578731
2268262164	1450578736
2014256137	1450578745
2473181087	1450578751
5384207552	1450578754
5728008046	1450578769
5612227958	1450578774
2606569775	1450578796
5602790419	1450578808
5692009256	1450578809
2667769883	1450578825
2645316802	1450578826
5237165268	1450578827
5072954270	1450578836
5448581287	1450578842
5774580201	1450578855
5492066204	1450578868
5571393999	1450578879
3756823397	1450578897
2093328607	1450578936
5573168746	1450578944
5293432339	1450578945
3317476982	1450578951
5360531347	1450578973
5730048252	1450578974
5656034192	1450578975
2925916343	1450578976
2168808257	1450578978
3835211908	1450578986
5516165297	1450578992
2732877034	1450578994
5680815664	1450578998
5614419301	1450579003
1726423347	1450579008
5659528270	1450579011
5666763503	1450579014
5726226887	1450579015
5710035317	1450579049
5695547292	1450579050
5716750971	1450579054
5699290605	1450579055
3369063542	1450579059
1492040273	1450579066
2482483027	1450579075
5687575334	1450579088
5501612937	1450579092
2109562592	1450579099
5709541019	1450579103
5564772517	1450579124
5724388827	1450579161
1236238483	1450579167
1716216551	1450579196
5703271325	1450579196
2044847617	1450579200
1289440225	1450579210
2067326772	1450579223
5772955514	1450579228
3898244893	1450579238
1959839702	1450579241
2649383737	1450579254
5602256416	1450579255
5362781477	1450579267
5593515800	1450579269
1100119205	1450579274
5723362756	1450579276
5173052893	1450579301
5734616712	1450579309
1775367027	1450579324
5202840145	1450579338
3985543946	1450579339
5563405433	1450579342
5180936880	1450579343
3039798475	1450579346
2489093803	1450579365
1135220675	1450579414
1850805533	1450579461
3745466604	1450579474
5737475316	1450579511
5711848905	1450579531
1723922803	1450579564
5592928499	1450579568
5770584200	1450579592
2269879803	1450579595
5760952989	1450579618
5501954071	1450579619
5729169221	1450579622
5737650695	1450579638
5208066324	1450579638
5722921418	1450579651
2891218975	1450579652
3902281663	1450579668
3933799944	1450579671
5670562362	1450579677
5329993218	1450579681
1873481433	1450579686
1924491273	1450579692
5783262058	1450579705
5632192670	1450579705
5702655991	1450579738
5530465429	1450579745
5359832231	1450579756
5644738030	1450579769
2760443073	1450579786
2508403641	1450579790
5271245931	1450579790
5714848633	1450579822
3211916967	1450579915
1352040127	1450579930
5514439704	1450579935
5205567265	1450579948
5215802123	1450579960
1016489595	1450579978
5332886897	1450579985
5583387691	1450579990
2626955445	1450580007
5178742345	1450580007
5749800969	1450580010
5092818518	1450580012
5769469449	1450580029
2622134227	1450580029
2873367084	1450580031
5751088706	1450580036
5235025257	1450580041
5329470413	1450580046
3458327210	1450580076
5628192606	1450580106
5638848156	1450580128
5593709844	1450580156
5722430501	1450580169
5751811044	1450580175
5723266815	1450580176
5713201644	1450580180
5658279431	1450580197
5729094297	1450580206
5343726995	1450580213
5416696496	1450580218
3157244173	1450580247
5778919307	1450580280
5455924550	1450580301
5767207273	1450580313
5776540128	1450580320
5725369458	1450580347
1888735947	1450580364
1069931545	1450580367
1769770230	1450580376
5768055303	1450580380
1947206721	1450580386
1813244400	1450580389
5614471411	1450580390
3891886547	1450580401
5255317429	1450580402
5779119372	1450580404
5798460186	1450580415
5598192364	1450580428
5297815783	1450580462
5584804186	1450580462
5743137066	1450580474
1954815294	1450580484
5692531425	1450580535
5335360261	1450580537
3066142811	1450580558
5731178748	1450580561
3214749360	1450580573
5759165572	1450580614
1032553914	1450580615
5692138194	1450580616
1634260553	1450580624
5744625322	1450580667
3736262545	1450580689
5583811475	1450580698
5708632741	1450580710
5767695647	1450580717
3018155862	1450580732
5330039364	1450580734
5546064095	1450580758
2960971124	1450580764
5655747524	1450580802
5695965783	1450580809
2408744827	1450580809
2635641637	1450580813
5502409299	1450580838
3687422613	1450580848
5710858544	1450580856
5489374764	1450580873
3194404994	1450580873
5603241676	1450580874
5742908768	1450580876
5720826850	1450580878
2985787045	1450580910
5585818961	1450580918
5576635450	1450580924
2815768175	1450580939
5563201376	1450580952
5688124066	1450580972
1859630564	1450580991
5515536595	1450581005
2982602212	1450581027
2682466841	1450581039
5469104207	1450581044
5646296312	1450581055
5648976054	1450581059
5758053618	1450581084
2441236494	1450581088
3977346043	1450581124
5711895435	1450581134
5714345207	1450581138
1297764845	1450581153
2170379082	1450581211
5670967049	1450581233
5742884978	1450581235
3508624881	1450581259
2785852763	1450581264
5463044869	1450581283
5434413141	1450581313
3157599107	1450581318
5457534564	1450581318
2457907227	1450581319
5160289734	1450581329
5625523955	1450581356
5732579392	1450581372
3973441444	1450581386
5776803720	1450581403
5571270303	1450581404
5629141327	1450581418
5589934300	1450581423
5538218842	1450581434
3700457951	1450581464
5475063233	1450581468
5797063637	1450581472
2130975351	1450581554
3919097878	1450581585
5720201317	1450581595
5687734184	1450581617
5794956487	1450581644
5603660691	1450581672
5483385063	1450581672
3895348468	1450581721
5629725045	1450581737
5561918349	1450581747
5203658009	1450581776
2688435005	1450581777
5277445844	1450581783
2021857977	1450581787
5743666030	1450581807
1701045637	1450581819
5626179556	1450581894
1882227794	1450581924
5515100764	1450581928
5148761607	1450581930
1790542967	1450581984
5652817355	1450582045
1526140331	1450582064
1874451301	1450582071
3873344405	1450582086
5786709578	1450582104
5746572383	1450582133
2565140334	1450582135
5647563435	1450582183
5728846496	1450582219
5506222379	1450582222
1744702661	1450582227
2734431882	1450582251
1989402900	1450582266
5604926204	1450582267
5146126481	1450582313
5772111697	1450582316
3744646397	1450582394
5789719860	1450582421
2614985295	1450582488
5459882780	1450582543
2729438073	1450582559
5611311554	1450582575
5623342375	1450582587
2140102963	1450582655
3490794842	1450582685
3170506615	1450582689
3803011642	1450582691
2556006412	1450582710
3299976685	1450582713
5585793015	1450582718
5716247182	1450582725
3850348448	1450582743
5772073589	1450582745
5328761103	1450582764
3088070032	1450582764
1667166614	1450582767
1714444045	1450582789
5704763028	1450582795
3393875452	1450582849
1764343222	1450582857
5729962931	1450582857
5708243307	1450582869
3936635757	1450582878
1085102472	1450582946
5728788301	1450582963
5330173715	1450582994
5743519222	1450582999
3769805375	1450583031
5747721729	1450583032
1874009870	1450583033
5488585171	1450583046
5786624884	1450583054
5381083149	1450583074
2728892531	1450583104
1681492161	1450583105
3299048923	1450583106
5092211451	1450583118
2723837285	1450583136
5691780871	1450583142
3935507221	1450583146
5775134786	1450583170
5715452244	1450583180
5151816253	1450583192
5639623401	1450583193
2708985843	1450583247
3018237537	1450583269
3209971683	1450583283
5756524065	1450583312
5748818517	1450583325
5776164667	1450583329
5643655260	1450583349
5028118895	1450583351
5585839783	1450583360
5508819483	1450583363
3942947909	1450583420
3942964805	1450583473
3309846247	1450583499
5727615414	1450583516
5141555263	1450583530
5782561052	1450583546
3124225187	1450583554
3171499501	1450583619
1462706647	1450583649
5653169276	1450583732
1774657462	1450583737
5715744421	1450583763
5678654118	1450583777
5590539362	1450583814
5146028375	1450583827
2699506642	1450583837
5785165358	1450583844
5776904593	1450583855
5758404138	1450583885
5337056052	1450583928
5526293550	1450583939
5642149799	1450583974
3285652575	1450584007
5674182303	1450584046
1806806157	1450584054
5731538917	1450584137
5690460396	1450584140
3903540363	1450584160
5724216823	1450584180
5082596437	1450584227
5332629094	1450584234
5713082469	1450584251
2840541741	1450584265
2552063674	1450584293
5709861160	1450584311
2196088193	1450584336
1987704643	1450584366
5684619174	1450584386
5290229428	1450584391
2326281393	1450584417
5305113340	1450584435
3254693022	1450584438
2705690302	1450584460
3763872347	1450584490
5601885205	1450584530
5729623367	1450584539
2124486875	1450584564
2295348353	1450584566
1649471505	1450584588
5732728919	1450584649
3557584132	1450584680
5722726014	1450584680
2169379173	1450584703
5720600581	1450584708
5708729235	1450584739
3288088235	1450584753
5145530937	1450584825
5551201247	1450584855
2149143913	1450584910
5704755718	1450584933
1652696557	1450584974
5589875567	1450584998
5596291456	1450585035
5794705584	1450585043
2738025722	1450585153
3811305696	1450585168
5650457152	1450585259
3467259010	1450585275
5771610760	1450585349
1800515350	1450585358
5626529488	1450585380
1984118847	1450585401
5143641618	1450585417
5325673898	1450585451
5765106082	1450585459
3895342717	1450585461
5147644420	1450585478
3603502530	1450585487
2513926210	1450585500
5653239080	1450585533
3341565994	1450585576
5572963516	1450585616
3312488773	1450585618
5789358871	1450585682
3234680585	1450585701
5025574659	1450585720
5674746672	1450585723
5763341114	1450585731
5532532652	1450585774
2927688417	1450585778
5344152373	1450585804
2342877587	1450585807
2689686463	1450585858
5625288993	1450585879
3109949227	1450585897
3328473122	1450585905
5770172976	1450585923
5519769359	1450585978
5248346186	1450586001
5286859179	1450586024
5131120310	1450586041
5408958758	1450586076
5791808178	1450586199
3177026972	1450586249
5605266837	1450586266
5743762813	1450586298
5653720098	1450586303
5704610007	1450586315
2101124043	1450586428
2808585820	1450586429
2968937192	1450586521
3949737494	1450586531
3974736600	1450586561
1254414777	1450586570
5734637530	1450586606
5717924873	1450586635
5540401591	1450586669
2933822717	1450586738
3868858404	1450586762
5758582618	1450586933
5573715643	1450586969
3933636276	1450587004
3951981960	1450587061
5343898552	1450587070
1886421057	1450587119
1968140431	1450587125
1894244124	1450587143
2944971757	1450587160
5093188813	1450587230
5764369385	1450587238
5695237867	1450587406
2371364645	1450587419
2402346612	1450587446
1694482231	1450587505
5734801043	1450587541
5158757345	1450587664
5324283052	1450587668
5704961818	1450587685
5520126042	1450587700
5397663855	1450587709
3809539730	1450587732
5708454067	1450587745
5446696946	1450587783
5727266385	1450587802
5178361100	1450587839
5508976958	1450587912
5281836680	1450587934
5070400954	1450587944
5641778534	1450588007
3919243059	1450588011
5642318725	1450588113
5503205160	1450588254
5075557855	1450588291
5510367410	1450588314
2956498537	1450588363
1103553443	1450588383
1270938691	1450588399
5635516363	1450588446
3947989777	1450588553
3786926472	1450588567
3835293573	1450588662
1323057433	1450588688
2504779844	1450588701
5615689474	1450588723
1772312167	1450588729
3636321073	1450588742
3232483294	1450588756
5666401354	1450588837
1936969463	1450588968
2865962473	1450588998
2779120615	1450589027
1844117412	1450589035
5634880798	1450589086
1987969597	1450589130
5774117280	1450589218
2810056320	1450589284
5702272761	1450589337
5090076125	1450589379
5676288678	1450589477
5683414102	1450589573
3503674297	1450589597
5632786101	1450589658
5710820926	1450589661
5762767072	1450589743
5779940938	1450589830
5719909058	1450589930
1727059621	1450589941
5512150559	1450589956
1850111264	1450589981
1848303263	1450590136
5724592113	1450590208
1615936427	1450590226
1430414832	1450590244
1790950212	1450590297
2092966323	1450590405
1575193891	1450590533
5626065990	1450590561
1294565147	1450590584
5408766568	1450590654
3171078480	1450590675
5384383840	1450590876
2835102034	1450591087
5748049386	1450591097
5797618257	1450591215
5328943700	1450591246
5781138176	1450591329
1863780664	1450591346
5172698738	1450591349
5603901222	1450591397
5561724709	1450591405
5361753873	1450591428
1060204970	1450591464
2656862255	1450591632
5585975315	1450591672
5663194396	1450592019
3174614715	1450592027
2288361337	1450592196
2684113353	1450592230
5714255785	1450592492
1762630037	1450592494
2144171580	1450592498
5631875928	1450592570
5711859413	1450592634
3101429855	1450592635
5608475782	1450592670
3209480994	1450592673
5655254928	1450592721
1738178080	1450592794
5585815860	1450592853
5632141413	1450592880
5696663389	1450592962
5789023708	1450593037
5750052657	1450593217
3629572697	1450593223
5386208005	1450593467
3199115130	1450593599
2812508097	1450593693
2479142107	1450593957
2479142107	1450594083
5697700121	1450594087
2413859333	1450594398
5703615320	1450594504
1603196931	1450594682
5599774824	1450594684
1196221333	1450594793
5738137832	1450594872
5299208059	1450595021
3748335387	1450595223
5769882003	1450595233
5696087841	1450595464
2387756740	1450595497
2977252145	1450595592
3916317156	1450595607
1922375284	1450595652
2966259221	1450595662
5680308293	1450595665
5723481057	1450595766
3508635954	1450595826
5386780485	1450595995
5292803836	1450596007
1146727405	1450596501
5610247798	1450596585
1762508103	1450596655
5650301553	1450596808
2446229755	1450596916
1945065455	1450597002
5130403248	1450597133
1203313070	1450597978
5745018776	1450598075
5456047720	1450598095
3901160858	1450598194
5026871685	1450598291
2671424143	1450598359
1425658652	1450598630
5673931881	1450598637
5540997242	1450598735
2303034993	1450598832
2272321107	1450599120
5498741103	1450599138
5674708625	1450599449
1879335933	1450599470
3147743003	1450599519
1663779285	1450599588
1684575414	1450599702
3936967914	1450599732
1902307823	1450599844
5343588222	1450599887
5405237420	1450600001
2643495011	1450600257
5373737783	1450600360
1744054774	1450600467
3971042377	1450600530
2135266021	1450600574
5541794375	1450600609
5752003266	1450600808
5140647267	1450600966
5718093374	1450601244
5659265652	1450601269
5304027010	1450601354
1828658311	1450601495
1896418244	1450601596
5314894373	1450601630
5773620995	1450601808
1669864667	1450601862
5410091260	1450602893
3925003793	1450602971
1848910341	1450603423
1625314313	1450603904
3677910194	1450604083
5733356144	1450604109
1944490983	1450604117
2615234931	1450604162
2990503501	1450604183
2502340674	1450604300
5716305572	1450604420
1869729580	1450604690
5766392342	1450604879
5787371156	1450604914
5093162112	1450604929
5493476204	1450605207
5264520134	1450605339
5733436099	1450605376
5733601329	1450605764
5744871510	1450605881
5758053618	1450606152
5101986697	1450606375
2179713411	1450606628
2511657557	1450606751
5017026946	1450608070
5708620437	1450608277
3028512567	1450608338
5773772309	1450608481
5513791267	1450608548
5377336891	1450608812
5585952973	1450609108
5797934290	1450609528
1808044100	1450609623
1721715950	1450609852
5684037660	1450610435
3775354147	1450611192
1882614460	1450611531
5625315149	1450611590
2108461502	1450611925
2480224650	1450612002
1866747261	1450612041
3317972135	1450612099
5661602580	1450612836
1933626242	1450612933
2189321864	1450613100
1070384875	1450613183
5124459678	1450613480
3091433414	1450613954
3794233961	1450614238
2719969630	1450614473
3492563385	1450614673
3247145583	1450614769
1923595447	1450614907
5375610285	1450615376
5797951350	1450616171
5603153072	1450616183
1450771647	1450616461
3564694591	1450616543
5699365680	1450617132
2809665537	1450617204
5058956477	1450617756
3064766422	1450617812
5698296342	1450617863
5549957651	1450617906
5694022595	1450618022
5365941383	1450618395
5302865623	1450618545
3093036407	1450618648
5645022374	1450618668
5670029999	1450618744
3579597265	1450618800
1353428623	1450618945
5682338182	1450620087
5717874452	1450620117
2167338592	1450620186
49039857	1450620187
5287120498	1450620401
2134489374	1450620467
5743251207	1450620504
5743251207	1450620522
5605236634	1450620750
5591120903	1450621113
1671941723	1450621260
2745391947	1450621373
3307209703	1450621492
2337234175	1450621537
5747633580	1450621758
5669662162	1450621787
2397730561	1450621904
3737849194	1450621980
5573332033	1450622053
2539748100	1450622681
2103247895	1450623565
5714604253	1450623645
5309340394	1450623719
2540036642	1450623783
5212553692	1450623792
2092821811	1450624514
3849862763	1450624524
5148133582	1450625033
3759146385	1450625200
1652145204	1450625559
1913635435	1450625944
1913635435	1450625948
1841688373	1450626046
5454330641	1450626328
3029771997	1450626516
5674640542	1450626608
5710941254	1450627398
3404116022	1450629148
5786395602	1450629520
5591012902	1450629523
2557651333	1450630799
5675492349	1450631912
5744509966	1450634682
5699543582	1450634705
5756208451	1450634895
2643033293	1450635140
2174362170	1450641029
3509294740	1450653404
5697231100	1450654589
5655453450	1450654889
5709861160	1450658000
2800197522	1450658890
5792400783	1450659052
5728029077	1450660618
5587900035	1450663480
3040019105	1450665139
2106409373	1450665221
2668815773	1450665280
3318940814	1450665354
5326988077	1450665515
1764053793	1450665873
2709557567	1450665941
1975090955	1450666506
3696136414	1450667060
2720712635	1450667207
5698638438	1450669115
2631493615	1450670150
3829023094	1450670954
1397003417	1450671772
3287033465	1450671972
2368949080	1450672637
5721268893	1450673442
5643313433	1450674135
3554753683	1450674332
5343151129	1450675649
2608294753	1450675881
5721333369	1450678378
5534168417	1450681176
5293841199	1450683604
2801651092	1450684168
3925683056	1450685050
5727924217	1450685064
5703020635	1450688702
5781114206	1450690362
1210847172	1450697338
1842775264	1450698754
1826926080	1450699025
5800816865	1450699442
5726232430	1450703545
5472961130	1450704403
1928500601	1450739515
5091971440	1450740725
2649611064	1450749196
5527125862	1450750587
2284488555	1450751608
2411544002	1450770613
5619329806	1450785377
5501496205	1450788450
5347293789	1450796943
2501051050	1450802649
1779784437	1450835422
1450771647	1450877840
5697820581	1450888454
5155790753	1451001644
5621735374	1451108965
5625426494	1451220537
5606542737	1451253266
5143825257	1451296011
5717090394	1451355806
1807270624	1451481040
2391030662	1451491470
5702689231	1451543917
5817632603	1451631067
5817632603	1451631202
3127069124	1451749763
