1784473157	1449896768
5524323487	1449896790
2022082037	1449896809
1905244461	1449896817
5570919457	1449896828
3271447757	1449896836
3822073776	1449896836
5631567250	1449896837
3174502982	1449896839
5327821122	1449896842
5745699730	1449896846
2258515337	1449896850
5532400100	1449896851
5718083854	1449896855
5242838314	1449896859
5721347064	1449896880
5427564320	1449896884
5341046139	1449896899
1841233354	1449896902
5597583925	1449896905
1227946584	1449896911
5540643397	1449896912
5634542090	1449896931
5131004730	1449896938
5427232094	1449896946
5720001280	1449896965
3226822660	1449896975
5306954715	1449896992
5665708931	1449896994
5720660876	1449896998
5762805969	1449897002
5553815212	1449897012
2581504405	1449897026
5421998242	1449897027
2129299497	1449897034
3949505607	1449897044
1865597462	1449897057
5666249699	1449897059
3901227402	1449897059
5672773003	1449897062
5574574486	1449897073
3987104310	1449897078
3088761721	1449897098
5560593319	1449897102
1798174953	1449897119
5762804500	1449897134
2952674287	1449897136
2260016124	1449897152
5473270534	1449897152
5694013718	1449897159
2171963033	1449897165
3699638013	1449897173
2187322894	1449897174
3885364867	1449897192
5614002652	1449897194
1480999000	1449897202
5720063335	1449897209
5778749530	1449897210
5706995127	1449897230
2158113835	1449897230
5715821421	1449897231
3288121083	1449897248
2800758911	1449897255
3583851277	1449897281
3975742858	1449897289
1062444963	1449897304
2921171304	1449897312
5060265782	1449897314
5155647220	1449897314
5457668261	1449897346
5303850771	1449897353
5516419295	1449897357
2248459161	1449897385
3248129191	1449897391
5620341915	1449897394
5720479810	1449897394
5761118969	1449897406
5541708914	1449897412
1946015090	1449897416
5072386890	1449897417
5532373320	1449897446
3958017290	1449897448
2630370183	1449897449
5707127928	1449897469
1250525782	1449897478
5239254070	1449897482
2584400874	1449897488
5691006541	1449897499
5599811785	1449897509
5644486602	1449897516
2870867575	1449897531
5660569469	1449897567
2618728857	1449897574
5284725791	1449897586
5789618199	1449897589
5628052948	1449897606
3308521517	1449897683
2880619495	1449897684
2076993235	1449897693
5390896007	1449897710
5586252578	1449897744
5787235529	1449897771
5466123376	1449897791
5742284571	1449897803
5205604414	1449897818
3024742713	1449897849
5715824499	1449897866
1099976147	1449897882
5662762555	1449897885
5650096223	1449897889
2193417854	1449897889
5769905175	1449897893
5524336314	1449897902
2829492537	1449897930
5681332229	1449897932
5718651076	1449897940
5747498367	1449897973
3772245333	1449897981
5710854568	1449897982
5738660145	1449898009
3096948893	1449898011
5671563906	1449898060
5388314767	1449898063
5631298105	1449898080
1714757812	1449898100
5512832514	1449898130
5574612940	1449898158
1811467483	1449898189
5571777203	1449898193
1658778670	1449898197
2374237034	1449898208
5690087573	1449898209
2670847243	1449898219
5787369341	1449898249
5765602038	1449898276
5735410043	1449898332
1668587394	1449898336
5782737593	1449898366
3917887585	1449898375
3905661506	1449898392
5225706325	1449898400
5782110986	1449898414
5772463762	1449898431
5788515900	1449898449
5688438277	1449898462
3848506980	1449898481
2350885354	1449898485
2691623351	1449898523
5602330397	1449898537
3242237483	1449898547
1907883055	1449898616
5152083204	1449898619
5604295611	1449898623
2187341803	1449898647
5763362209	1449898648
3656725010	1449898680
5372821302	1449898712
1951226631	1449898748
5502020946	1449898761
5403008673	1449898767
5203325652	1449898784
2240948771	1449898788
3378027264	1449898813
5221640601	1449898860
5520115141	1449898871
5749042347	1449898875
2263039185	1449898877
5704657434	1449898886
3990779914	1449898891
2199530261	1449898900
5520115141	1449898913
3115219543	1449898916
5318890996	1449898921
5784764539	1449898935
5512991720	1449898937
5781044194	1449898945
5760768609	1449898959
3154361607	1449898983
5706226125	1449898988
5144446469	1449899017
3636641030	1449899068
5684064986	1449899136
2815354314	1449899137
1180000802	1449899157
3059890957	1449899159
5772000679	1449899167
5748660137	1449899180
5763765391	1449899199
5395198374	1449899229
2988220375	1449899232
1927497371	1449899325
3340614942	1449899363
3608535195	1449899377
3655916690	1449899405
5748292895	1449899421
5656489005	1449899421
5425595350	1449899474
3213317850	1449899488
3692228404	1449899500
1021095741	1449899577
1835122405	1449899595
5448554019	1449899608
3185999302	1449899610
5016688550	1449899629
1460025024	1449899664
1998456251	1449899719
5675712090	1449899721
1498228777	1449899738
2084628461	1449899759
5698754085	1449899785
5234964290	1449899787
3495021453	1449899809
5694872775	1449899821
1705736997	1449899824
5307848088	1449899834
3966264141	1449899853
5662204110	1449899905
1225664622	1449899986
3975623975	1449899996
1673524092	1449900037
3659395255	1449900077
5707982327	1449900097
1752672233	1449900138
5604240162	1449900155
3198488647	1449900184
5711527848	1449900185
5629945301	1449900270
2906980333	1449900275
1854641112	1449900299
5388593716	1449900417
3173069971	1449900429
2327838742	1449900437
3803138478	1449900450
2348151663	1449900558
3179803862	1449900566
5639167971	1449900570
5703263696	1449900570
2788381754	1449900604
5330114076	1449900627
2043176655	1449900716
2910365837	1449900719
2066059125	1449900767
5504289393	1449900801
5635436483	1449900922
2958934433	1449900941
2510812133	1449901013
2961982714	1449901034
5706667340	1449901048
5319135533	1449901049
2950856701	1449901050
5458984649	1449901097
5708414178	1449901130
1866430755	1449901141
2672687873	1449901186
5104550772	1449901226
2855901525	1449901236
5727009292	1449901251
2691321762	1449901256
2073064937	1449901280
5573647730	1449901396
5600098392	1449901411
5783376387	1449901418
5729282216	1449901449
5250885751	1449901496
5695977695	1449901542
2433437104	1449901573
1955881683	1449901576
3640008791	1449901581
5750712419	1449901630
5374357952	1449901632
2099150487	1449901663
5783188818	1449901686
2484741203	1449901752
2167188525	1449901802
3468372884	1449901886
5780367054	1449901921
5393333812	1449901947
5752780218	1449902051
1634847263	1449902064
3927873037	1449902085
2265734112	1449902101
2375325015	1449902140
1747994595	1449902203
5720217011	1449902211
5665950320	1449902237
5119832867	1449902241
5334652665	1449902245
2359162503	1449902261
5720062081	1449902270
2496507747	1449902271
3979766829	1449902272
5590605780	1449902273
5036463543	1449902277
2764453037	1449902323
2934898673	1449902331
5626336430	1449902352
2797070163	1449902365
5235423104	1449902527
3805698081	1449902613
3983562182	1449902645
1834067805	1449902653
5199530091	1449902696
5594369418	1449902707
3506415204	1449902735
2174193912	1449902767
2190443915	1449902778
5663851717	1449902780
5372795440	1449902782
5728707252	1449902898
1868340933	1449902911
5531580148	1449902920
1316829447	1449902939
5395575182	1449902958
1427376881	1449902993
5666539268	1449902995
1312781535	1449903041
3965906386	1449903116
5144256160	1449903195
5234836635	1449903220
3219574390	1449903278
2944249047	1449903310
5287402776	1449903334
3409195614	1449903358
2208678902	1449903358
1861514807	1449903378
3788101303	1449903395
2271498953	1449903420
3883924174	1449903489
5666987771	1449903514
3148747271	1449903515
1909853215	1449903524
5337008276	1449903562
1897725957	1449903578
3293852537	1449903583
5172264674	1449903632
3674330384	1449903689
2005294745	1449903697
5603090210	1449903778
2870387277	1449903796
5566671738	1449903807
5454713331	1449903848
5702941608	1449903853
3487560634	1449903901
5690772658	1449903908
5016528969	1449903930
5596381049	1449903997
5673836026	1449904001
5717016229	1449904114
5596077086	1449904122
1785589667	1449904153
5134823294	1449904178
5497687780	1449904285
5145762877	1449904329
5129446235	1449904333
5367003819	1449904355
1735385655	1449904380
3905110848	1449904396
3040313054	1449904573
1971400907	1449904679
5584246502	1449904754
1818120001	1449904781
3433310790	1449904783
1724365115	1449904856
5707748364	1449904943
3218504182	1449904959
5606868529	1449904978
2599670473	1449905094
1178809971	1449905131
3218867083	1449905181
5717429051	1449905185
3832771261	1449905317
3733434661	1449905386
5719748280	1449905448
5656653017	1449905477
5690772658	1449905496
5767222734	1449905504
2685056077	1449905537
5258643327	1449905557
5764386411	1449905595
1803118895	1449905621
3902766531	1449905888
5134054578	1449905959
1634844967	1449905986
2940325133	1449905999
1835329082	1449906073
5717431559	1449906075
5494076849	1449906129
5135455339	1449906144
5498143882	1449906266
5776647969	1449906321
2959684462	1449906375
5706401636	1449906575
5507704242	1449906699
2682614250	1449906961
1409488720	1449906976
2322445931	1449907126
2741479103	1449907262
5319869064	1449907266
2699672322	1449907272
5178569215	1449907367
5754233332	1449907376
2856345962	1449907864
2009668771	1449907893
3263327964	1449907902
1909341982	1449907933
5698021429	1449907970
5711475998	1449908046
3924850114	1449908158
5737598039	1449908224
5220295103	1449908227
5777355093	1449908290
5657041176	1449908314
5594477975	1449908356
5707010441	1449908381
2366883390	1449908420
1872034163	1449908467
5706981773	1449908502
1196221333	1449908631
5783318246	1449908714
3026368700	1449908776
3733704381	1449908886
3065296161	1449909009
1762584894	1449909039
3171464421	1449909142
3179585197	1449909349
2359162503	1449909492
3092157201	1449909869
5730131025	1449910190
5706406470	1449910438
2754369725	1449910611
3687143934	1449910619
5603094578	1449910673
2434436864	1449910710
5660867861	1449911001
5784257094	1449911326
5675458304	1449911574
3218867083	1449911685
2874784297	1449911791
3566141673	1449911968
5417323562	1449912138
5786713237	1449912303
5535147568	1449912351
2518259892	1449912705
3876157802	1449912770
5729901064	1449912854
2987248483	1449913072
1941864081	1449913177
5541584636	1449913250
2248898177	1449913513
5687508986	1449913931
3355009514	1449913939
5716112824	1449914183
5715767475	1449914713
5734521912	1449914836
5658758103	1449914912
3175093244	1449915410
5694495400	1449915426
5710214018	1449915934
1737790964	1449916098
5313684418	1449916245
5773911453	1449916412
5611187342	1449916471
2787663173	1449916692
5402675322	1449917169
3313968385	1449917170
5382583402	1449917682
5626358856	1449917734
5631034244	1449917849
1776837371	1449917967
3145783544	1449918144
5567566002	1449918443
1115911744	1449919496
5695417336	1449919566
5589678393	1449919897
5637458080	1449920066
5531138070	1449920198
5572382237	1449920380
5592892672	1449920758
5598075856	1449921190
5666107376	1449921710
2661565717	1449921803
1049498891	1449922804
5611302584	1449923084
5611302584	1449923187
2391204891	1449923273
5262049071	1449923453
3701356513	1449923669
2418757673	1449923760
5731477744	1449923775
5387136535	1449924380
1860983057	1449924539
3230434195	1449924601
5788583475	1449924735
3046766343	1449924771
5662212010	1449924803
3919760037	1449924855
5770245853	1449925208
1813030920	1449925508
5615248798	1449925698
3799050407	1449925879
3252721750	1449926068
5717127309	1449926279
5655391753	1449926772
5389221166	1449927423
5379914782	1449928259
5183752388	1449928295
2365024331	1449928677
5532869087	1449929441
3630187400	1449929890
5552482538	1449930012
2161893040	1449930109
5587378783	1449930647
3879200784	1449930650
2656309317	1449930661
5730782434	1449930935
1846568801	1449930971
5657533434	1449931076
5749809792	1449931131
1258686267	1449931492
1784261137	1449931916
5068688693	1449932479
5523094813	1449933499
5693003335	1449933550
5693916870	1449933705
5516389964	1449934016
2360808322	1449934522
3106602065	1449934554
5756338623	1449935016
2570556304	1449935282
5732377758	1449935746
5765212776	1449935747
2191820342	1449936025
2076037523	1449936182
5252769420	1449937190
5327666596	1449937759
5718956437	1449938784
5748978950	1449939041
5732640602	1449939049
3091925337	1449939622
5331535952	1449942849
1151168710	1449951322
5730404670	1449961466
5639540797	1449966123
1277612140	1449966315
5368235213	1449968900
1750421437	1449970265
1944661680	1449971748
5701749534	1449972185
3807285601	1449972758
5774035268	1449974918
1031292631	1449975343
5520648595	1449979813
5747413141	1449981975
1822741335	1449982441
3181288217	1449983749
1785652067	1449983986
2048201600	1449985731
1921054562	1449989083
5791854171	1449989833
2735328013	1449990493
5721217000	1450005251
3227194555	1450006004
5654582617	1450008273
3198446882	1450008385
1250238921	1450016413
5211504889	1450016622
3840691672	1450020726
1750421437	1450028321
5611259284	1450028593
5379914782	1450057499
5733171435	1450058594
3806693006	1450064505
5752280760	1450075096
3953417494	1450078889
3977667789	1450078955
3541652521	1450080889
3216084127	1450091667
2166054133	1450130975
5738266294	1450155353
5792080366	1450155763
5724050670	1450169455
5626032208	1450272370
5648880393	1450336249
1898749205	1450337816
5752045356	1450360638
2470756055	1450363654
2267826550	1450371932
1915352997	1451525451
