1642512402	1448879402
5558982562	1448879450
5290069845	1448879451
3019396364	1448879455
5759169765	1448879488
2796711847	1448879504
5653568751	1448879510
5568792404	1448879511
5684505446	1448879512
3735151875	1448879516
5772683236	1448879521
3194057452	1448879533
3107809343	1448879558
5338209530	1448879569
5307251635	1448879576
5724282189	1448879585
5444036679	1448879589
5633320566	1448879590
5664754719	1448879598
3030828385	1448879604
5329988000	1448879605
5459107799	1448879607
5316802472	1448879615
5711192578	1448879615
3930384752	1448879619
2490493717	1448879622
1087009194	1448879623
2905525997	1448879628
5348264899	1448879649
5054841319	1448879656
5408752094	1448879669
5379050708	1448879676
85823556	1448879686
5776322683	1448879705
2532332754	1448879712
2170113421	1448879713
3216147395	1448879717
5775912448	1448879737
2469411744	1448879751
2825518601	1448879774
3801048730	1448879777
5430353095	1448879780
2134842655	1448879784
5520472028	1448879806
1659419091	1448879822
2270820931	1448879860
5631464971	1448879873
1972650641	1448879876
2488323492	1448879890
1937454713	1448879909
5553580165	1448879946
5268584241	1448879950
5367010027	1448879979
5673931881	1448879991
5695131559	1448880001
2682693583	1448880006
1768084802	1448880026
5712727851	1448880031
1829357150	1448880052
5729849478	1448880084
5573169783	1448880095
3099039397	1448880110
2728630367	1448880166
2738124837	1448880178
5332078813	1448880182
3787192722	1448880189
1992895012	1448880220
5697645373	1448880248
5733273037	1448880269
5222503111	1448880276
5158270961	1448880279
5695116095	1448880284
5158625547	1448880286
5723532745	1448880292
2484043723	1448880313
5457534564	1448880332
5745048552	1448880344
5585870364	1448880346
2970899355	1448880349
5393234971	1448880371
5624032952	1448880380
5643903833	1448880397
5713572482	1448880402
5603178360	1448880407
2002543043	1448880428
2493005662	1448880461
5434289209	1448880462
5058354110	1448880476
5020188203	1448880496
5533755042	1448880519
5498534043	1448880522
2661244767	1448880530
2320732643	1448880538
3596812620	1448880544
5297623370	1448880551
2829038414	1448880553
5752066373	1448880557
5729976904	1448880562
3189741311	1448880567
3317138670	1448880577
2398023417	1448880587
5493849931	1448880617
2256040755	1448880641
1046228913	1448880650
5722419797	1448880685
3027195797	1448880689
2449887843	1448880692
2608746163	1448880696
2875051352	1448880734
3814806863	1448880773
5764559353	1448880786
5648164909	1448880811
5241219004	1448880844
5668782833	1448880844
2267814821	1448880854
2072413343	1448880870
5687734184	1448880882
1567640351	1448880897
1873504050	1448880911
1696075662	1448880932
5713658720	1448880932
1914614177	1448880937
5564333379	1448880937
5765508164	1448880952
1972830601	1448880954
2969086400	1448880955
5353501298	1448880971
3148180117	1448880975
5541418459	1448881007
5752614400	1448881013
1800076973	1448881063
5684544886	1448881071
5723022951	1448881074
2873136310	1448881111
2536140487	1448881155
3131220121	1448881195
5337714373	1448881228
5705392467	1448881260
5335794949	1448881271
5680634429	1448881304
5724432230	1448881322
2438706640	1448881341
2661083093	1448881380
1617421180	1448881391
5722776292	1448881423
5627069927	1448881462
5200983979	1448881476
5356571187	1448881478
1990476511	1448881530
5500573768	1448881562
5609282000	1448881619
3246877014	1448881623
5032890664	1448881643
1763580625	1448881643
23321195	1448881666
1866120914	1448881718
2916580414	1448881731
5123264759	1448881739
5638903186	1448881806
5626793347	1448881838
5627076012	1448881851
3047472520	1448881876
2908806645	1448881887
3206233874	1448881895
1576939157	1448881900
5445179892	1448881944
5603320616	1448882000
3928422139	1448882000
2276390723	1448882027
1896673597	1448882044
2621919831	1448882068
2321375844	1448882071
1756322777	1448882141
5573157420	1448882202
2739362473	1448882219
1553896373	1448882267
1651209987	1448882271
5732624746	1448882282
2411253362	1448882317
5226123159	1448882345
3579636411	1448882366
5709985014	1448882392
2981422801	1448882394
1793331565	1448882401
5678305465	1448882438
5482533520	1448882452
2141856163	1448882493
5718048591	1448882495
3554552237	1448882496
1831245341	1448882500
5477628351	1448882532
1801516574	1448882560
5732812961	1448882567
2378624473	1448882640
1960224175	1448882646
1250107905	1448882679
1435951347	1448882692
5776741638	1448882704
5617465056	1448882832
5395625002	1448882841
2551009620	1448882886
2684119052	1448882908
5541640248	1448882977
5587447717	1448882983
5708483033	1448882983
5612149449	1448883028
1849684870	1448883041
2783248715	1448883114
3961923023	1448883133
5746750923	1448883136
5390911685	1448883173
5658153502	1448883175
1842852355	1448883177
3043096521	1448883247
1915708930	1448883406
3896908688	1448883470
3932594666	1448883511
5457954987	1448883513
2853251884	1448883579
2939862324	1448883614
5606950657	1448883691
3848704488	1448883693
3710866863	1448883728
5546481055	1448883756
5678181891	1448883776
2421546462	1448883863
5771610760	1448883961
3031025825	1448883966
5018798452	1448884053
5345622431	1448884074
5661602580	1448884078
5733064317	1448884110
5365455001	1448884178
5705538015	1448884178
3378008320	1448884215
3215388314	1448884222
2667943067	1448884256
5481750460	1448884277
5748801330	1448884292
3173002955	1448884294
5376348949	1448884298
2650026454	1448884309
5720797799	1448884425
3039798475	1448884455
5755975052	1448884502
5724604873	1448884536
3213148972	1448884617
5709763755	1448884640
1048950390	1448884662
5512733527	1448884683
2284199873	1448884736
5507800258	1448884739
5380003627	1448884740
2328096195	1448884764
5730344296	1448884825
5263450076	1448884853
3550873423	1448884899
5379737641	1448884919
2653487962	1448884956
5747549411	1448884964
1763722455	1448885120
5318498874	1448885284
1591109762	1448885307
5772853109	1448885355
3577731781	1448885375
3796044877	1448885420
5582662747	1448885536
2211067297	1448885607
5472994238	1448885623
1926492133	1448885715
3206821692	1448885915
1788782570	1448885938
5283908707	1448885971
3052770657	1448885986
1977151840	1448886064
2488036804	1448886105
5492002572	1448886118
3813006889	1448886236
5564089780	1448886302
5770280393	1448886310
5751519712	1448886319
3992233196	1448886361
5458155684	1448886435
1869688597	1448886470
3820168766	1448886554
5535610094	1448886555
1771498712	1448886697
1353889952	1448886920
5776746842	1448886920
5539312999	1448887095
5757161729	1448887108
1910475442	1448887230
5658508851	1448887381
1795008715	1448887406
2510867335	1448887520
5735421012	1448887604
5563457816	1448887691
1837223857	1448888005
3955557698	1448888580
2566508595	1448888687
5297639899	1448888716
5640184827	1448888807
2799598445	1448888867
2191870291	1448888867
5498023943	1448888943
5261268655	1448889088
2975185405	1448889123
5662184812	1448889177
5285575131	1448889326
3936741716	1448889341
2486815690	1448889499
3206429161	1448889525
5738060673	1448889667
2449295364	1448889685
5352613383	1448889805
5542202810	1448889854
1634678002	1448890102
1686757132	1448890234
3820229178	1448890345
3317137504	1448890352
2244981974	1448890537
5706627175	1448890562
5678309044	1448890595
5282257415	1448890633
1774657462	1448890674
3089054967	1448890848
3414242394	1448890926
2576569155	1448890972
2179525985	1448891080
2660826677	1448891101
3054274360	1448891146
5705585207	1448891174
5703703667	1448891204
2051082673	1448891328
5054186912	1448891338
5238128491	1448891344
2720479511	1448891586
5072731357	1448891725
2747355005	1448891742
2849071124	1448891905
5738068706	1448892111
5512506853	1448892692
1105143645	1448892811
2825316900	1448892836
1497940760	1448892889
3777772557	1448893185
3770970874	1448893544
1733584075	1448893591
1135982945	1448893605
5342297822	1448893748
2601505063	1448893784
5362904094	1448893938
3250013397	1448894012
5747668905	1448894031
3304869071	1448894115
5706439001	1448894282
1969225393	1448894436
3612740021	1448894486
2402346612	1448894713
2453733825	1448894830
1846676835	1448894967
5034086365	1448894968
3835436654	1448895063
2010137193	1448895731
5400718400	1448895776
5705250929	1448895923
1064230970	1448895987
2106792643	1448896065
1923641634	1448896268
5683717013	1448896308
2242619534	1448896633
2071899157	1448896997
5675128371	1448897162
5634960197	1448897217
5611263870	1448897583
2049594007	1448897593
5743138432	1448897646
1701342990	1448897945
1944490983	1448898005
3424537430	1448898011
3053730485	1448898082
2779120615	1448898180
5671360443	1448898476
5588549470	1448898795
5602296009	1448898833
2472814911	1448898845
2071899157	1448898996
5592449331	1448899205
2669182401	1448899496
5407842494	1448899685
1625334572	1448899959
5519809357	1448900152
2117833847	1448900536
5049791821	1448901632
5765200191	1448901714
1863609170	1448901835
3929719743	1448903576
2473550912	1448903715
5605266837	1448903825
5589736309	1448904094
2157703170	1448905122
2804565090	1448912827
3124146921	1448917067
3481587617	1448921575
1904277843	1448924083
5697231100	1448924276
2381280755	1448924744
5522625574	1448925867
1777427442	1448927456
5721622658	1448927577
2392319920	1448928265
5769266036	1448928976
5670122774	1448929360
1390942454	1448929847
2108573997	1448930172
3846061716	1448931025
3601094160	1448931038
5639178463	1448931517
5775139668	1448932190
5099706193	1448932280
5384123565	1448932612
5387384321	1448933182
3993585432	1448934117
5711059592	1448934612
1787214061	1448935437
2808700717	1448935587
5699430601	1448937044
5483418892	1448938960
5595890330	1448939699
5564458508	1448942650
2187277937	1448942695
5605035583	1448944412
1787394132	1448945340
5738756682	1448946080
2966369874	1448950202
1989987334	1448951462
3959545698	1448954274
2263642147	1448958536
3941067318	1448961286
5311955525	1448962817
3825686549	1448977070
1079742463	1448985779
2468379767	1448987863
3965748177	1449009590
5542096512	1449020465
1975202970	1449028188
3516995535	1449030791
5281836680	1449041258
5728029077	1449054205
3180253505	1449069672
1993425035	1449110065
1265978923	1449156482
3907445129	1449203718
5780232393	1449211239
5610196396	1449223492
3185329057	1449269740
5749007835	1449279156
5321185423	1449416939
5711535389	1449450190
