2656274875	1448887259
2720679735	1448887271
3054567101	1448887284
1732813437	1448887296
2850970081	1448887299
1927475694	1448887301
2112978223	1448887305
3632305114	1448887307
2784694881	1448887314
2665704041	1448887319
1644710280	1448887321
3695041065	1448887323
5131601292	1448887327
5251482390	1448887330
5016772610	1448887334
1876064655	1448887339
2812910620	1448887348
2342570875	1448887365
1786677490	1448887366
2425080673	1448887367
1148278270	1448887369
3541652521	1448887371
3227924195	1448887375
3255240430	1448887382
5413541239	1448887387
1953340665	1448887394
1952480294	1448887400
3054318555	1448887410
1908324695	1448887414
1326163814	1448887419
1743102137	1448887427
1300750002	1448887429
1991605141	1448887435
1644420274	1448887443
3217367672	1448887443
1733002883	1448887444
3949993326	1448887444
3607700783	1448887450
2451518423	1448887466
1972422541	1448887469
3896105636	1448887474
5550452698	1448887476
1715218017	1448887485
2412218745	1448887492
2093015960	1448887501
1664765202	1448887503
2875138900	1448887517
1876548247	1448887520
2528729061	1448887521
3306130013	1448887523
2594418550	1448887532
1829956520	1448887541
2565483647	1448887543
2233064330	1448887549
3976217578	1448887561
5660982070	1448887565
5042557265	1448887571
1876115073	1448887572
2589335290	1448887575
5117112853	1448887576
2080943865	1448887582
1684976672	1448887582
1734563131	1448887583
1462250547	1448887584
2729738841	1448887585
5592290911	1448887589
3376739984	1448887591
1921627931	1448887600
1847303280	1448887603
1921627931	1448887606
1921627931	1448887613
1921627931	1448887619
1921627931	1448887625
1634499392	1448887625
3260865592	1448887631
3547878191	1448887632
3193447743	1448887633
1921627931	1448887633
2853847092	1448887642
1659523633	1448887647
5343905296	1448887648
5698316810	1448887651
3907887274	1448887651
1921627931	1448887652
2464784692	1448887654
1827713390	1448887659
3095612611	1448887659
5387526225	1448887670
5265022784	1448887672
5698557207	1448887673
1968536355	1448887682
3412775320	1448887685
1247878724	1448887687
5678354151	1448887697
2417537693	1448887702
1652986661	1448887719
5479657541	1448887719
2004021393	1448887722
3426703474	1448887728
2754815515	1448887736
5655666831	1448887741
5509835864	1448887742
3102300901	1448887748
2311880457	1448887755
3207305582	1448887759
2354172155	1448887764
5642777756	1448887768
1893965850	1448887779
1709413160	1448887784
2326286305	1448887787
1829714901	1448887792
3290470760	1448887799
2382523545	1448887807
5080342492	1448887812
3931459667	1448887814
2770191275	1448887834
2565938812	1448887840
1961516321	1448887845
2394975153	1448887846
1804043683	1448887849
5315427898	1448887877
2865404962	1448887887
2277650621	1448887902
3874070952	1448887905
2022599967	1448887910
1928065531	1448887911
3947407589	1448887914
2424210615	1448887917
2610531745	1448887924
5757803387	1448887926
5668970388	1448887943
3673992685	1448887956
5100352226	1448887959
1829792524	1448887969
3896380685	1448887976
3187289222	1448887980
1952579085	1448887982
1965175661	1448887983
3031128267	1448887985
5734627411	1448887989
1764970734	1448887990
3731435602	1448887991
1931386893	1448887997
5026156714	1448888021
1896107715	1448888024
1495815653	1448888035
3574110520	1448888064
2354431861	1448888086
1701418237	1448888091
1895097012	1448888093
2944898141	1448888095
2514228432	1448888097
3089613351	1448888125
1960488855	1448888125
5729514871	1448888153
2695221387	1448888158
1194969773	1448888164
2890227214	1448888182
3149831800	1448888191
1883931007	1448888201
1621449594	1448888203
2759399535	1448888203
2096611063	1448888206
2806461222	1448888208
5746215578	1448888221
3888858994	1448888227
2881027445	1448888245
5563995832	1448888268
3155933140	1448888269
1686370840	1448888270
3780179990	1448888271
5695977695	1448888273
2746355137	1448888277
5769902434	1448888288
1696384422	1448888288
2625734097	1448888318
2536858283	1448888324
3579800370	1448888339
2281843391	1448888342
3659233260	1448888356
1770610335	1448888360
2338235427	1448888389
2041424804	1448888393
2046819575	1448888396
2309605324	1448888408
1011435163	1448888412
1884024434	1448888415
5656323095	1448888426
5776049026	1448888442
5776049026	1448888461
1131328262	1448888477
3309409311	1448888482
3298843733	1448888504
1253909240	1448888514
2721350071	1448888520
2610756717	1448888591
3579582914	1448888594
2744771680	1448888607
2097227332	1448888610
2494470502	1448888652
1859902727	1448888680
3029238541	1448888689
2271900324	1448888689
5487057024	1448888698
1747890322	1448888726
2034998063	1448888731
2756985945	1448888741
2834709530	1448888762
1067206025	1448888800
5077238981	1448888828
1662375084	1448888842
2656274875	1448888860
5034837744	1448888861
5768404102	1448888875
1683676467	1448888880
5249578988	1448888882
1955097905	1448888882
5318316980	1448888885
2339299744	1448888885
3502102472	1448888888
1840700784	1448888890
5425761799	1448888892
2709599104	1448888895
2936277011	1448888895
1946119724	1448888902
3014244775	1448888903
3157424971	1448888907
3511393152	1448888908
2265611405	1448888910
2121934984	1448888912
1773694384	1448888914
1805612735	1448888919
1012213292	1448888919
2375847731	1448888926
2958527455	1448888926
5640439520	1448888928
1045787410	1448888931
2276242045	1448888932
5707829746	1448888932
2249921607	1448888933
3856341288	1448888936
2576814567	1448888938
3183510280	1448888940
1154643137	1448888940
5776049026	1448888947
3973401450	1448888948
3709099011	1448888950
1614387884	1448888952
5362139635	1448888953
1773180355	1448888955
5457136604	1448888956
2363930450	1448888961
2534221223	1448888962
2806685757	1448888963
3313504334	1448888966
5631972955	1448888970
1823637325	1448888970
2455072197	1448888970
2179167085	1448888971
5264505042	1448888982
1015508225	1448888986
2264190960	1448888987
5316328062	1448888993
2431833783	1448888993
1297387334	1448888995
5646527442	1448889003
2383170065	1448889004
5453920031	1448889007
2630317037	1448889011
5646305526	1448889011
5114073154	1448889017
3191717513	1448889020
5295589235	1448889024
5591198745	1448889024
5646527442	1448889024
2450202444	1448889029
5688418479	1448889033
2118549161	1448889037
5398532487	1448889039
2293837397	1448889044
5721708623	1448889048
5092384018	1448889055
3855594980	1448889056
3994453330	1448889059
5750413237	1448889059
5381237804	1448889066
1257615012	1448889070
1446995720	1448889073
2170767490	1448889080
2708198351	1448889081
1827015597	1448889094
3815921023	1448889102
2818616883	1448889102
2943792640	1448889103
5547722536	1448889105
2394286580	1448889105
3151834787	1448889105
1423943622	1448889109
5135217174	1448889109
2874434223	1448889115
3223344681	1448889120
3151834787	1448889129
5745004885	1448889129
5528027904	1448889131
5514816267	1448889131
5310353206	1448889134
3214084823	1448889140
1843687291	1448889156
2133418937	1448889158
1213625653	1448889170
5690261939	1448889181
2276952904	1448889182
2092104701	1448889185
1681813075	1448889189
3642954170	1448889193
1214428161	1448889193
2600427471	1448889198
2669202963	1448889202
1034721585	1448889205
1762969927	1448889213
1744591944	1448889217
5065559386	1448889219
1357060065	1448889226
2230409825	1448889235
1051081212	1448889242
5440211928	1448889243
3754417415	1448889246
3136672460	1448889254
5337262777	1448889254
2817037334	1448889255
2709035331	1448889259
1969879097	1448889260
5227892154	1448889262
2250596725	1448889267
5136401823	1448889271
3775462055	1448889273
3905629831	1448889273
1997500471	1448889281
2179028214	1448889284
2827820621	1448889287
5348395624	1448889300
2217289742	1448889308
3113347950	1448889316
5374564186	1448889320
5040319205	1448889321
3481036055	1448889323
3203019687	1448889324
5747223197	1448889332
2752761515	1448889338
1971339617	1448889338
5294691644	1448889341
5207937331	1448889344
3953723340	1448889351
1905047347	1448889354
2366884522	1448889355
5183234151	1448889356
2366884522	1448889362
5537898177	1448889363
5206536217	1448889363
5104996834	1448889369
1898261945	1448889376
1658258853	1448889394
3546689724	1448889394
1651784572	1448889395
2214061775	1448889409
3898117282	1448889417
2275662272	1448889419
5186285350	1448889420
5548251635	1448889423
2958967357	1448889424
5099834033	1448889424
1777032112	1448889424
3303038095	1448889427
3607945822	1448889451
2186980282	1448889453
2650278467	1448889458
2390628221	1448889472
2619847473	1448889474
5227582820	1448889478
3362058700	1448889480
1918024057	1448889484
2638185721	1448889494
5277521231	1448889496
2256090545	1448889496
2233183517	1448889498
1610189151	1448889520
5729394124	1448889531
2674783181	1448889533
5719796929	1448889547
2969200837	1448889551
5639909319	1448889556
2728145923	1448889566
2609756423	1448889572
3198373650	1448889584
5559128169	1448889586
3157932590	1448889586
2249894932	1448889588
2321436691	1448889594
1773225963	1448889597
3895419055	1448889599
5771515597	1448889600
5611419419	1448889601
3177225071	1448889602
5067995036	1448889613
2687915411	1448889616
1655088294	1448889627
3027258063	1448889629
5076540028	1448889630
1970276392	1448889637
1198217767	1448889643
2710959675	1448889647
1360633961	1448889668
1366562672	1448889677
3873935571	1448889687
2913532415	1448889689
5041857415	1448889694
2951645792	1448889701
5248530628	1448889719
1891595435	1448889719
1352342424	1448889720
1818350831	1448889729
5226336822	1448889732
1831883975	1448889735
1652870507	1448889737
3625837952	1448889751
3275855220	1448889756
5546517802	1448889756
3930080873	1448889762
3023635932	1448889773
5628290844	1448889777
5742922099	1448889781
5144677633	1448889792
5721522613	1448889793
5738004197	1448889798
1829792524	1448889798
2382404595	1448889800
2072625143	1448889809
3027032521	1448889813
5225652030	1448889819
3274094232	1448889825
5643491412	1448889828
1304895783	1448889831
3089069544	1448889832
1266497212	1448889844
5587116829	1448889845
1652942322	1448889862
5497219417	1448889867
3190560065	1448889867
3729990527	1448889877
5517159129	1448889883
1343909662	1448889885
1730962030	1448889886
3961921426	1448889892
5025621519	1448889898
2186176771	1448889901
5335393414	1448889903
2434759663	1448889929
5191199804	1448889930
1699475907	1448889935
3038179890	1448889945
1217047514	1448889952
1104962765	1448889963
3310826900	1448889963
1683102982	1448889978
3105186124	1448889981
2683817501	1448889985
5647342456	1448889986
1182535451	1448889988
2295178721	1448889990
1727850485	1448889997
5559408079	1448890011
2162639341	1448890019
5761285869	1448890032
5345419638	1448890033
1773441653	1448890034
5253378784	1448890035
3183596000	1448890039
1650158042	1448890049
5743027038	1448890056
2603163581	1448890060
3613056995	1448890075
2244228810	1448890079
5449823414	1448890084
3234522115	1448890096
2881180192	1448890098
3164115703	1448890110
3234522115	1448890114
2743928741	1448890146
1728907612	1448890153
1734461933	1448890176
3203791204	1448890180
1727976131	1448890185
3182520874	1448890194
3173130753	1448890196
2714054023	1448890212
3831835499	1448890213
2949548694	1448890230
5497219417	1448890240
5403147307	1448890243
1789803681	1448890244
5586683338	1448890265
2573402253	1448890266
5754008350	1448890272
5652775622	1448890291
1940793821	1448890302
5684718216	1448890307
3168627532	1448890341
2004290005	1448890353
3607303320	1448890362
2309605324	1448890363
1516657190	1448890364
3214799370	1448890366
3926970179	1448890373
1744535787	1448890374
3242063164	1448890377
1759078861	1448890398
2750706963	1448890406
5341957331	1448890418
2599664510	1448890422
3365392634	1448890439
2815854681	1448890440
2237988081	1448890452
5724730747	1448890459
2393208831	1448890522
3185749252	1448890524
1053380520	1448890525
2650802214	1448890527
3791221304	1448890533
5300155734	1448890552
2313214172	1448890555
3159384634	1448890556
5386426938	1448890561
3823559253	1448890562
3115878973	1448890581
1873141325	1448890585
5181708631	1448890586
2887493633	1448890599
1743585973	1448890602
5217944324	1448890614
2476652101	1448890616
3135635813	1448890627
5139982695	1448890629
1759048031	1448890629
2645126881	1448890631
5449583302	1448890633
2487473593	1448890645
1583116883	1448890687
3518412623	1448890689
2842207453	1448890694
5705920291	1448890707
2266363371	1448890719
2887178405	1448890740
5219359695	1448890742
1220246462	1448890756
3943707694	1448890784
5287186094	1448890803
5315503024	1448890807
3805758368	1448890817
1810301383	1448890836
3974322977	1448890840
1875456787	1448890843
2756257953	1448890845
1864077807	1448890853
2471719253	1448890853
5579440973	1448890859
3203701987	1448890869
3966119050	1448890875
5315503024	1448890881
1866944701	1448890882
2785889440	1448890885
1700546075	1448890924
5014771689	1448890927
2033808382	1448890929
2762114504	1448890930
5362388615	1448890940
5178858758	1448890944
1778550817	1448890957
3262106624	1448890969
5543119241	1448890973
5602826490	1448891004
5312009573	1448891009
3743057342	1448891014
1704832950	1448891024
3509677214	1448891027
1897510884	1448891033
1232627922	1448891038
2642042085	1448891040
5156597971	1448891041
5602150017	1448891043
3926327828	1448891050
1958927122	1448891055
5478810112	1448891080
2496720857	1448891089
3199716110	1448891096
2644564201	1448891130
3179148732	1448891156
2282960951	1448891161
5415884765	1448891162
2470748105	1448891163
3712995045	1448891163
5485582661	1448891167
2946916695	1448891168
1804150257	1448891172
2610756717	1448891191
5111740164	1448891194
5637603144	1448891197
2829954691	1448891201
2457599142	1448891205
2970028705	1448891210
5341977213	1448891223
5705925529	1448891239
2759650665	1448891246
1405445797	1448891251
2330337152	1448891262
5532378777	1448891283
2330337152	1448891286
2735686971	1448891286
3635598460	1448891297
3556271280	1448891298
3109664295	1448891309
3218593281	1448891316
2849467083	1448891319
3290351571	1448891320
3926805929	1448891327
2801091287	1448891335
1678786531	1448891340
3754910234	1448891343
2284663792	1448891366
1797043792	1448891402
3304801265	1448891423
2435837502	1448891468
2727039925	1448891476
2865605574	1448891479
3800176343	1448891499
1154724867	1448891512
1042446445	1448891513
2595186791	1448891532
3145713862	1448891543
5283228950	1448891546
5138260053	1448891558
2772425121	1448891589
1654472040	1448891598
3627902881	1448891623
3217729550	1448891644
3192045747	1448891657
3843012292	1448891678
3861581841	1448891681
2644564201	1448891712
3649089530	1448891713
2832279640	1448891721
1724514843	1448891722
5457257617	1448891725
5176599323	1448891732
2624600887	1448891737
1879867731	1448891739
2897956785	1448891742
5761028374	1448891758
5577191620	1448891769
1831061385	1448891774
1996062487	1448891783
3049294847	1448891783
3925478038	1448891786
2769974887	1448891789
5460155004	1448891803
2643284997	1448891815
5690261939	1448891819
2691633131	1448891825
5397761767	1448891843
3213104515	1448891844
5114492524	1448891858
1775308252	1448891861
2234085567	1448891866
1928065531	1448891872
5480560740	1448891875
5589703936	1448891897
1715441004	1448891898
3837597386	1448891907
1728943091	1448891907
2165472437	1448891951
3648959645	1448891957
3854798761	1448891959
1970248775	1448891963
2453373327	1448892000
5684294939	1448892008
1904878475	1448892012
2696646574	1448892037
2154045345	1448892042
5584270015	1448892052
2946647981	1448892057
3956634033	1448892059
2941815747	1448892097
2020418751	1448892105
3164250381	1448892110
2715964551	1448892112
5742999732	1448892118
5283730961	1448892137
2301609423	1448892147
5075957045	1448892159
3176001960	1448892179
5491421221	1448892213
2908056877	1448892245
5503871700	1448892246
5102686412	1448892259
5448331546	1448892261
5318124991	1448892262
5239864035	1448892272
3112775027	1448892287
2435198570	1448892313
1637372422	1448892326
2733923073	1448892364
2525617913	1448892384
5444453125	1448892396
3270070184	1448892402
5672704705	1448892408
5547199632	1448892422
1762303292	1448892431
5749772258	1448892436
5127368401	1448892447
5749772258	1448892492
1978253455	1448892497
3145498371	1448892527
1558063655	1448892551
5745596494	1448892556
1652597717	1448892578
5177834270	1448892578
2085669381	1448892609
2944011425	1448892631
1965697667	1448892641
2176592504	1448892644
3205089792	1448892658
5626611775	1448892674
1900551007	1448892688
1749657040	1448892690
3082875931	1448892701
1254701780	1448892701
3426346614	1448892748
5588573963	1448892759
5391626656	1448892783
2973801525	1448892783
2135500351	1448892786
5165641951	1448892786
2009109053	1448892816
3963972389	1448892835
5363078487	1448892841
1966512091	1448892844
2621224523	1448892845
5115265272	1448892846
1640764240	1448892847
5631710826	1448892896
3117985655	1448892907
3328275350	1448892918
5419470114	1448892958
3902773317	1448892960
5631710826	1448892964
1709722332	1448892976
2138372700	1448892986
1895940461	1448893027
2708774407	1448893056
2669168547	1448893068
1748587611	1448893111
5608321741	1448893174
5222990906	1448893193
2864227112	1448893208
3732149434	1448893213
5386661846	1448893215
1825305313	1448893217
1744732351	1448893221
1271556235	1448893251
5505355433	1448893262
5349875283	1448893265
5151575398	1448893297
1764924820	1448893340
5710635808	1448893345
5733169989	1448893434
3517087265	1448893439
3756884723	1448893457
3965007545	1448893458
3517087265	1448893460
1689976457	1448893497
5346859542	1448893497
5655317449	1448893511
2990041577	1448893575
2702778652	1448893575
2291528630	1448893608
2786702692	1448893622
1765814845	1448893639
2027607163	1448893662
5466863778	1448893686
5430307428	1448893703
5703154747	1448893725
2631188013	1448893751
1867644223	1448893752
2330279191	1448893759
5731551994	1448893773
2690307515	1448893859
3816731329	1448893911
2837343927	1448893912
3233010184	1448893912
1901878575	1448893918
5380238845	1448893919
5558713513	1448893932
2342899151	1448893946
5414441404	1448893976
1955866134	1448893990
5483502457	1448893994
5760093305	1448894034
5182085035	1448894042
5760093305	1448894077
2956926597	1448894097
5733625554	1448894122
5696627733	1448894127
5714555489	1448894165
5649014354	1448894188
5457133967	1448894192
3184766423	1448894234
5408583434	1448894277
1808924932	1448894297
3689260545	1448894309
5400633500	1448894311
5721425811	1448894323
5293001639	1448894330
2422738337	1448894332
5656290266	1448894386
5284854607	1448894418
5676082253	1448894425
5340175062	1448894489
5529877417	1448894525
5268348754	1448894540
5625521525	1448894565
5128065847	1448894568
2611306097	1448894593
3834947477	1448894656
3912085139	1448894657
3033561182	1448894680
2794216697	1448894689
2926086955	1448894702
2658287071	1448894751
3117890195	1448894764
5181444482	1448894778
2409827704	1448894817
5757937623	1448894832
5656573319	1448894852
3118965220	1448894891
1279927425	1448894912
5153741626	1448894922
2821707567	1448894925
2767867745	1448894937
3925528888	1448895005
3129175923	1448895009
1322486133	1448895020
5655571595	1448895021
5547331898	1448895070
2665507641	1448895082
5744289100	1448895091
3757246841	1448895140
5355520748	1448895143
2572251644	1448895174
3854750583	1448895192
3847598380	1448895193
3390609944	1448895231
2678637497	1448895257
2303527911	1448895263
3108298081	1448895282
1588393877	1448895325
5178363467	1448895327
2526551585	1448895338
1913902164	1448895360
1883177881	1448895383
3001805801	1448895447
5134810345	1448895469
5077693785	1448895532
5351153907	1448895568
5768247659	1448895616
2119290427	1448895638
5507833006	1448895674
2479735537	1448895707
2341569950	1448895710
1927321625	1448895788
3545668113	1448895788
3962109492	1448895807
3093836387	1448895819
3721172971	1448895838
5369392946	1448895842
1965131541	1448895848
1547032115	1448895851
5144347275	1448895873
3101893887	1448895883
3784777855	1448895890
5388307608	1448896017
2479803745	1448896033
2047802494	1448896069
5199922993	1448896083
3992564477	1448896088
5273014756	1448896102
1989723775	1448896160
5271027079	1448896211
2207127573	1448896303
3771114982	1448896332
3771114982	1448896337
5736828461	1448896342
2556895634	1448896416
2140836553	1448896484
5283567644	1448896489
1962960943	1448896492
3052045224	1448896504
2736024810	1448896505
5652181978	1448896516
2557756155	1448896526
3455355740	1448896562
3201831140	1448896584
3450511762	1448896775
5531551839	1448896784
3913749107	1448896785
3948072094	1448896814
3204913774	1448896915
2142286480	1448896947
2750531903	1448897064
1760239614	1448897064
3744042043	1448897078
3975584529	1448897080
1775038214	1448897083
1843490643	1448897085
3054290837	1448897085
5358801817	1448897096
3141231183	1448897108
5631906064	1448897117
5455546121	1448897162
2118077367	1448897179
5068531982	1448897217
3889771316	1448897227
2445448415	1448897228
2692678197	1448897235
1711877072	1448897244
5600003259	1448897263
3690361934	1448897277
5631906064	1448897349
1962665821	1448897375
1947359051	1448897379
2209597353	1448897385
5182346576	1448897449
1677873500	1448897532
1295738335	1448897533
5144735572	1448897633
2497158530	1448897650
1918768093	1448897658
5144735572	1448897663
5276652052	1448897827
5585976724	1448897842
2289749403	1448897912
3535221152	1448897946
3291235315	1448897956
5295421937	1448897965
1750341431	1448898014
2434416825	1448898022
5000080720	1448898047
2842470311	1448898074
3234395831	1448898112
3313665031	1448898118
5602021160	1448898185
5756742240	1448898211
5411473575	1448898235
2988079892	1448898240
5669918434	1448898256
2792578760	1448898301
3053928651	1448898323
2268619092	1448898332
3204608127	1448898353
1930919395	1448898411
2457967654	1448898476
2347759445	1448898478
3873262297	1448898521
3195329463	1448898528
1884667155	1448898546
1747270715	1448898557
5742501067	1448898612
2233421711	1448898640
5645688993	1448898652
2023300145	1448898656
3098199621	1448898682
2693834057	1448898760
5494104152	1448898764
5219993985	1448898787
3484335444	1448898940
5017410355	1448899025
5029917646	1448899090
1314154460	1448899214
2672655603	1448899241
5293161503	1448899417
2231744270	1448899484
2787746701	1448899544
2162256901	1448899596
5340227420	1448899891
2678670853	1448899926
5114364509	1448899962
2793746115	1448900039
3227033402	1448900052
2437513820	1448900057
1809440820	1448900074
5701390116	1448900263
2122727604	1448900387
3188421234	1448900504
1648895014	1448900512
3011214657	1448900519
3862595022	1448900540
2676383647	1448900551
3962913630	1448900561
3881560507	1448900706
1877063143	1448900888
2690280911	1448901003
1778248794	1448901162
3488996172	1448901189
3095408017	1448901419
1654642927	1448901431
2557451403	1448901448
1932094260	1448901455
5385551849	1448901649
5279500976	1448901766
3892477479	1448901829
3668749015	1448901922
1802638937	1448902008
2002540491	1448902019
2205664580	1448902050
3836342678	1448902080
3318532641	1448902082
5451280984	1448902175
5265022784	1448902227
5437810282	1448902242
3861559800	1448902330
3148072617	1448902449
5152730419	1448903595
1103442997	1448903597
2735839965	1448903715
5750855875	1448903930
3873186359	1448904762
3266328920	1448905775
5461059625	1448906200
5461059625	1448906244
5761114331	1448909045
5152467870	1448909072
5069395270	1448910622
3116520243	1448910640
2281858587	1448911686
3180662823	1448916270
5036793386	1448917018
2443042675	1448917490
2468389953	1448922235
2042236401	1448923123
5711369527	1448923672
2438252844	1448924632
5239722028	1448924790
5133306652	1448926517
1306090044	1448926522
5699592896	1448926830
2977263650	1448927264
3950744626	1448927376
5226298479	1448927654
2180784310	1448927785
5476866648	1448927855
5209973705	1448927949
3946327045	1448929675
2238532410	1448930541
3101618941	1448931051
3463148344	1448931362
1894670591	1448931640
3263995385	1448931673
3888706075	1448931719
2289526871	1448931766
5772439987	1448931789
5652933123	1448931991
2932931097	1448932015
3674330384	1448932184
5575565660	1448932226
5135214125	1448932262
1569588525	1448932447
2156564602	1448932469
1569588525	1448932480
1198348393	1448932715
2122793705	1448932733
3459227460	1448933149
2451021304	1448933173
5187178561	1448933356
2701066540	1448933589
3203109062	1448933692
2304292922	1448933822
2902698643	1448934098
3215289514	1448934284
3215289514	1448934287
5590925740	1448934431
5018394918	1448934467
5149866060	1448934895
1076120275	1448934955
2981176767	1448935214
2927741557	1448935329
2927741557	1448935340
3806693006	1448935361
3806693006	1448935366
1605772040	1448935548
5653570295	1448935663
2933090371	1448935817
1911199937	1448936024
2806910224	1448936239
3215446052	1448936373
5096947639	1448936564
3980057994	1448936625
2837198350	1448936794
5726647116	1448937113
2796053801	1448937312
3463285332	1448937375
1649465805	1448937558
3391187114	1448937829
5130597404	1448938021
5580807267	1448938145
5580807267	1448938157
2793021953	1448938301
2768737611	1448938737
3741245597	1448938768
1834318075	1448938997
2529334817	1448939006
1627616224	1448939869
5562341478	1448939873
3391187114	1448939949
2282088720	1448940703
3970253952	1448942030
3970253952	1448942047
1883892767	1448942794
5595902966	1448945320
5211125688	1448945334
3411660790	1448945630
2008922563	1448946527
1764970734	1448946671
3559925024	1448946910
5101138971	1448947436
1960325335	1448948568
2103723073	1448948979
2364451831	1448949660
3720816113	1448949966
5661957336	1448950407
5661957336	1448950410
1168813714	1448950846
1403923872	1448951431
1852164330	1448952232
2448392055	1448952655
1762151614	1448955628
1577347703	1448956134
5405351541	1448958184
3023033520	1448959746
3023033520	1448959753
2897796164	1448961876
2897796164	1448961885
3672293717	1448963479
2239642657	1448964595
3033520564	1448968122
3564166915	1448972581
1824829992	1448973151
3721287631	1448977666
2268538071	1448978246
2368935592	1448982767
1394638660	1448983392
1803249913	1448989900
5776474967	1449010062
1774085273	1449012141
1134595100	1449019052
5743550916	1449024731
5399287780	1449035508
1801249377	1449044236
1781849574	1449078498
3060418747	1449108388
3060418747	1449108403
3788963655	1449184392
5733286853	1449188129
3962257196	1449197022
5176564601	1449201039
5176564601	1449201044
5528689977	1449222042
3613056995	1449366526
1657148273	1449561213
1871988912	1449622494
1804827903	1449664186
3150857083	1449928625
1812719873	1450713043
