5291032498	1448190003
5737867164	1448190062
5710148254	1448190077
5513700889	1448190099
5413788369	1448190105
5364321653	1448190106
5084753166	1448190140
5245345983	1448190156
5533480038	1448190172
5646089782	1448190207
5677524343	1448190215
5532875095	1448190226
5729711834	1448190232
5674661139	1448190234
5605462952	1448190248
5745002114	1448190258
5717265902	1448190275
2022196457	1448190283
5629258135	1448190294
5725449491	1448190319
5762820136	1448190364
3904667725	1448190370
5713621091	1448190376
5680718780	1448190378
5690272468	1448190380
5736426959	1448190381
5723348905	1448190383
1004632864	1448190389
5672570585	1448190419
5738366155	1448190419
5088443058	1448190420
5605440778	1448190434
5708849326	1448190436
5685100723	1448190442
5720082364	1448190448
5651238405	1448190455
5758118116	1448190458
5706534692	1448190459
5685754475	1448190467
3931573947	1448190473
5585919721	1448190482
5651316140	1448190484
5487424972	1448190495
5756717967	1448190497
5729399506	1448190500
5648903707	1448190501
5068006817	1448190504
5731630650	1448190505
5272600621	1448190510
5684538187	1448190522
5563650550	1448190522
2031219781	1448190528
5684538187	1448190531
5746180216	1448190537
5243445675	1448190542
5687951670	1448190545
5457936335	1448190547
5716300323	1448190553
5694912516	1448190558
3202286523	1448190562
5644776619	1448190562
5593572592	1448190562
3608223824	1448190565
5248199310	1448190568
5680496582	1448190587
5747405343	1448190589
5679564841	1448190589
5706881945	1448190591
5643556356	1448190605
5688177598	1448190608
5762777188	1448190613
5760151159	1448190614
5760429407	1448190617
5732706701	1448190620
5613382403	1448190623
5737528521	1448190628
5746559857	1448190629
5660683848	1448190632
5660510777	1448190635
5375800443	1448190636
5453211667	1448190638
2013075797	1448190643
5711456781	1448190649
5710812124	1448190659
3978619275	1448190668
5640047360	1448190680
2729449653	1448190682
5637347271	1448190689
5745228727	1448190693
5395823102	1448190693
3559787534	1448190707
5568245721	1448190713
5693486801	1448190717
5728079305	1448190719
5692305913	1448190726
5399450613	1448190734
5723591963	1448190739
5763455048	1448190745
5757079928	1448190746
5648517150	1448190747
2947186545	1448190748
5713541677	1448190749
5749807436	1448190774
5722945501	1448190775
5217713840	1448190786
3289844080	1448190790
5722945501	1448190791
5646808364	1448190792
5738235725	1448190798
5748870062	1448190803
5746407035	1448190813
5178713523	1448190816
5664418258	1448190825
5710640330	1448190831
5697326729	1448190840
5720832044	1448190850
5737725850	1448190855
5688676020	1448190868
5626112061	1448190876
5714694739	1448190876
5748110214	1448190882
5673227916	1448190888
5593397149	1448190900
5757933953	1448190906
5671007179	1448190907
5633982791	1448190923
5583574143	1448190926
5681634486	1448190934
5737213339	1448190938
5247479103	1448190942
5701872381	1448190942
5677635945	1448190947
5146379831	1448190957
5706658023	1448190977
5545618192	1448190978
5644226280	1448190979
5371263479	1448190986
5752301187	1448190988
5575358057	1448190988
5760434650	1448190998
1798652075	1448191011
5670565904	1448191014
5524874557	1448191020
5588976779	1448191041
2061201384	1448191056
3269415573	1448191056
5697885179	1448191074
5213109341	1448191077
5590987628	1448191095
5750915571	1448191097
5723909107	1448191100
5616477706	1448191120
5745091968	1448191167
2599376857	1448191171
5176715871	1448191178
3973668507	1448191186
5736539571	1448191193
5606725067	1448191194
5648169801	1448191200
5759173496	1448191201
2560477554	1448191206
5647170695	1448191224
5584713889	1448191241
5079531730	1448191272
5604602135	1448191277
5148672898	1448191288
5602421138	1448191290
5712728481	1448191292
5551623534	1448191312
5690352540	1448191323
5642742292	1448191325
5614511937	1448191354
5611055931	1448191357
5468320881	1448191369
5671373736	1448191370
5391708129	1448191372
5024401746	1448191372
5730849392	1448191389
5671611581	1448191391
2412017154	1448191392
5596312732	1448191399
5720910602	1448191409
5752240231	1448191413
5163384707	1448191418
5699748414	1448191421
5709533291	1448191438
2010080825	1448191440
5725491213	1448191450
5635808264	1448191471
5654288402	1448191483
5749842600	1448191496
5677183564	1448191499
5660249373	1448191503
5750049323	1448191506
5720313903	1448191517
5663567805	1448191528
5636049700	1448191542
5728692141	1448191542
5529407083	1448191548
5743576767	1448191555
5703037430	1448191568
5707875990	1448191574
5731486344	1448191582
5749842600	1448191582
5677356625	1448191586
5653483766	1448191596
5548652885	1448191597
3166724142	1448191598
5703943259	1448191598
5614739794	1448191620
5765404490	1448191624
5705650581	1448191627
2446067307	1448191628
5674290480	1448191629
5643905385	1448191629
5406283249	1448191642
5760027899	1448191657
5618355906	1448191671
5556162783	1448191701
5713206911	1448191718
5756966527	1448191726
5688187704	1448191732
5311279456	1448191737
5653411893	1448191772
5744364099	1448191780
5752609622	1448191796
5675043980	1448191801
5763211372	1448191816
2749400943	1448191821
5751289097	1448191823
5708441979	1448191836
5633180427	1448191846
1658612320	1448191851
5693312099	1448191858
5678418764	1448191858
5734350985	1448191884
5114723840	1448191889
3846018134	1448191924
5718960931	1448195352
5690415229	1448195366
5708213906	1448195414
5541196232	1448195417
5764858308	1448195426
5697972033	1448195442
5726686358	1448195442
5032967007	1448195459
5086784608	1448195482
3161968011	1448195537
5719881957	1448195639
5645081514	1448195660
5704628325	1448195743
3857015923	1448195751
5355159902	1448195751
5680686075	1448195770
5194995440	1448195789
5710547873	1448195802
5635383084	1448195810
3245443955	1448195821
5745853200	1448195823
5680471130	1448195826
3635748485	1448195853
5763097192	1448195857
5746998086	1448195900
5625386204	1448195937
5721060383	1448195972
5746759808	1448196016
5605176088	1448196022
5260577600	1448196029
5549396464	1448196029
5708275639	1448196038
5534237056	1448196071
5730017261	1448196073
5616265034	1448196088
3635748485	1448196097
2379922974	1448196125
5141284046	1448196126
5646485610	1448196155
5711162417	1448196157
5714577555	1448196175
5723736710	1448196177
5651202189	1448196180
5758096225	1448196183
3090571804	1448196186
5658177801	1448196205
5177261560	1448196219
5713099923	1448196250
5532259218	1448196263
5647363106	1448196270
5695672703	1448196352
5707000654	1448196369
5720109065	1448196383
5758886694	1448196394
5643163716	1448196420
5692019381	1448196575
3803814356	1448196594
5723681078	1448196676
5667166764	1448196683
5677862427	1448196711
5542655995	1448196711
5754011625	1448196789
5643359375	1448196840
5752953214	1448196855
2596387700	1448196870
5708543139	1448196874
5692625027	1448196903
5028812968	1448196910
5165324433	1448196919
2057685122	1448196960
5711210185	1448196974
5727325617	1448197017
5495666269	1448197062
5653794952	1448197122
5076589780	1448197135
5746563807	1448197136
5641741059	1448197183
5717166504	1448197216
5389888692	1448197252
5756177938	1448197276
5406658507	1448197313
5764390168	1448197316
5713741761	1448197352
5707762044	1448197415
1115926215	1448197439
2352253601	1448197445
5702292786	1448197462
5743196847	1448197609
5756073206	1448197625
5743196847	1448197633
5707071849	1448197634
5755811403	1448197634
2855379142	1448197715
5656698897	1448197723
5748757912	1448197730
5516759519	1448197732
3880302156	1448197748
5062732985	1448197823
3867926988	1448197947
5632922353	1448198008
5737527143	1448198078
5602498303	1448198143
5702522026	1448198145
5720764723	1448198193
5189273428	1448198226
5713179742	1448198227
5733072670	1448198266
5718297304	1448198281
3742272830	1448198397
5721079264	1448198397
5128763057	1448198487
5504284674	1448198489
5559166558	1448198501
5737294603	1448198575
5647013591	1448198595
2698361124	1448198679
5710536473	1448198692
5701648903	1448198726
5493363080	1448198760
5718935440	1448198959
5647870096	1448198998
5661638585	1448199111
5725752205	1448199114
2478935875	1448199134
5622274753	1448199193
5743196847	1448199201
1668817494	1448199260
5685242251	1448199298
5737584479	1448199312
5681189870	1448199340
5555213975	1448199376
5745063722	1448199433
5649072694	1448199468
5746775456	1448199470
5519466448	1448199528
2151628083	1448199564
5589589986	1448199576
5746938703	1448199590
2969451045	1448199645
5717205877	1448199697
5723208039	1448199723
5660432418	1448199728
5651832414	1448199737
5649121583	1448199760
1154089854	1448199798
5226375310	1448199835
5536204645	1448199885
5729731284	1448199889
5710302955	1448199910
5600818646	1448199928
5596807104	1448200025
5615229260	1448200050
5762537112	1448200069
5686943587	1448200124
5692315750	1448200134
5304083410	1448200146
5686943587	1448200174
5763055450	1448200179
2102875021	1448200214
3477756422	1448200222
5112330338	1448200377
5643256277	1448200485
5230443330	1448200504
5659365039	1448200504
5220537567	1448200575
5710302955	1448200600
2712441997	1448200616
5686943587	1448200729
2307609650	1448200805
3919526371	1448200909
5694102106	1448200996
5730532152	1448201058
5763138328	1448201068
5728009695	1448201136
5694401064	1448201169
5744359474	1448201193
1673206243	1448201233
5463694266	1448201265
5710791504	1448201363
5647377467	1448201374
5674702216	1448201418
5414741580	1448201580
3910382099	1448201591
5670769335	1448201623
2713994645	1448201640
5748108989	1448201682
5731082115	1448201696
5743573564	1448201731
5412465640	1448201739
5709809221	1448201782
5752426383	1448201787
5697647324	1448201848
5750218844	1448201912
5720514504	1448201923
5747821184	1448201932
5605185549	1448201936
5482923874	1448201951
3904282278	1448201994
5710870599	1448201995
5622246684	1448202006
5117666130	1448202039
5762588542	1448202040
5020433111	1448202065
5666563088	1448202098
2830871823	1448202162
5724293136	1448202183
5107411848	1448202212
5186163032	1448202289
5703329446	1448202368
5644503812	1448202517
2489172615	1448202537
5105026242	1448202550
5625777968	1448202657
5055027087	1448202688
5710201806	1448202696
5689136220	1448202721
5623560481	1448202763
5084678322	1448202975
5748108989	1448202984
5738545575	1448203031
5605276241	1448203094
3777201265	1448203197
5674756145	1448203302
5613869937	1448203381
3212477663	1448203396
5723649795	1448203547
5124864030	1448203647
5698333389	1448203688
5700365551	1448203695
5713597559	1448203716
5175265766	1448203727
5677280690	1448203752
5711612033	1448203756
5616613241	1448203768
1007550920	1448203791
5124765845	1448203801
5558241716	1448203943
5525076883	1448203945
5749002187	1448204062
5641355552	1448204066
5700549265	1448204090
2791430813	1448204103
5215480699	1448204109
5709694907	1448204270
5649412009	1448204286
5724297111	1448204432
5745671321	1448204496
5722921993	1448204498
5713088231	1448204697
3248033612	1448204703
5746419873	1448204776
5547882049	1448204792
5703438101	1448204919
5620976235	1448204995
5592891591	1448205013
5674184109	1448205128
5687531672	1448205189
5276207458	1448205210
5702450921	1448205274
5747381125	1448205278
5122586641	1448205300
5743187733	1448205335
5715097886	1448205340
3910856929	1448205358
5249456087	1448205509
5756648694	1448205554
3232293072	1448205574
5623174197	1448205664
5718623507	1448205666
5451257767	1448205759
5717247821	1448205821
2903254125	1448205843
3317265557	1448205898
5698033214	1448205941
5727253701	1448205973
5174918090	1448206070
5698294807	1448206099
5619618405	1448206227
5714785770	1448206277
5703372099	1448206393
5177274082	1448206569
3260016591	1448206596
5202285292	1448206631
5676359316	1448206675
5246922877	1448206975
5623174197	1448207064
5760075666	1448207164
5365869321	1448207324
5727085548	1448207379
3068309151	1448207560
2991276327	1448207573
1146596155	1448207598
5710267063	1448207626
1872600625	1448207696
5726148781	1448208609
5761147060	1448208649
5408467463	1448208680
1341505131	1448208961
5730272148	1448209158
5750943905	1448209352
5626119079	1448209363
5745438808	1448209790
5573743775	1448209838
3196619070	1448210277
5672686565	1448210393
5260670730	1448210993
5663610635	1448211011
5469777255	1448211040
3298273721	1448211183
5589824950	1448211416
2417475681	1448211821
5635419906	1448212105
5699002901	1448212380
5093546132	1448212639
5172636223	1448213227
2372910825	1448213232
5703647682	1448213314
5506584602	1448213984
3817186802	1448214418
5738578653	1448214709
5213771824	1448215447
3189409874	1448216079
5702082874	1448219105
5180720833	1448221491
5737403667	1448222142
5724625217	1448222298
3168953042	1448223707
5660568556	1448229212
5645010663	1448232167
5707145734	1448232572
3970732401	1448232857
3501325552	1448233281
5457353383	1448236059
5640158771	1448236120
5108728023	1448236471
5749903198	1448237513
5726630503	1448237821
1577538703	1448237878
5522750753	1448238422
5332026292	1448238454
5658596688	1448240829
5064303182	1448240868
5736511179	1448240906
1204790207	1448241463
5745015066	1448242317
5711873743	1448243038
3939601783	1448243151
5623872788	1448243403
5686035884	1448243428
3948541723	1448243592
1761603561	1448244425
5633182191	1448245814
5653377441	1448246650
5710736439	1448248077
3948131412	1448249976
5561909937	1448250082
5212908805	1448250931
2834138373	1448251691
5657688597	1448258613
2416357015	1448265124
5755827855	1448272479
3063670691	1448274145
5757044482	1448279480
5131922686	1448281607
5594892435	1448285682
5759186212	1448294867
5606971026	1448298544
5514609453	1448322350
5588234521	1448332395
1791165991	1448335509
3317909647	1448337689
5736143304	1448353475
5706923516	1448359699
5179762177	1448359764
5723591963	1448365750
5574842686	1448368603
5457930713	1448382413
5677995929	1448389091
5677995929	1448389143
5410772123	1448400753
3887748543	1448435468
5190530747	1448544727
5545901442	1448544765
5673160056	1448653607
5734816402	1448771646
2257537900	1449053029
5706437327	1449631000
1740984425	1451533347
2144158250	1451533557
