5267970860	1448032508
5653466746	1448032583
5706487192	1448032628
1898424267	1448032635
5565996188	1448032651
5642071074	1448032693
3752675487	1448032699
5385558046	1448032732
5657298765	1448032755
5692630512	1448032775
5715743153	1448032779
5568253858	1448032787
2932902310	1448032806
5623119085	1448032809
5746791335	1448032826
5317532912	1448032834
5528794735	1448032840
5386773914	1448032845
5751740507	1448032848
5134343831	1448032850
2141309650	1448032854
5677223618	1448032858
5686989036	1448032886
5575134222	1448032887
5203110734	1448032891
3839376106	1448032892
5404029860	1448032894
5583768040	1448032894
5755587260	1448032897
5674141752	1448032909
5639147910	1448032913
5663299620	1448032930
5763302293	1448032932
3280152634	1448032944
5479712575	1448032948
5509478180	1448032955
5665829382	1448032964
5650712603	1448032965
5673805642	1448032981
5751077771	1448032985
5656032313	1448032999
5590565069	1448033000
5561736391	1448033002
5703283204	1448033007
5403059636	1448033011
5678745338	1448033018
5616327790	1448033043
5657849718	1448033051
5458420254	1448033054
5636203237	1448033067
5504146145	1448033070
5543082879	1448033077
5765321731	1448033083
5676005870	1448033085
2462501937	1448033094
5732359291	1448033100
3697354503	1448033102
5557350894	1448033149
5686954517	1448033171
3553765681	1448033174
5689978151	1448033185
5253494670	1448033214
5628353008	1448033225
5609085913	1448033252
5669628502	1448033259
5664864518	1448033262
5730908945	1448033263
5631704206	1448033280
5535633229	1448033312
2735786195	1448033322
5615910039	1448033327
3556016152	1448033329
5662121605	1448033350
5751082872	1448033367
5266362922	1448033368
1894066715	1448033369
5228109037	1448033373
5229076510	1448033392
5583287591	1448033402
5670123589	1448033429
5578263330	1448033450
5548935893	1448033473
5760113066	1448033503
5406682207	1448033505
5724766616	1448033505
5610575935	1448033511
2407903371	1448033540
5760304918	1448033561
5652423549	1448033564
5227759146	1448033582
5167569141	1448033600
5675624612	1448033615
3496162934	1448033620
5465113913	1448033644
5577743008	1448033647
5613932314	1448033659
5646212152	1448033665
5363617645	1448033791
5731109671	1448033813
5705984633	1448033821
5369115146	1448033826
5599296201	1448033854
5590092804	1448033869
1082826155	1448033881
5634282627	1448033898
2690288653	1448033905
5694711109	1448033905
5752957809	1448033915
5722800043	1448033918
5452906020	1448033930
5632185186	1448033966
5734748175	1448033967
2554053465	1448033973
5563486528	1448033974
5678488694	1448033975
5292123797	1448033984
2282695795	1448033994
3305917225	1448033997
5634092127	1448034005
5670169775	1448034011
2031410024	1448034013
3935234167	1448034020
5617593813	1448034022
5731238857	1448034045
5561374628	1448034049
5710050026	1448034070
3996840386	1448034079
5643345938	1448034080
5657742580	1448034087
3176197630	1448034087
5651309096	1448034099
5694577487	1448034099
5590917426	1448034118
5585904010	1448034128
5637705900	1448034134
5610160364	1448034147
5559274707	1448034151
5565999311	1448034179
5236585028	1448034190
2205944872	1448034199
5754015086	1448034211
5609599227	1448034242
5695760818	1448034245
5664690338	1448034271
5679480922	1448034272
5679495403	1448034305
5694559253	1448034344
5580861878	1448034373
5677364512	1448034398
5734966489	1448034402
5387139340	1448034424
2238537957	1448034425
2442716383	1448034435
5495624755	1448034460
1001581961	1448034466
5759192380	1448034527
5190800521	1448034550
5647327465	1448034629
5628950873	1448034737
5750892886	1448034757
5546893836	1448034790
5253075949	1448034835
5679501608	1448034876
5572554486	1448034917
2719441043	1448034919
5641068164	1448034926
5566432644	1448034935
5631733529	1448034956
5582313325	1448034981
5654408592	1448034981
5592400208	1448034985
5641355552	1448035027
5664469487	1448035039
3865656084	1448035050
2611303044	1448035095
5543024704	1448035165
3905623406	1448035199
5652950610	1448035218
3259045204	1448035218
5106632601	1448035245
3881739358	1448035253
3306142015	1448035299
5458713786	1448035350
3848397561	1448035369
5548919323	1448035455
2619285252	1448035556
2762879061	1448035568
5607474043	1448035577
5666878560	1448035586
5681396812	1448035696
3807770510	1448035723
5191870782	1448035739
5651246725	1448035856
5695478793	1448035985
5637443208	1448035993
5273659722	1448036039
5697882245	1448036042
5070215518	1448036133
5668700945	1448036155
1780987583	1448036223
5703606939	1448036301
5731328181	1448036359
5623982437	1448036463
5142396350	1448036495
5730800606	1448036638
5555254102	1448036640
5674942499	1448036678
5626595585	1448036693
5436975073	1448036792
3241734141	1448036869
5592527003	1448036915
5650936381	1448036952
5619860467	1448036960
5196849543	1448036983
5297332116	1448037056
5757088585	1448037231
5104252141	1448037263
5537389134	1448037291
5404251764	1448037390
5639533244	1448037404
5074798357	1448037471
5403878306	1448037511
5557276518	1448037592
2987872153	1448037623
2140168994	1448037738
5136028177	1448037780
5586753160	1448037814
5481303364	1448037886
5644508643	1448037929
5653865315	1448037934
3164925803	1448037955
5555125623	1448037975
1274254871	1448038187
5656376496	1448038247
5704577407	1448038364
5656799947	1448038471
5706209737	1448038528
5657552323	1448038656
5605168291	1448038686
5623219916	1448038963
5705037192	1448039019
2143097400	1448039036
2675185093	1448039073
3625042465	1448039149
5095823975	1448039385
5639447064	1448039514
5637915424	1448039629
5703004388	1448039758
5276389688	1448039947
5092705078	1448040017
5460140888	1448040042
5537473505	1448040108
5762433193	1448040387
5702093229	1448040535
5616376878	1448040556
5656018358	1448040794
5544160099	1448041026
5707113463	1448041117
2973932817	1448041403
5763452218	1448042646
5673151088	1448042757
5079904319	1448043070
5660557571	1448043165
5612141913	1448043211
5612118567	1448043586
5666244348	1448044720
5603540676	1448044767
3975879773	1448045401
5691251119	1448045528
3745583763	1448045552
5352623171	1448045683
5651366040	1448045778
5720012329	1448046847
5665914015	1448047261
5640039755	1448054250
5627837881	1448055872
5451961155	1448059291
1674674511	1448060429
5561323444	1448061438
5597364516	1448062751
5212159208	1448063155
5754365132	1448064296
5590717224	1448064550
5586026907	1448066237
5638991358	1448068362
5650870077	1448069088
5593060540	1448069184
5719739371	1448069899
5427570886	1448070162
5149650313	1448071743
5493297737	1448071862
5634194584	1448072217
5407895267	1448073093
3746932962	1448074179
5631713634	1448075565
5590739582	1448075973
3508550912	1448083705
5637555177	1448087871
3900385128	1448099312
5763667724	1448100115
5666946406	1448105851
5499583061	1448119356
5362557672	1448121751
5341249990	1448126599
3841566440	1448162940
2932902310	1448192591
5311602204	1448199222
5403450434	1448269694
5640454443	1448531182
5698774932	1448939657
