1784473157	1448000196
1044824091	1448000229
5480714635	1448000234
3892207262	1448000248
3501614833	1448000267
5351899482	1448000277
5670305273	1448000293
3341736684	1448000302
2523208591	1448000303
5586781641	1448000304
5622087140	1448000309
1921688973	1448000332
3160296320	1448000341
2125279057	1448000347
2490325853	1448000350
1084247664	1448000352
5756125357	1448000361
2762747585	1448000364
3980929579	1448000365
5732892970	1448000371
2694199085	1448000385
3754291970	1448000389
2243448464	1448000398
5613150756	1448000414
3764456064	1448000415
2144958777	1448000415
2598782757	1448000426
5406689371	1448000428
2552799314	1448000428
1274386767	1448000437
1791500970	1448000439
5277841908	1448000449
1730259403	1448000451
5744419588	1448000464
2496723961	1448000480
2640846182	1448000484
3224621881	1448000486
3174407402	1448000493
5643862056	1448000518
3056062347	1448000536
5172354599	1448000558
3151886835	1448000564
5554279192	1448000571
1989664045	1448000583
2014382171	1448000645
2681582843	1448000675
2352099041	1448000676
1959444680	1448000681
1880706940	1448000709
2971030820	1448000736
5054130464	1448000744
5177914511	1448000749
5593572199	1448000764
5404161202	1448000789
2103481217	1448000807
2453868654	1448000822
5663750734	1448000833
1646353071	1448000835
2733896313	1448000847
5300541374	1448000848
1666794624	1448000877
5759253678	1448000905
3957005977	1448000913
1703756721	1448000919
5468004941	1448000934
1661370934	1448000961
2053688003	1448000964
3965893854	1448000970
1770843140	1448000979
5036197947	1448000986
2055803901	1448000987
2115081330	1448000998
5717836650	1448001015
1946915621	1448001056
5242027027	1448001080
3006200433	1448001084
1849998691	1448001091
5492638022	1448001102
5735150516	1448001124
2571475370	1448001166
3483556970	1448001177
2565617751	1448001202
2948160435	1448001204
1852702500	1448001213
1980858603	1448001214
1664196240	1448001229
3188531747	1448001235
3048453275	1448001245
2820782517	1448001267
3051093895	1448001300
1677415131	1448001360
3023685265	1448001373
5287102207	1448001451
1016489367	1448001468
2883483622	1448001473
5731486134	1448001555
5063464452	1448001582
2478944011	1448001701
1806117224	1448001704
2408649961	1448001725
3677608584	1448001742
5313045071	1448001746
1861039284	1448001773
2688992300	1448001788
3846068938	1448001872
1952503527	1448001881
2249772127	1448001899
1630855457	1448001940
1401758641	1448002018
1496817093	1448002023
5505893418	1448002087
3199576287	1448002107
5237720444	1448002160
5174710679	1448002211
5506852086	1448002227
1780778227	1448002257
5023861228	1448002303
5473106564	1448002349
3972263873	1448002420
2791392427	1448002507
2018233445	1448002643
5112030840	1448002666
3191679012	1448002668
1235577611	1448002704
2782458394	1448002778
3909423657	1448002836
2218684137	1448002871
3805145733	1448002886
1836285300	1448002896
1768313455	1448002902
3790985641	1448002922
2023108257	1448002930
2232263770	1448002946
2991187315	1448002956
1076171110	1448002972
1843199693	1448003052
5296650290	1448003070
2585022803	1448003101
3710694742	1448003104
5359766856	1448003125
2624932564	1448003152
2457859527	1448003158
3153532597	1448003179
1777966417	1448003223
3019389267	1448003235
1834704173	1448003243
2615126365	1448003341
3088279390	1448003374
5725316098	1448003387
2311741331	1448003435
2855223467	1448003457
3543619171	1448003481
1861871037	1448003482
1972703651	1448003523
5625389585	1448003582
5443514032	1448003594
3280313171	1448003609
1752720415	1448003678
2799275627	1448003734
2705905673	1448003765
2781437874	1448003770
1775080525	1448003774
5057868539	1448003805
2606827187	1448003839
3558988890	1448003882
2917196123	1448003954
2367871967	1448003965
3641428867	1448003993
3354002062	1448004000
5483827145	1448004020
5327922354	1448004021
2769055381	1448004091
3539168363	1448004141
1926612180	1448004145
2186376764	1448004162
5030420560	1448004176
3767066020	1448004182
2749099017	1448004194
2546729854	1448004200
1846532297	1448004217
2450563487	1448004254
3773909795	1448004275
5310673630	1448004280
5718876109	1448004290
1768759460	1448004308
5090997320	1448004340
3606138531	1448004340
1785783473	1448004443
5343302150	1448004467
5042947616	1448004468
1949751285	1448004508
1694969491	1448004552
2614315870	1448004571
3040883913	1448004611
3671809804	1448004617
5633300693	1448004655
2848377653	1448004658
5149948497	1448004672
3240020704	1448004710
5685882317	1448004717
2321720547	1448004741
5623589482	1448004773
3133687721	1448004798
5407837923	1448004879
1743874570	1448004887
1642378250	1448004891
1638009734	1448004899
2611345163	1448004948
2823355274	1448004955
5230130618	1448004986
1855857843	1448004997
5584888329	1448005050
3485156462	1448005091
2836167450	1448005119
3221357565	1448005195
5042394076	1448005207
3180922904	1448005254
1859806107	1448005301
5765528145	1448005328
2656475742	1448005338
3631788112	1448005344
3838212300	1448005358
2100863745	1448005404
5637767209	1448005419
3761366281	1448005420
1806357034	1448005490
2341246363	1448005504
3911497901	1448005546
2658673713	1448005577
3910894657	1448005644
2559750793	1448005677
3303621895	1448005690
2764645263	1448005691
3447174700	1448005697
2724825937	1448005700
3291390330	1448005711
3879719985	1448005727
1282814720	1448005752
5727671363	1448005779
2881229625	1448005856
2109508850	1448005894
2729883800	1448006000
5609452824	1448006108
2874079637	1448006193
2972495235	1448006280
1883309683	1448006286
5306154096	1448006363
2768172367	1448006440
5626437962	1448006505
5476795878	1448006559
2437423485	1448006569
5727677754	1448006628
5326771354	1448006686
1785998631	1448006720
3981137547	1448006833
1651684811	1448006960
2348904437	1448006964
1777053451	1448006989
2852989800	1448007047
5585743394	1448007253
2802707645	1448007490
2367683217	1448007505
2192360431	1448007790
5319587633	1448007875
2807955900	1448008134
5150108187	1448008265
5626406829	1448008336
2684883167	1448008344
3273385507	1448008350
2315147683	1448008472
5752695466	1448008597
5537115354	1448008692
5650164192	1448009095
5554222441	1448009208
3214057931	1448009360
2100071031	1448009450
2640449494	1448009560
5461342219	1448009671
1351760477	1448009691
5282046823	1448009886
2698491415	1448010171
2537962910	1448010196
3176421912	1448010368
2707721201	1448010826
1946356140	1448011106
5475150703	1448011151
2909062344	1448011227
2137804367	1448011287
2104100002	1448012035
2614720374	1448012492
5249218844	1448012526
5183938693	1448013113
5134927490	1448013652
2024857661	1448013843
5533039545	1448014189
1983138460	1448014235
2272507303	1448014289
5018758271	1448014612
2826092091	1448014863
3224569692	1448014957
3944311682	1448015087
2610427052	1448016530
2020287851	1448016715
2978840107	1448017057
2681393611	1448017407
5668088230	1448017560
3749072152	1448018351
3799242700	1448018555
2718907611	1448019355
5680330740	1448020482
2429972581	1448020890
5639547788	1448021534
3817004673	1448022153
1787916535	1448022346
1427968393	1448023749
2024647530	1448023843
2403516641	1448024181
5765504243	1448026936
3201275437	1448027574
5248348799	1448029902
1931178315	1448030850
5287630085	1448032091
3295827944	1448033876
5564048332	1448033921
1957503522	1448034770
3986789057	1448035227
5610011253	1448041696
2872037560	1448069751
5699943924	1448072999
1900365632	1448074697
3193114571	1448075566
1771815170	1448076188
1826222653	1448084498
2064316054	1448088765
1677495923	1448129867
2967762377	1448165996
1888679683	1448168805
3782872233	1448255419
3212155564	1448266694
5146757863	1451152828
5729096013	1451206603
