1650111241	1448202003
5656542471	1448202028
5498872063	1448202061
5746215661	1448202063
2698154170	1448202067
5747876396	1448202077
5172468807	1448202094
3078629415	1448202109
1761648970	1448202122
5585032687	1448202124
5516298138	1448202130
5716016992	1448202146
5567755890	1448202149
5654351987	1448202149
5695736336	1448202157
1789480631	1448202185
5303735774	1448202185
3279688481	1448202204
3239913532	1448202205
5627699839	1448202231
2663660911	1448202234
2033460627	1448202245
5723102903	1448202249
5750072629	1448202257
2126176941	1448202267
1183902704	1448202268
5724608511	1448202278
3563908771	1448202281
5326868154	1448202286
5615990475	1448202287
5669347866	1448202326
5702275316	1448202333
1763739491	1448202334
2373689564	1448202336
5718447954	1448202347
1457946950	1448202351
5754487696	1448202361
5705538015	1448202363
5587660340	1448202369
5619235177	1448202372
5752438499	1448202376
3567047533	1448202379
5723391785	1448202403
1111405772	1448202417
1831650922	1448202423
5702134233	1448202446
5515134188	1448202457
5580808996	1448202462
2616196384	1448202471
1155341824	1448202490
5457812491	1448202496
5713074254	1448202510
3188870592	1448202512
2119190330	1448202516
1947985614	1448202532
5352123049	1448202539
5653534249	1448202544
1657756663	1448202547
5054420348	1448202554
1915605942	1448202555
5499353842	1448202557
5692724269	1448202563
5314950356	1448202574
5602158862	1448202574
2669944245	1448202575
5572554904	1448202582
5276552894	1448202603
5379573694	1448202616
5703098106	1448202628
2737957921	1448202634
5391318897	1448202660
5621939130	1448202681
5705789256	1448202682
1762777241	1448202700
3890051955	1448202714
5501375776	1448202718
2068347051	1448202729
5704609617	1448202730
1814810717	1448202743
5661299589	1448202744
2946459965	1448202746
1904661305	1448202746
5658584717	1448202760
5695736336	1448202781
5519451118	1448202798
5124629491	1448202808
5703708899	1448202810
5704758117	1448202811
5365903434	1448202824
5759077323	1448202828
1950842497	1448202835
5558545617	1448202857
1744732351	1448202864
5268954911	1448202899
5677797526	1448202930
5111740181	1448202979
5593104379	1448202979
5723180524	1448203000
5610119864	1448203001
1419261170	1448203004
5761057344	1448203012
1955143931	1448203066
5734979133	1448203097
3086967915	1448203131
5148952036	1448203160
5767970803	1448203204
2798036315	1448203228
1856788240	1448203235
5615986029	1448203250
1851559465	1448203251
1965791297	1448203255
5217393019	1448203275
3670069527	1448203281
3145603402	1448203283
5099048603	1448203286
3313851893	1448203290
1585507681	1448203314
2488685102	1448203349
5747912656	1448203380
5455397895	1448203387
3320378765	1448203394
5738492305	1448203404
5285128837	1448203412
2083285585	1448203442
3826876180	1448203457
1984353605	1448203464
5381352864	1448203465
5075958489	1448203469
5618255465	1448203471
5656835062	1448203473
1850111264	1448203474
5136291495	1448203484
5308283724	1448203506
3936036144	1448203511
1818934117	1448203545
3055130881	1448203619
5744728922	1448203621
5308165064	1448203638
5252482847	1448203675
5700312861	1448203710
2844073630	1448203725
5134892548	1448203763
5335561624	1448203809
1112475000	1448203830
3951860491	1448203856
3914182619	1448203874
2159108674	1448203899
5602957873	1448203907
1277172552	1448203912
5516164401	1448203917
5587468033	1448203931
5596443959	1448203936
3682839905	1448203966
5541148318	1448203976
2976279167	1448203990
3502205060	1448203992
5656784155	1448204003
1638259044	1448204022
3562690024	1448204035
3261119484	1448204044
3977713437	1448204050
1616191235	1448204060
5712384977	1448204074
5438490673	1448204078
5745027027	1448204133
5705096818	1448204135
2893903351	1448204143
1154191573	1448204167
5468384182	1448204239
5754277355	1448204254
1750516817	1448204267
3884231042	1448204282
2018446185	1448204338
2616649737	1448204345
3218386627	1448204347
3293222087	1448204373
5650310290	1448204378
22309918	1448204453
5723358619	1448204474
5678340641	1448204536
1223524603	1448204544
5713405398	1448204578
5690491895	1448204585
5738060768	1448204588
5607700482	1448204595
1938000203	1448204625
5767721470	1448204630
1651957114	1448204644
5362828939	1448204695
5718608515	1448204743
3050253941	1448204744
3460257690	1448204776
1842705745	1448204782
5722466301	1448204799
5461892247	1448204927
5410674852	1448204962
2911416812	1448204992
5722628864	1448204993
2091075547	1448204994
1916572803	1448205066
5580778721	1448205084
5620988507	1448205095
5607105058	1448205119
1685645051	1448205128
3927129364	1448205299
2842773382	1448205355
5694192508	1448205398
1761216680	1448205440
5702081048	1448205481
5392858580	1448205516
5109455475	1448205532
2799237524	1448205537
5687448986	1448205556
3310960065	1448205557
5594558756	1448205574
5701570412	1448205580
3482747002	1448205608
3290562931	1448205672
5262444750	1448205737
1646761312	1448205779
5394317334	1448205917
2050943471	1448205991
2006342727	1448206011
5567646511	1448206035
5661745828	1448206045
2170614475	1448206045
3030293901	1448206133
5540634024	1448206228
5705400745	1448206252
5646247239	1448206303
5705392467	1448206434
2412935531	1448206467
5738491700	1448206685
2284224982	1448206716
5714668205	1448206717
5589491406	1448206732
5705530266	1448206765
5609254080	1448206790
5644503157	1448206815
2311349117	1448206836
3284853930	1448206838
5544587267	1448206906
5651714890	1448206972
5263579387	1448207004
1509402035	1448207082
5385343704	1448207084
1606539553	1448207086
2798007093	1448207133
1410326682	1448207255
2381667930	1448207267
5285548691	1448207506
3928837217	1448207601
5672190270	1448207746
1656497324	1448207857
5587181047	1448207869
5747081118	1448207869
3031624281	1448207876
5713172135	1448207925
3891451609	1448207942
3102870135	1448207948
2125087225	1448208063
1740093734	1448208120
5305422053	1448208132
5699701296	1448208344
2150045810	1448208640
5580759149	1448208646
5585939775	1448208923
5703958686	1448208948
2604060941	1448208951
5466395259	1448209222
3523920354	1448209303
1902496231	1448209349
5561437444	1448209359
5551559385	1448209364
5508956337	1448209538
5518126292	1448209562
1400805253	1448209628
5694220979	1448209824
2136635787	1448209829
5587770477	1448209839
2423941772	1448209914
1777520243	1448209961
5591006283	1448210173
1872235321	1448210697
5724608388	1448210703
5353028538	1448211187
5149275470	1448211249
3305891135	1448211619
5071640266	1448212047
5024571192	1448212259
5583895513	1448212419
5580905363	1448212789
2987889260	1448213761
2880797683	1448214007
5706317593	1448214384
5598729224	1448214651
2658369035	1448215604
3015840525	1448215640
5456802419	1448217182
1739653300	1448217728
5198693384	1448218860
5461204852	1448219447
1835459260	1448221321
2725062187	1448221369
5607843720	1448223053
5723395724	1448227497
2200426285	1448228777
1400476732	1448230036
5249684000	1448230686
2217279143	1448231916
3128233817	1448232230
3276422955	1448233233
5541519534	1448233312
5591707889	1448233620
1876958687	1448233958
5605426010	1448234287
3509022571	1448234391
5669458040	1448236124
5110190238	1448236314
2807175074	1448236461
5706066349	1448236701
1450058203	1448236928
3917324538	1448237072
1818934117	1448237961
2424712055	1448238185
5714665030	1448238204
5706382309	1448238384
2039611853	1448238386
5628580923	1448238494
5702436177	1448239957
2210834572	1448241145
5305203161	1448242120
5271577245	1448242159
5742230116	1448244601
3249360364	1448244854
5386615896	1448247418
2985643184	1448247508
5130531729	1448248296
5752714879	1448250411
2168397282	1448251216
5334240028	1448252661
1304670633	1448253967
5345418079	1448254170
2300644734	1448254438
1853135580	1448254883
5613439436	1448255880
5708406009	1448257616
5658347719	1448259390
5450750661	1448260881
5723861993	1448265394
5662217404	1448267308
5591444353	1448273142
2564176713	1448277986
5567817653	1448286589
1083545871	1448296841
5654448426	1448303459
2357163484	1448320342
2083316017	1448322041
5703694394	1448325122
5616561287	1448325886
1764936980	1448345945
5745373037	1448361867
1899565035	1448637270
1865940237	1448987306
5675934189	1451789553
5343884894	1451967345
