1784473157	1449894649
5256909806	1449894679
5327666525	1449894690
1733913373	1449894700
5517223797	1449894717
2212013245	1449894721
2907367355	1449894724
5664784796	1449894737
5244995023	1449894747
5657879709	1449894750
5418221276	1449894755
5764388274	1449894758
5788990126	1449894758
3309818172	1449894763
3615115204	1449894768
5428448228	1449894789
5667016142	1449894790
5683437978	1449894793
3015348253	1449894802
3910590813	1449894804
1745472932	1449894807
5790084971	1449894812
3205815832	1449894822
5520450838	1449894829
3554907147	1449894834
5710317430	1449894834
5339552579	1449894837
5768335994	1449894843
5184608751	1449894846
1223808107	1449894851
2524881130	1449894853
5530708328	1449894861
5789608806	1449894879
5623381334	1449894893
2864677585	1449894902
5782640308	1449894903
5685791380	1449894907
3616589342	1449894911
5747209229	1449894913
5644366421	1449894928
5787605705	1449894940
5679548109	1449894949
5520493921	1449894953
5716280624	1449894964
5786728523	1449894966
5514069348	1449894969
5772208738	1449894971
5663510344	1449894973
5720401867	1449894991
5758529686	1449894993
5726483145	1449895000
5778958310	1449895002
5690155815	1449895019
2722594527	1449895024
5786783036	1449895027
5463018514	1449895027
3262762955	1449895039
5684904756	1449895041
2971037103	1449895053
2798607927	1449895079
5145583667	1449895085
5788522131	1449895105
5090055048	1449895107
5491025280	1449895132
2660513127	1449895148
5787055249	1449895155
1792473903	1449895155
2876307612	1449895172
5641660633	1449895175
5639348654	1449895184
5612248209	1449895236
2200883212	1449895240
5643944990	1449895242
5787551300	1449895255
3927330468	1449895268
3555163573	1449895273
5789397654	1449895290
5572952287	1449895322
5755998567	1449895325
3106073153	1449895327
3287559665	1449895346
5540332186	1449895360
5590560596	1449895381
2744330800	1449895396
3607336122	1449895399
3187243661	1449895402
1916845751	1449895403
5629830602	1449895429
5763435864	1449895429
5706003687	1449895469
5356107351	1449895479
2711089857	1449895495
5670057413	1449895504
5564962523	1449895507
2321728053	1449895524
5585686984	1449895529
5763465736	1449895539
5658730829	1449895554
5155051689	1449895560
5666100229	1449895566
5225131223	1449895597
5729846982	1449895617
5562287089	1449895617
5024699128	1449895618
5763677686	1449895648
2116907715	1449895660
5775973997	1449895696
5513599444	1449895720
5706076296	1449895732
5387733872	1449895736
5784862113	1449895763
3190592371	1449895782
5682560381	1449895783
2484855787	1449895785
5278816770	1449895814
2780895680	1449895816
5714629039	1449895839
5745284281	1449895853
5723058336	1449895892
3930281374	1449895940
1269008704	1449895952
5608050062	1449895970
5705409962	1449895982
3205160203	1449895987
5532543525	1449895990
5718131082	1449896002
2040557351	1449896003
5765045139	1449896010
5355147989	1449896012
3697735802	1449896038
5725827168	1449896039
5133222250	1449896040
5532808407	1449896050
5743868589	1449896073
2782328165	1449896084
5632891959	1449896086
2797713664	1449896092
5148761856	1449896144
2785039430	1449896162
5729613770	1449896200
3607299844	1449896211
5781205110	1449896217
5779931864	1449896247
5419822595	1449896308
5650236970	1449896345
3666781754	1449896370
2141909935	1449896384
5500191216	1449896414
1975482802	1449896419
5532890829	1449896434
5789397270	1449896475
5451496472	1449896486
2943181197	1449896511
5271597266	1449896561
3239288312	1449896580
5396855681	1449896584
5703218923	1449896594
2945875067	1449896728
5718963098	1449896737
3189796401	1449896752
2401262477	1449896765
5789796053	1449896772
5574946305	1449896777
2007811173	1449896812
5657025467	1449896865
5534284990	1449896867
5663531861	1449896962
2564226891	1449896974
5574765425	1449896990
5722995019	1449896997
5696548683	1449896998
2165804121	1449897010
5057181225	1449897015
2088686553	1449897031
5680255075	1449897220
5790034967	1449897245
5304040032	1449897313
5774171341	1449897326
5774250256	1449897328
3067087615	1449897352
5658071184	1449897365
5725479088	1449897435
2618252391	1449897574
2134380443	1449897593
5695833983	1449897618
5652970602	1449897647
5773875743	1449897676
2069898827	1449897728
1959150053	1449897743
5652582179	1449897764
5207021086	1449897788
2937982767	1449897813
5738256508	1449897831
5743220113	1449897880
5349912180	1449897999
2807955900	1449898069
2678545860	1449898110
5672773003	1449898116
2391472611	1449898139
5654328744	1449898208
5786529972	1449898222
5194799666	1449898268
5787115090	1449898313
5616264175	1449898408
2955955010	1449898422
5617817226	1449898446
5789319467	1449898551
5788515900	1449898577
5596868319	1449898580
5470659615	1449898610
3656725010	1449898676
1860422040	1449898693
3127325230	1449898702
5730521359	1449898716
1698045275	1449898766
2773947661	1449898838
5709621408	1449898890
5747803025	1449898909
5397780834	1449898918
5372821302	1449899038
2965416367	1449899070
5789897156	1449899124
3305409757	1449899140
5163131075	1449899156
5772904283	1449899188
5374237905	1449899216
5762742202	1449899305
5752263038	1449899372
2354810825	1449899399
5718396644	1449899485
5669840249	1449899551
2336105973	1449899603
5772040762	1449899794
5668381233	1449899953
3577681867	1449899964
5152083204	1449899974
3563302995	1449900039
5668381233	1449900088
5404216270	1449900219
5152083204	1449900235
2411974323	1449900312
3784742704	1449900406
2905417905	1449900587
5787463627	1449900643
5676174698	1449900715
2412362495	1449900870
1735179303	1449900979
5181291638	1449901083
5656838178	1449901152
2691321762	1449901263
2965189121	1449901305
2672687873	1449901333
5324077507	1449901421
5170699588	1449901452
5541041033	1449901511
5062560110	1449901524
5576840105	1449901544
5500816237	1449901545
5579870224	1449901587
2713785061	1449901746
5779938782	1449901748
1955881683	1449901822
5657709512	1449901937
5730119006	1449901938
5784547554	1449901971
2166901764	1449902072
2966561723	1449902173
1846116785	1449902229
5752780218	1449902260
5177233935	1449902393
2148091434	1449902412
5747912659	1449902433
5660218494	1449902442
1920422284	1449902658
5650184959	1449902753
5198004265	1449902875
2509380643	1449903091
3284106141	1449903289
5604930600	1449903461
5747403102	1449903519
2670878903	1449903534
5585379751	1449903561
3218819495	1449903858
1021517020	1449904004
5513856212	1449904090
5477743187	1449904220
5748895045	1449904433
2394081425	1449904680
5657301231	1449904880
2295167664	1449904971
5719680332	1449905158
1178809971	1449905210
5239628019	1449905865
1850767062	1449905993
3954506123	1449906108
5655833648	1449906193
3268713933	1449906247
5665490425	1449906571
2421102485	1449906665
3192050043	1449907132
5698208540	1449907191
5487851244	1449907486
5602266390	1449907521
2357412821	1449907937
5771630465	1449908104
2018601891	1449908306
5428585536	1449908600
2100590607	1449908629
5604792143	1449908732
5749812143	1449908979
5508681713	1449909855
5592299173	1449910013
5787324025	1449910077
5776321518	1449910643
5787032195	1449910756
1957658181	1449910953
3819683052	1449911064
3276261757	1449911111
1205723650	1449911123
3101687935	1449911436
3978993768	1449911657
2388638835	1449912102
5788652280	1449912331
5146021936	1449912662
1879452447	1449913232
5462409663	1449913663
5430475125	1449914240
5296650290	1449914299
5512758558	1449914551
2854279505	1449916226
1808233782	1449916669
2519456731	1449917755
5706236654	1449917823
5626358856	1449918079
5491423426	1449918786
5637370746	1449919304
5529188002	1449919951
5786747987	1449921307
5706226487	1449921847
5767971617	1449922167
2737878257	1449922677
1523072507	1449922984
5732258214	1449923172
1635894943	1449923679
2924924291	1449923837
3230434195	1449924656
5662212010	1449924844
5309094672	1449925767
1251227304	1449925916
5600329151	1449926596
3645477635	1449926795
2567161005	1449927147
5267735227	1449928096
2323508142	1449928178
1909531877	1449928400
5502034186	1449928702
5769612013	1449929071
5783034337	1449929540
5542568629	1449930027
1834943102	1449930611
5328030257	1449931200
5660521710	1449931247
2263897867	1449932865
5711374124	1449932926
5718489235	1449933428
5701749202	1449933852
5780849560	1449934658
5326798251	1449935168
2076037523	1449936188
1374712430	1449936845
2662866255	1449937559
5223996844	1449938194
5368162279	1449940449
2427037587	1449942188
5729557495	1449949481
5331926886	1449959014
5544773976	1449963386
5694109375	1449974367
5694425050	1449975889
2729312740	1449979367
2175668620	1449981419
2960107431	1449981444
2063436873	1449981606
5775009030	1450003027
1351505173	1450013742
5763678863	1450018791
3147676425	1450023560
3806693006	1450064517
2803171757	1450077895
3953417494	1450078883
5699408606	1450080605
5241891314	1450096212
2340603927	1450155152
1728819175	1450186406
1680156161	1450213056
2837201400	1451022936
