1788911247	1447163127
2480505284	1447163178
5518479485	1447163190
2236216647	1447163210
3852698741	1447163242
1847479211	1447163244
1257450043	1447163254
1816013735	1447163257
2831267022	1447163268
1585110013	1447163271
5042438504	1447163277
3264362521	1447163285
2871560785	1447163308
2529280855	1447163319
1800185661	1447163321
1441537681	1447163322
2461759173	1447163332
2127420363	1447163339
2487582977	1447163391
3490973242	1447163422
3184386854	1447163466
2341489005	1447163468
2642658830	1447163481
1698361627	1447163482
2967039112	1447163501
1518690092	1447163528
5626124391	1447163531
2133401455	1447163532
2200522023	1447163557
1858552544	1447163623
1978454793	1447163635
2716645941	1447163703
2738272915	1447163749
3447108992	1447163764
5234976124	1447163833
2890077320	1447163858
1318724142	1447163918
1949504543	1447163940
2761538895	1447163949
2514604677	1447163981
2284612384	1447164016
1870131815	1447164053
1646728830	1447164058
2652125502	1447164070
3300580813	1447164208
1774779572	1447164303
1793285030	1447164340
2695877052	1447164382
2989979391	1447164416
3749721415	1447164442
1978454793	1447164500
2571292502	1447164659
2944039593	1447164662
3508530511	1447164712
2770605751	1447164716
3191986734	1447164763
1692234352	1447164871
1738264820	1447164924
1978454793	1447164937
1759714475	1447164982
1870323855	1447165045
3458019044	1447165109
5538167919	1447165192
2584246802	1447165374
1214851560	1447165405
1991836271	1447165432
1780525204	1447165450
1631180930	1447165455
2176652697	1447165525
3191794153	1447165529
1974922991	1447165557
1724152441	1447165582
1759907863	1447165665
1976933091	1447165776
5280187874	1447165875
2049956627	1447166368
1636491412	1447166456
2005124264	1447166501
5678827955	1447166554
1547195577	1447166641
3615478915	1447166673
1775384750	1447166709
2196007174	1447166895
1965484675	1447166952
2199099310	1447167304
1761157035	1447167930
1717319060	1447167935
2350756443	1447168239
2901936533	1447168255
2284553731	1447168308
2271610041	1447168445
1666957282	1447168651
3548590174	1447168765
5378611420	1447168990
3687207650	1447169466
2456101943	1447169732
2716787953	1447170003
3192836500	1447170432
1670441852	1447170617
2257086950	1447170818
2935001181	1447170922
2110268972	1447170988
1838961273	1447170989
2000445293	1447172337
2156644122	1447172350
1943300183	1447173056
1770675580	1447174274
1226475907	1447174574
2285975324	1447174618
1849737542	1447176255
2642694197	1447176330
1692864732	1447176470
2180525400	1447176560
1605954691	1447176639
1725847492	1447177575
2248637853	1447177673
1764698811	1447181098
1913898700	1447182019
1729157395	1447182287
2251792647	1447182562
5022388192	1447183627
1879590034	1447183991
1958362397	1447185534
1603047732	1447185535
2137568007	1447186747
5610464133	1447187304
1670743152	1447188119
2408151311	1447190923
1687873580	1447193113
2711889270	1447195780
1732626243	1447197587
1037647397	1447198724
2281920095	1447198754
1907332591	1447199125
3796487020	1447199562
1950561904	1447200733
2344523027	1447201092
1767592152	1447201320
1795246465	1447202268
1865486954	1447204156
1879706301	1447204963
1845085782	1447205524
1954588777	1447207137
1769105017	1447207188
1634971074	1447208594
2011898664	1447210565
1862791655	1447211514
3968316480	1447212434
1998550192	1447214574
5129079755	1447214677
1430953552	1447215298
1984820545	1447217433
2085916525	1447217522
1774921164	1447218659
2002133721	1447218923
2409554681	1447220289
1020572465	1447222917
3242762905	1447224236
1563689473	1447224846
1742720640	1447225800
1914769981	1447226382
1633031655	1447232031
1620118900	1447235928
5514861810	1447245316
1756341231	1447252863
3559662514	1447291448
2214156621	1447304494
1279958411	1447308924
3267323582	1447311704
1967284573	1447319959
3951781194	1447329633
5690900471	1447336199
2677063442	1447380547
3948231893	1447389157
5065757284	1447397005
2045330757	1447455166
1847712480	1447494668
3179341385	1447504257
3839126075	1447555283
2388928460	1447592185
1822715373	1447945953
1774779572	1448093732
1117743861	1448375575
3225389411	1448831513
