3676435761	1448208003
1784821681	1448208059
3202447323	1448208062
2325725872	1448208131
2199209474	1448208137
5024893653	1448208152
2620821687	1448208155
2418755894	1448208186
5677995744	1448208211
3706570350	1448208224
2788253744	1448208266
1682655472	1448208285
3062404411	1448208291
2584504057	1448208297
2642709661	1448208306
2721366071	1448208313
2173912902	1448208322
2101127991	1448208332
2647497410	1448208347
2179723435	1448208352
5503632419	1448208365
3479169205	1448208370
2134513233	1448208376
3195710285	1448208377
2371480753	1448208384
1580992807	1448208389
2876388174	1448208397
3928769716	1448208407
5624877666	1448208413
2944796351	1448208445
5227845951	1448208459
3564342333	1448208461
3978622520	1448208467
5541998806	1448208472
2931985831	1448208477
3211835081	1448208498
5371251453	1448208510
5301055109	1448208515
2170782924	1448208520
5448976514	1448208534
5263780036	1448208539
2163680355	1448208547
2896757663	1448208555
1484647442	1448208557
3606562222	1448208560
2835705694	1448208566
5754376337	1448208572
5032734547	1448208572
1948375631	1448208608
3954036365	1448208611
1677049015	1448208617
5509365881	1448208621
5707367382	1448208622
1774295073	1448208635
5536414304	1448208635
5248682196	1448208650
1264982885	1448208652
5092503958	1448208662
5600338779	1448208664
5631724819	1448208668
3244115755	1448208675
2802781500	1448208676
2133328371	1448208696
5077396316	1448208710
2796417422	1448208723
5315709860	1448208726
5228226934	1448208727
5223644158	1448208735
2807536243	1448208748
1833831665	1448208755
5710397668	1448208757
2132311770	1448208767
5190203342	1448208783
5575476904	1448208791
1824212945	1448208803
3774385594	1448208806
5137035794	1448208811
2793265691	1448208815
1659519242	1448208823
1877499587	1448208837
2327824515	1448208854
5402652973	1448208857
5573707971	1448208858
5132926988	1448208859
5610462852	1448208877
5279491650	1448208879
2685914501	1448208903
3949679284	1448208917
5270992936	1448208928
3945560049	1448208932
2976023572	1448208932
5760758770	1448208933
3950942664	1448208937
5068673896	1448208952
1712064474	1448208953
2093741927	1448208962
2370065544	1448208966
5528268934	1448208968
3237389910	1448208972
3564209674	1448208978
5022686226	1448209001
2372371747	1448209002
5092046333	1448209034
5639992476	1448209042
5023828017	1448209045
3807368634	1448209057
1372437282	1448209066
1708496712	1448209072
2748614695	1448209086
2177288324	1448209092
2456466090	1448209098
3178297757	1448209109
5512330902	1448209112
2710651192	1448209117
5581369836	1448209123
2707581737	1448209124
2746674573	1448209165
5359477242	1448209197
5402870849	1448209198
2746674573	1448209202
1434825640	1448209208
3308685387	1448209235
2336235053	1448209241
2935167753	1448209243
3917678299	1448209269
5374212895	1448209281
3218934881	1448209293
1862708727	1448209294
5634526852	1448209294
3205562315	1448209302
5545537620	1448209379
2079293741	1448209379
5395211693	1448209387
3224961411	1448209395
1949700555	1448209398
2568066887	1448209402
1961327761	1448209421
5193694379	1448209429
1700836661	1448209431
3820332084	1448209434
2278965965	1448209441
5591429593	1448209445
5175263199	1448209461
1970451142	1448209461
3180690780	1448209498
1343537502	1448209510
3201826201	1448209519
2972015192	1448209547
2076628111	1448209552
3627229441	1448209561
5629741204	1448209568
2451819913	1448209572
1904322474	1448209574
2165806937	1448209580
3578314660	1448209589
2276169943	1448209596
3092663407	1448209597
5454395332	1448209600
1803157597	1448209605
2796562245	1448209612
5602759738	1448209620
1714824964	1448209631
2009000421	1448209632
2381472955	1448209645
2564029042	1448209651
5385935963	1448209662
5098148006	1448209693
5591556739	1448209695
5124374204	1448209737
2535028340	1448209785
5335075800	1448209789
5644762638	1448209794
5694880147	1448209799
5695539851	1448209812
5499151768	1448209821
1649314310	1448209847
2935183935	1448209870
2826508270	1448209875
3937580393	1448209894
5262417197	1448209920
3828311618	1448209920
3635595250	1448209935
2930988382	1448209940
2842606985	1448209946
3422412672	1448209951
2994965472	1448209972
5561535886	1448209975
5483759104	1448209986
5702187989	1448209991
2177351591	1448210010
5413309869	1448210031
5132052342	1448210047
2485938410	1448210054
2113068217	1448210056
2882404194	1448210068
5173363217	1448210073
1704960222	1448210085
5647499470	1448210104
3202651205	1448210118
5657511740	1448210134
2883192034	1448210153
5581475976	1448210194
1986042955	1448210198
2015127681	1448210215
5614273950	1448210234
1974951822	1448210240
2971677091	1448210241
2622673551	1448210248
2961046743	1448210257
2042372642	1448210261
2162980920	1448210266
2320761223	1448210282
2753211763	1448210289
5616659052	1448210290
5518109314	1448210314
3202024107	1448210322
1844860701	1448210323
1414996455	1448210324
2680224000	1448210339
1750670051	1448210366
3048352723	1448210415
2506370683	1448210424
2803243252	1448210465
5675058144	1448210469
2426367175	1448210474
2901837617	1448210551
5468754515	1448210554
5066164930	1448210566
5540798083	1448210568
5627648528	1448210586
5112064690	1448210603
5462022629	1448210616
5034533342	1448210649
2801165270	1448210667
2734741733	1448210672
2910158145	1448210679
2392061614	1448210757
3125256457	1448210758
2344652577	1448210778
5556791162	1448210808
2375394623	1448210833
2413713265	1448210834
5473953528	1448210846
2156721124	1448210878
1859146384	1448210879
3209522747	1448210880
3299600461	1448210882
2115970340	1448210889
3032884843	1448210890
2214998850	1448210890
5408680964	1448210923
3800790360	1448210926
1954273000	1448210946
5563252632	1448210951
2567603591	1448210953
3147051333	1448210954
5559482731	1448210963
2663851501	1448210984
3176662100	1448210993
1257041003	1448211001
5734393926	1448211010
5586508751	1448211016
3030013752	1448211036
2760626492	1448211095
3135897365	1448211102
5322264866	1448211116
2082245747	1448211128
5362468414	1448211142
1936946634	1448211152
3558431810	1448211163
5605252519	1448211178
2491181861	1448211212
2636580941	1448211219
5564406695	1448211229
2881782130	1448211232
5059616275	1448211241
5016774030	1448211245
1916115030	1448211284
2491271525	1448211297
3260866984	1448211310
2816670354	1448211312
3947892868	1448211317
3256694634	1448211326
1955085762	1448211332
5697880308	1448211381
2305191435	1448211399
2772553054	1448211402
5522309628	1448211440
5647485992	1448211442
2407296145	1448211444
1911371711	1448211472
5501325636	1448211503
2456894000	1448211511
1824913232	1448211518
1670576617	1448211527
2943321545	1448211531
2910908147	1448211581
2211221712	1448211590
2693686702	1448211630
2297160397	1448211640
2685700514	1448211650
3877370921	1448211706
2112806032	1448211715
5074411647	1448211799
5153045961	1448211816
5691286529	1448211819
1301721721	1448211892
5670166368	1448211923
1862774923	1448211947
2697009761	1448211970
2786980124	1448212053
5013171983	1448212053
2883145214	1448212090
2492765134	1448212119
5510426096	1448212130
3974708702	1448212140
5193835179	1448212143
5681499670	1448212198
2144377507	1448212214
2147983312	1448212227
2353108752	1448212238
3175759592	1448212238
1586578632	1448212282
5152729648	1448212345
3147788951	1448212349
5625675439	1448212366
3837259249	1448212389
3116671481	1448212418
2664807674	1448212456
5672172975	1448212460
2835683797	1448212481
5602774462	1448212487
5716305734	1448212533
2638722487	1448212652
2015149727	1448212665
3193001680	1448212682
3247537702	1448212685
3231922490	1448212772
1333471931	1448212783
5667651788	1448212799
3480034607	1448212836
2346284801	1448212857
5581585300	1448212866
5274911032	1448212870
2674872651	1448212872
2374492432	1448212890
2768741483	1448212940
2212522320	1448213026
1880478347	1448213029
5602304684	1448213113
2554586070	1448213125
2370343265	1448213131
2041351477	1448213134
3273851561	1448213187
5177042274	1448213188
3830077701	1448213191
1719077822	1448213199
3137484233	1448213252
3994517083	1448213255
2918530715	1448213261
5492120644	1448213270
1374400732	1448213280
1613674134	1448213376
3603066830	1448213527
2559902790	1448213605
2801399871	1448213613
5332704088	1448213629
2428481105	1448213642
2311860303	1448213701
5337831433	1448213730
2125384307	1448213904
5691370630	1448213918
1645345890	1448213930
5643316107	1448213937
2003098011	1448213953
2106575304	1448213990
1779265143	1448214000
3612696142	1448214068
3121834327	1448214209
3230097840	1448214254
5332704088	1448214260
1846952453	1448214295
2506504981	1448214303
1962457873	1448214408
3046903547	1448214410
2923934671	1448214451
5241895208	1448214539
2693803687	1448214563
5263118466	1448214566
1864281631	1448214690
3879671180	1448214733
2720429150	1448214773
5516669205	1448214804
5709435596	1448214890
5296755730	1448215079
5075510905	1448215154
5683773313	1448215171
5504716685	1448215424
3931581460	1448215463
1805738652	1448215509
1564052603	1448215551
5060446613	1448215568
5493903381	1448215699
3175281875	1448215774
3819801119	1448216076
3819801119	1448216143
5605836710	1448216154
5324778237	1448216180
5718417617	1448216224
3036419435	1448216298
1782455857	1448216316
2268326912	1448216320
3808678332	1448216357
2109701593	1448216489
5426681557	1448216498
2170967253	1448216612
3452310894	1448216702
3852054985	1448217000
5146165122	1448217023
5146165122	1448217036
2529646775	1448217060
5655153531	1448217067
1731492304	1448217167
2026975843	1448217344
2455686500	1448217429
5024666996	1448217461
2680281464	1448217484
5368472360	1448217501
1768866270	1448217540
5217796495	1448217805
1771161737	1448218044
2924373181	1448218113
2811747573	1448218208
2743191827	1448218301
2112147341	1448218498
5584494790	1448218539
2427504794	1448218959
3748287062	1448219012
1909010347	1448219064
2716987545	1448219189
5639177125	1448219235
3882570507	1448219274
3607079114	1448219462
1794119782	1448219664
3104369951	1448219899
3191285812	1448220035
5653727845	1448220328
5289156548	1448220370
5131636704	1448220873
2540994203	1448220953
2779443353	1448221138
2912110917	1448221378
2887566882	1448221518
2572134600	1448221640
2598863513	1448221753
1260771737	1448221812
3225630774	1448221836
5650778837	1448222510
1980588937	1448223038
3198770433	1448223173
2674770020	1448223311
1833596743	1448223495
2322484495	1448223664
2818901393	1448224404
5454446537	1448224881
5491818467	1448225387
1354923161	1448225807
3845676868	1448226016
5228653525	1448226885
3043984187	1448226972
2750820594	1448227111
5166217608	1448227965
3177448302	1448228592
2730474975	1448228764
1802238762	1448228851
3506393201	1448229149
5060795505	1448229166
3239175417	1448229800
3171803124	1448229887
2389163950	1448229979
2361613940	1448230506
5597568646	1448230549
2003412264	1448230986
5564724243	1448231002
1804145175	1448231273
2641868127	1448231310
3973842493	1448231415
2168531601	1448231516
3224251255	1448231747
2290866177	1448231879
1757967321	1448232604
5611650430	1448232637
2678367155	1448232874
1629046953	1448232903
3343994724	1448232949
2456844604	1448232961
2360475637	1448233156
1751016763	1448233343
2395153942	1448233448
5184987024	1448233723
2443024153	1448233818
2177107173	1448233840
1855738870	1448233867
3889183654	1448233867
3754493337	1448234171
1681890232	1448234185
3095180707	1448234377
5033628749	1448234424
1769776285	1448234465
2679290044	1448234635
5637500122	1448234703
5389225956	1448234788
2244035820	1448234864
1605721504	1448234991
2965430337	1448235036
1814884731	1448235304
1371091007	1448235457
3169579961	1448236014
3318544673	1448236015
3756900682	1448236295
2172049403	1448236326
1764172977	1448236394
3192877920	1448236493
2667281775	1448236605
5727860247	1448236610
3302756301	1448236634
1885293847	1448237259
3496505983	1448237543
3172344180	1448237710
5497317827	1448237907
3662940580	1448237956
1719278011	1448237991
5555426371	1448238625
3429948924	1448238687
5449545525	1448238744
5251395016	1448239003
1808795650	1448239035
2388958413	1448239174
5526615609	1448239224
5497039319	1448239444
5681529683	1448239488
5019392468	1448239728
5287369648	1448239785
5540642270	1448239872
5688227593	1448240011
5026036656	1448240026
5347510570	1448240051
2415189923	1448240098
3181693060	1448240115
3334974234	1448240415
5584279559	1448240604
5643531015	1448240677
5755817844	1448240710
1884095734	1448240721
2048840733	1448240736
5172976653	1448240823
1823579584	1448240862
5507604973	1448240872
3480083435	1448240901
2669340615	1448240903
5655418096	1448241142
1728947031	1448241312
1854079431	1448241333
2689119214	1448241359
3006618377	1448241406
3835207893	1448241576
1749047770	1448241687
5504636052	1448241702
2400537081	1448241800
2910903107	1448241842
3837287000	1448242016
1974944487	1448242312
3201734210	1448242376
2237576407	1448242642
5419248202	1448242880
2148391732	1448243109
2504313160	1448243220
1734938011	1448243357
3361174964	1448243453
5459894336	1448243681
2131231924	1448243701
5126664608	1448244186
1761637584	1448244203
2558360583	1448244385
2473762545	1448244563
3280670430	1448244966
3297801295	1448245454
5587320247	1448245524
2941041821	1448245757
5277793206	1448245804
5481843463	1448245887
5493942076	1448246099
1768805470	1448246257
5361171903	1448246699
2947954521	1448247255
2218084600	1448247348
2678655053	1448247924
5714478156	1448248106
5582957343	1448248415
2993191477	1448248465
2104416162	1448248859
3885232030	1448248975
3167854303	1448249070
2904008477	1448249097
3167854303	1448249100
3751131830	1448249106
2392675252	1448249169
5369085268	1448249615
5280413119	1448251221
5729905666	1448251378
5102108116	1448251753
2018899911	1448252299
1821726904	1448252428
3042918247	1448252536
2502617761	1448252573
2919076732	1448252680
3986604467	1448252757
1838129197	1448252874
3228150532	1448252998
2074426487	1448253021
3863094088	1448253048
5604251465	1448253054
1801489022	1448253423
5249870013	1448253745
2154389542	1448253935
5509125773	1448254199
5736441312	1448254817
1343522277	1448255152
3945289038	1448255456
2431131445	1448255456
1818758082	1448255906
5270956392	1448256431
5462300744	1448256469
5197421034	1448257061
2015108267	1448259134
1937586180	1448259351
5383181365	1448259743
2498031144	1448259786
3480339912	1448260529
1877279454	1448260611
1970330455	1448261174
2047153091	1448262366
5520511468	1448262383
5687731710	1448262408
3065671025	1448262448
5066535256	1448262966
5164694733	1448263223
3109695241	1448264710
1733828485	1448265592
1262928061	1448265771
1707200460	1448266344
3312803901	1448268321
5610920203	1448269081
3826393413	1448269216
3952450457	1448272426
1868664514	1448273029
3181862341	1448278146
3315942557	1448279011
2803343081	1448279660
5237385198	1448280848
5584439701	1448280985
3299819530	1448281107
5384066196	1448282705
1898547657	1448282979
5181339576	1448283062
5446399596	1448283841
5175947139	1448284010
2628037443	1448285695
5673230872	1448285757
2192594855	1448286296
2988374983	1448286422
5529657588	1448286575
3164103565	1448288301
3869681531	1448288606
5709589317	1448288681
3563219661	1448291042
5274641658	1448291577
5620565894	1448292187
5646299834	1448292506
2723487331	1448293414
5736919923	1448295698
5374263292	1448295756
5388188621	1448295808
2085158083	1448296398
2941973125	1448298449
3275405851	1448299899
5654464003	1448300612
3810014185	1448301687
2256447642	1448303581
5248261150	1448313206
1251502823	1448322587
3524207057	1448323794
1927615531	1448325482
3140412292	1448326663
3781673462	1448332910
5110536339	1448341605
5717540171	1448341819
5051349615	1448345651
1633576710	1448346175
1780848721	1448351384
3757197293	1448354296
3047677062	1448358039
3558480547	1448360578
5394939196	1448366568
3265788115	1448367000
1347740144	1448368066
1793752444	1448371353
5112057556	1448373093
5492436352	1448374887
2528733430	1448377199
2427671181	1448377743
5145881127	1448380023
5426681557	1448387739
5711563779	1448402012
3884952010	1448420714
5267922277	1448426802
5261766641	1448431492
5600268353	1448436535
2620149561	1448458070
1972435485	1448459666
1972435485	1448462069
2469676730	1448528524
2806423023	1448530993
3781767405	1448602935
1867990513	1448608871
5700338398	1448610455
2704740710	1448632493
5238078091	1448673164
5714554001	1448684746
5585319931	1448712352
3040513453	1448726787
1823960874	1448786762
1735242745	1448801683
2968434040	1448810913
3556290464	1448844494
5690307765	1449155043
3362486172	1449207392
5034318200	1449210231
5062255058	1449337262
5145881127	1450607901
