1130677950	1447666206
1894447105	1447666222
5629389433	1447666230
3686915334	1447666233
5361202482	1447666240
2935904683	1447666249
5122491693	1447666249
5471064099	1447666263
5078703392	1447666282
3592586990	1447666288
5329869486	1447666307
5748383812	1447666317
5141250787	1447666335
5240312812	1447666341
5013127267	1447666347
5371401109	1447666368
3976130277	1447666411
3215940351	1447666418
5490980394	1447666422
3027510897	1447666480
3704374527	1447666504
5668126383	1447666520
5456681663	1447666551
3250967262	1447666552
5692554631	1447666557
5251775827	1447666564
5297642410	1447666571
5324116862	1447666582
5368166099	1447666612
5616450201	1447666621
5049157638	1447666622
5236463684	1447666643
5736955090	1447666648
3183729262	1447666710
3223197430	1447666733
3197574831	1447666733
2727226925	1447666745
5623873818	1447666747
5653598624	1447666747
5136612254	1447666793
5480972390	1447666800
3225304094	1447666806
5697451278	1447666856
5677502778	1447666886
5231177487	1447666913
5212520341	1447666962
1712081655	1447666969
5036666285	1447666978
5101385318	1447667029
3046128631	1447667106
2962984941	1447667122
5759277093	1447667134
5322219237	1447667160
2088649071	1447667169
3529910795	1447667268
5156452103	1447667288
5738522471	1447667326
5332537488	1447667415
5089314363	1447667426
5657076604	1447667517
5473837152	1447667521
5113018647	1447667566
5116402774	1447667571
3229024814	1447667572
5732880200	1447667589
3951203016	1447667601
5163480588	1447667627
5290857775	1447667633
5214113416	1447667843
5459008126	1447667914
5750202765	1447667924
5147541637	1447668012
5733545134	1447668054
5374991973	1447668125
5683706383	1447668190
1803959165	1447668246
5702851112	1447668254
5647444170	1447668339
2269277631	1447668344
5713625360	1447668348
5103345233	1447668382
3484629981	1447668500
5627974920	1447668506
5121180537	1447668558
1592543395	1447668667
5357740418	1447668678
5596488222	1447668687
1907266157	1447668692
5584605274	1447668728
5545137453	1447668763
5255304433	1447668825
2180498697	1447668835
5235718106	1447668915
5705297388	1447669062
3248051144	1447669101
3991556892	1447669152
2428159847	1447669215
5369715663	1447669373
5503019433	1447669419
2707858864	1447669499
5261032170	1447669587
5750603183	1447669854
3949957865	1447669900
5625744153	1447669927
1407268977	1447670208
2035185045	1447670263
2373478971	1447670278
1706716455	1447670483
5195993041	1447670487
5752931158	1447670537
5065583436	1447670549
3988816371	1447670749
3870347096	1447670836
5589430362	1447671006
5079212111	1447671091
2798262840	1447671138
5613099181	1447671341
2395573465	1447671385
5717889841	1447671732
5507177814	1447671739
5658531500	1447671782
5443676408	1447671892
5622017724	1447672090
5656554092	1447672481
5432673983	1447672530
5414521668	1447672589
1854494501	1447672722
3442070132	1447672860
5452089779	1447672948
1774487815	1447672959
1115098944	1447673371
3957235868	1447673603
3616628505	1447673635
2809617537	1447673775
5558655653	1447673808
3978790198	1447674070
5438273250	1447674088
3802120009	1447674801
1966828204	1447674846
1939361677	1447675009
2305880043	1447675704
3245460882	1447675724
5735034998	1447676202
3275751561	1447676428
2111399882	1447676583
5569391924	1447676642
5506417182	1447676752
3797036752	1447676934
5634647575	1447677419
5682439374	1447678137
2731631734	1447678729
1810786234	1447678746
5107531076	1447679590
5038437306	1447679606
5645298879	1447679674
5540001339	1447679805
2912541687	1447679917
3312241773	1447680066
3996095682	1447680524
1797626897	1447680527
5297759635	1447681330
5449073931	1447681623
5274914305	1447681630
5199792156	1447682574
3824319492	1447683302
1867668451	1447683970
5416274715	1447684613
5300072287	1447685167
3095420605	1447685167
5332053625	1447685500
5498686186	1447685533
5592931126	1447685818
2751925575	1447685911
5012882120	1447686386
5545626949	1447686526
2373028301	1447686677
3967194820	1447686761
1967450927	1447687029
5558528985	1447687293
5206943343	1447687315
5162503436	1447687556
3911601715	1447687562
3479751217	1447687662
1857127795	1447688761
3186704333	1447688945
5174423554	1447689131
5476094103	1447690057
2061014827	1447691522
5657556680	1447692225
3283320121	1447692445
5642021081	1447694235
5759178777	1447694316
5280017355	1447695870
5210021647	1447696873
5256502858	1447714039
2171092043	1447723251
5109267436	1447723737
5013127267	1447729519
1951512534	1447730981
5743776321	1447733695
5284193069	1447741708
5054272366	1447742527
1928832931	1447762399
5576956391	1447767515
2294270215	1452264581
