2998156335	1448204582
5735670473	1448204601
5680894988	1448204608
5732349267	1448204630
5707836994	1448204644
5718335436	1448204646
1793639807	1448204662
5736745828	1448204667
5766320690	1448204675
5258312925	1448204682
5756692659	1448204692
2185039140	1448204693
1015200462	1448204705
5654098777	1448204709
5763416978	1448204711
5690166082	1448204718
5658168691	1448204719
5658576208	1448204721
5430980674	1448204728
5613777075	1448204756
5691929414	1448204767
5308030711	1448204772
3926471280	1448204773
5662193953	1448204775
5652555738	1448204791
5759100904	1448204806
5722626067	1448204811
5644598455	1448204829
5708355718	1448204837
2497379355	1448204844
3191761373	1448204852
5694090205	1448204860
5768146384	1448204865
5560391479	1448204866
5644687187	1448204873
5692974771	1448204924
3943139470	1448204951
3900552668	1448204952
5184137777	1448204953
5763805752	1448204966
5730090823	1448204984
5622234577	1448205000
5671206139	1448205034
5547087506	1448205037
5536187895	1448205037
5259621824	1448205040
5600088062	1448205042
1810341367	1448205051
5591056981	1448205076
5672614501	1448205079
5171302773	1448205097
5712968466	1448205098
5623660672	1448205101
3200207405	1448205132
5665207944	1448205133
5644375865	1448205133
5254885097	1448205152
5120811752	1448205154
5308760292	1448205166
5553785230	1448205192
5393377224	1448205216
5646344753	1448205229
5716231510	1448205239
5539089262	1448205244
3278315014	1448205244
5671308373	1448205283
5656282430	1448205283
5743704375	1448205292
5656770902	1448205309
5750801757	1448205316
1144852145	1448205319
3004330860	1448205347
1873714173	1448205357
5640190459	1448205358
5092318396	1448205361
5666640860	1448205378
5766299147	1448205403
2267710942	1448205424
5612221498	1448205440
5617342689	1448205440
3683154702	1448205448
5647203164	1448205468
5646190480	1448205473
5252037871	1448205521
5626428052	1448205526
5742631072	1448205538
5707062799	1448205552
5661936300	1448205568
5687137704	1448205652
5558593331	1448205653
5754893425	1448205726
3511059245	1448205744
5681793273	1448205775
2743254850	1448205805
5745136876	1448205812
2549189281	1448205833
2701228284	1448205880
5662763435	1448205925
5626427595	1448205936
5098351208	1448205943
5703894074	1448206000
5579479381	1448206021
5315334647	1448206153
5683548066	1448206171
5638179906	1448206180
5723606967	1448206191
5639756489	1448206199
5709936803	1448206203
5763424264	1448206225
1809451295	1448206230
1592611905	1448206238
5768079438	1448206333
5709467163	1448206362
2882912275	1448206381
5725604654	1448206407
1960312362	1448206463
5723735969	1448206467
2342124223	1448206500
5702542705	1448206508
5637478070	1448206624
5708893233	1448206734
5057072878	1448206735
5261993154	1448206872
3147257340	1448206951
3314837863	1448207096
5762773485	1448207202
5758773081	1448207266
2325844661	1448207332
5763672977	1448207573
1659179462	1448207646
5601971445	1448207710
2688406173	1448207764
5689225071	1448207965
3876428652	1448208116
3276983391	1448208122
5751700279	1448208681
5724241948	1448208777
5754367459	1448209078
5627482406	1448209235
3613196654	1448209544
5663027073	1448209592
5132557037	1448209893
2355689473	1448210135
3919319812	1448210201
5726090400	1448210436
5491788246	1448210764
3934756255	1448210935
5659603302	1448212054
2658957745	1448212068
5647358722	1448212130
5744358426	1448212574
5755087952	1448212683
5748113799	1448212908
5650471014	1448213135
5638906222	1448213298
5136759331	1448213522
2274997074	1448214781
5713620609	1448215182
5347671079	1448215827
5758206493	1448234761
2110729360	1448253905
5636160555	1448255390
3851122102	1448269240
2110729360	1448271634
5297713207	1448769712
1668898944	1448808823
5792302938	1450004872
5792302938	1450062672
5792302938	1450263694
2748213253	1452206407
