1850988623	1448973437
1647229443	1448973479
2321020873	1448973481
5365425173	1448973493
1731109372	1448973493
3267006847	1448973495
2802540265	1448973497
1542741573	1448973503
1870168264	1448973503
3198820953	1448973506
1648645954	1448973509
2119036940	1448973526
1740170541	1448973527
2062191543	1448973531
2058105202	1448973536
5217661618	1448973559
2197576853	1448973560
1838588691	1448973577
2716761180	1448973583
2020612035	1448973600
1737843570	1448973603
1691096820	1448973604
2715323353	1448973612
1593664802	1448973613
2945614633	1448973622
3462901444	1448973624
1549257501	1448973625
1789794821	1448973635
1926470344	1448973641
1313695855	1448973642
1801638317	1448973647
1674425024	1448973668
1949341995	1448973672
1040603341	1448973695
2178937082	1448973729
2298394485	1448973742
1861160177	1448973769
3485132862	1448973770
1859991280	1448973773
1680769232	1448973781
1887710724	1448973788
1664114605	1448973812
3187898897	1448973814
1765161427	1448973821
1466422254	1448973845
1584236230	1448973855
2321719447	1448973858
1584066895	1448973868
2616763553	1448973876
1652506343	1448973881
2383032233	1448973895
2104844990	1448973899
3226378863	1448973968
1734791171	1448973989
1223011333	1448974005
1832604492	1448974011
2410134095	1448974019
1153983927	1448974057
1826192587	1448974064
1670128773	1448974071
5614496688	1448974087
1101093270	1448974120
1735776463	1448974127
1862746831	1448974135
3699789605	1448974145
1888172112	1448974223
2530258442	1448974224
1368463327	1448974239
1867791820	1448974269
1840407142	1448974285
1881558361	1448974329
1930631420	1448974344
1683327375	1448974351
1867429262	1448974360
1468827542	1448974375
2679160943	1448974389
2627508321	1448974390
1854777052	1448974404
3903108329	1448974404
1301522403	1448974453
2447789157	1448974453
1914432081	1448974552
1768757832	1448974555
1882087872	1448974592
1672604515	1448974654
1621164953	1448974660
2092251677	1448974667
1819677251	1448974734
5453332943	1448974734
3247603752	1448974792
2710757370	1448974806
1644832400	1448974825
1733232845	1448974833
1077089055	1448974877
1853190583	1448974891
1083955502	1448974924
1629429860	1448974930
3190133404	1448974971
1889725260	1448974975
1607116547	1448974999
1644285801	1448975016
2112751073	1448975036
1752149963	1448975058
1727197847	1448975076
1770356504	1448975128
2081234243	1448975137
2896829303	1448975153
2305398340	1448975229
1729648891	1448975232
5290611533	1448975290
2135070804	1448975292
3152681682	1448975306
5764983664	1448975308
1863746585	1448975326
2001484442	1448975334
2139450645	1448975384
1822916024	1448975408
1662828937	1448975423
2568542610	1448975443
1577141593	1448975493
3807272514	1448975649
1763814387	1448975651
2001727880	1448975705
2191739580	1448975716
2115976005	1448975721
1311935664	1448975842
1784689953	1448975876
1992262097	1448975884
2800105262	1448975886
1400124701	1448975967
1445640687	1448976031
3988067642	1448976153
5286051905	1448976156
1770164781	1448976173
1401939192	1448976209
2247995961	1448976238
2014840012	1448976273
5721828708	1448976287
1904135517	1448976321
1749867661	1448976343
1662828937	1448976382
3547920943	1448976461
1611580594	1448976494
2610701431	1448976601
5758727440	1448976620
1764759837	1448976626
1173157763	1448976676
1696919262	1448976687
2929129575	1448976695
2651421470	1448976718
1676943601	1448976735
1880726494	1448976794
3567118993	1448976795
1939372957	1448976815
1812478265	1448976854
1217121742	1448976916
5036747988	1448976929
2106054385	1448976967
1791540047	1448977014
2350150721	1448977032
3923710597	1448977119
3960557199	1448977217
2111558860	1448977325
2305590510	1448977414
1933281111	1448977477
1605052184	1448977499
1662828937	1448977511
2152326900	1448977592
5620404077	1448977771
1909149825	1448977788
1789181132	1448977830
2018686827	1448977917
3966621653	1448978231
2149314461	1448978327
1662828937	1448978422
1965229917	1448978540
2120250430	1448978559
1884251030	1448978587
1967276963	1448978694
1662828937	1448978752
1662828937	1448978794
3832886765	1448978845
1760850077	1448978858
1840238794	1448978868
2024990575	1448978997
2281882104	1448979033
1799595385	1448979157
1196542637	1448979439
1248241233	1448979538
1843738595	1448979539
1744920505	1448979581
5746065445	1448979652
2154918772	1448979709
2139944453	1448979811
1885759465	1448979838
2857572854	1448979928
1192437460	1448979966
2122109181	1448980084
1967162935	1448980253
1791494097	1448980362
2921496771	1448980494
2482408301	1448980495
1668348584	1448980638
5763523342	1448980641
1774585360	1448980715
5747402731	1448980748
5643713306	1448980862
1461572650	1448980957
1086269164	1448981151
1826870687	1448981186
1747735364	1448981235
2255761954	1448981426
5143322077	1448981576
2945184142	1448981598
3792864224	1448981645
2486283352	1448981800
1270597102	1448981888
2672869884	1448981987
5530848374	1448982189
1694336490	1448982336
1644839707	1448982364
1874615873	1448982766
1972246484	1448982978
2011100685	1448982980
2104599610	1448983030
1895144632	1448983223
1695646672	1448983248
1884109020	1448983289
1836774501	1448983350
2282349634	1448983529
1785239762	1448983534
1655686920	1448983551
1102958597	1448983893
2304284334	1448983919
1537125217	1448984018
1408483995	1448984092
1922694081	1448984348
3883711890	1448984738
2060226407	1448984771
2607517101	1448984901
1747670983	1448985165
1941124993	1448985208
5155446754	1448985245
5710351403	1448985269
80065423	1448985358
3187388930	1448985361
3196949393	1448985620
1427724265	1448985772
1864864694	1448985809
1409479457	1448986049
1944093681	1448986202
1634453844	1448986430
1919335652	1448986749
2203011375	1448986814
2238017382	1448986828
1223728257	1448986920
2687780117	1448987400
1687213577	1448988523
2921279810	1448988946
5733409456	1448990524
1778377115	1448990936
1423598421	1448990944
1732949480	1448990979
1598124500	1448996705
2313096134	1448997059
1774609614	1448999013
1269630367	1449000227
2397972083	1449006196
5540792636	1449006238
5744341367	1449007309
1662828937	1449010309
3220487647	1449010935
1415904123	1449010949
2662446233	1449011701
1882219944	1449013217
3023176183	1449013596
1257004921	1449014766
5383042751	1449016782
2783122782	1449016923
1787290550	1449017322
1928077220	1449017812
2495035430	1449018126
5207201250	1449018252
2389595377	1449018279
3888008372	1449018381
5724060530	1449018766
2198290920	1449020131
5234615765	1449020233
1813060523	1449020851
5059828250	1449023062
3651155002	1449023182
1914594257	1449023694
2679664811	1449024678
5305475155	1449024699
2279625377	1449025756
2257159430	1449026093
2292826540	1449026305
2028353132	1449029242
2850153095	1449030151
1712429677	1449031907
1900574345	1449033667
1877994727	1449034041
1910495917	1449036436
1850988623	1449040681
1392593074	1449040755
2631430313	1449040776
1309037017	1449040779
1736350371	1449040796
2933738392	1449040935
1437671200	1449040940
1261141474	1449040940
1649207094	1449040960
2703148074	1449040980
1712121643	1449041007
1830815295	1449041020
1801088643	1449041030
1916020581	1449041051
1551735332	1449041087
1635417382	1449041113
5419914445	1449041114
2380600384	1449041118
1898795771	1449041119
3169357594	1449041126
1086601823	1449041127
5633358037	1449041136
2694510634	1449041139
1733537474	1449041163
1867448210	1449041169
1437671200	1449041170
3346333014	1449041176
5661980553	1449041196
1561257124	1449041211
2382881080	1449041244
5365425173	1449041270
1850175393	1449041312
5698259270	1449041352
3076598821	1449041376
1686601053	1449041539
1763042592	1449041545
1563058220	1449041549
2169258734	1449041600
1654702147	1449041718
2264594614	1449041719
1773271307	1449041747
1915587265	1449041748
2074391917	1449041831
1899550174	1449041846
2164409230	1449041919
1736737707	1449041941
2839180943	1449042065
1929670655	1449042075
2728902455	1449042077
3560391844	1449042078
3223929093	1449042135
1557713330	1449042199
1862140662	1449042204
5349107321	1449042319
1261141474	1449042406
1882223631	1449042407
1169320745	1449042411
5691268562	1449042412
1785360914	1449042431
5608454749	1449042502
2363241075	1449042511
1058829445	1449042542
1747538101	1449042543
5677939932	1449042546
1697878991	1449042548
5776875123	1449042639
3210795805	1449042648
1507428871	1449042648
2941989354	1449042705
1758774477	1449042723
1169192631	1449042727
2660831184	1449042778
3224752742	1449042834
5628433261	1449042913
1273323604	1449042965
1613567901	1449043070
1265479057	1449043125
1767217634	1449043181
2192176892	1449043186
1985225567	1449043304
2039826914	1449043477
1665033310	1449043484
1803752333	1449043486
1490312145	1449043585
2102097493	1449043615
1195116647	1449043652
3266173774	1449043726
1678010881	1449043795
1803756404	1449043818
1752312385	1449043840
5706759724	1449043888
1757760865	1449044076
2354640672	1449044086
1680912054	1449044170
2170152095	1449044451
2256514394	1449044455
1747339247	1449044688
1815787533	1449045063
1787335663	1449045236
1824286844	1449045317
1736954135	1449045468
2042839947	1449045661
1404335940	1449045666
1764413232	1449045694
1940935664	1449045779
2645374345	1449045799
1763251650	1449045866
1760856534	1449045938
1628781447	1449045984
1762850157	1449046059
5710754046	1449046105
1689846733	1449046135
3868765725	1449046695
2161084517	1449046871
1628594872	1449046932
3925651606	1449047103
3636163920	1449047167
2477988064	1449047233
1244238173	1449047344
3217830857	1449047381
2363401984	1449047625
1907926985	1449047685
1409745934	1449047725
2689728115	1449047766
2774602785	1449048295
1811262610	1449048337
2869548334	1449048363
2181629571	1449048525
1760141725	1449048635
2019666827	1449048650
1272829524	1449048718
5038681715	1449049103
2627312345	1449049418
1653587697	1449049549
2115856661	1449049610
2610586485	1449049729
5677864959	1449049945
1695868437	1449050145
1772093157	1449050674
2740892487	1449051003
1622315753	1449051017
1401883480	1449051111
1871776723	1449051890
2718267587	1449052345
2091201767	1449052870
1955272720	1449052922
1199814731	1449052979
1868382691	1449053303
1418246903	1449053861
1930991254	1449054646
2061269711	1449054662
1419027117	1449054696
2083250061	1449055495
2884127495	1449056070
2551518101	1449056135
1895493155	1449056205
5708522492	1449056997
1302687953	1449058028
1338230303	1449058144
2397971770	1449058983
2792587172	1449059725
2761447193	1449061336
3647836197	1449061364
1140226321	1449061445
1697198077	1449061744
1843868201	1449061910
1783949257	1449062047
2615411233	1449062223
3866804975	1449062282
2303779624	1449062315
2039628437	1449063647
3191915260	1449063661
2459224884	1449063818
1867176251	1449064209
2143795993	1449066349
5712930235	1449066643
2817388305	1449066976
5022715826	1449067472
5642456356	1449068390
1778326517	1449068891
1741850311	1449069839
5713565079	1449070352
1942314964	1449071533
1704975293	1449071908
1724966862	1449073868
5588573963	1449074002
2097894705	1449074695
3915157075	1449074991
2185930400	1449075692
2272824455	1449076989
1356134415	1449080028
1687312890	1449101811
1748114061	1449102699
2286985325	1449109193
1675961211	1449112402
2029244411	1449116171
1219354543	1449117038
3902719328	1449132057
1807373924	1449132433
2111054653	1449143981
1643788124	1449152232
5667765841	1449153392
1788387255	1449158201
1734359020	1449163727
5448515185	1449238036
2027286863	1449245094
1565906093	1449255743
1888967275	1449275058
3509135164	1449276138
2143141707	1449302980
2322375473	1449307172
3249945155	1449315097
1653793453	1449321384
1941124993	1449326729
1697995095	1449327850
2576203314	1449329826
1800546611	1449331806
1836516907	1449332507
1281691255	1449332796
1862096764	1449337268
3867150924	1449359172
2698266383	1449372390
1748630184	1449402329
1871789423	1449410226
3509135164	1449451996
5578572684	1449493212
5735420113	1449548261
5186359774	1449669511
1280051035	1449842748
2166018387	1449912420
3743277607	1451058735
2295130557	1451341147
2795998625	1451393786
