2656274875	1447983087
2509530027	1447983108
1940908571	1447983117
2509914845	1447983118
5540821146	1447983119
5125207937	1447983125
5674020040	1447983126
3454884252	1447983139
1720145480	1447983141
1711716413	1447983141
5101344717	1447983143
5494144255	1447983144
1929839431	1447983149
2055290603	1447983150
2929678717	1447983151
5745872827	1447983153
3839170743	1447983154
2648375495	1447983156
3565260540	1447983156
1801543175	1447983157
2642892482	1447983159
3059093497	1447983160
3445659010	1447983165
5284732754	1447983173
1597065267	1447983179
1651758121	1447983180
5651982277	1447983180
1339945701	1447983186
2736321037	1447983186
2753808645	1447983187
1933408404	1447983193
2049014035	1447983196
1296433523	1447983198
3465386262	1447983203
3691153993	1447983206
2528609617	1447983206
2270277165	1447983208
2418367322	1447983211
1686524193	1447983212
2287208911	1447983215
1234455983	1447983216
3390771710	1447983220
2132631721	1447983221
1737481755	1447983221
5709662352	1447983223
2959051494	1447983224
2458804492	1447983231
5321257055	1447983234
5273047184	1447983234
2196562461	1447983237
5235315410	1447983237
2670480571	1447983239
1844757830	1447983241
2108001474	1447983242
5445830942	1447983249
3669070701	1447983257
1823189405	1447983257
1824588081	1447983264
5745337864	1447983265
1596535182	1447983270
5102832538	1447983275
1915421033	1447983277
3026923545	1447983279
1779458987	1447983283
3814991110	1447983288
1819532955	1447983289
3920617848	1447983295
2606805851	1447983300
3231578712	1447983304
1900655607	1447983306
1291804543	1447983308
2870651630	1447983309
2739912407	1447983312
5642570540	1447983314
1058106635	1447983319
2630843320	1447983328
1760216164	1447983328
2746885480	1447983329
1775070254	1447983336
2406379935	1447983340
1782662115	1447983342
2151093430	1447983342
3167127842	1447983347
1454463072	1447983348
1266497212	1447983356
1968896093	1447983359
5678448840	1447983360
3356700200	1447983363
1744011894	1447983364
2818804421	1447983366
1199887364	1447983366
1092676870	1447983368
2746951252	1447983378
3482630190	1447983379
3203902772	1447983380
5429771637	1447983381
3977667681	1447983386
2744330374	1447983391
5413445729	1447983397
1948968492	1447983397
1840898011	1447983397
3847164888	1447983398
2070924571	1447983399
2250559193	1447983401
2296608084	1447983407
1789601267	1447983407
3194801454	1447983412
2724894977	1447983413
3621794463	1447983414
3209839633	1447983417
3748021740	1447983427
3039200751	1447983430
1693151447	1447983430
3852398116	1447983432
3658823847	1447983432
3810022488	1447983433
2445452775	1447983437
1958677940	1447983443
2365380414	1447983443
5527977544	1447983448
2097114137	1447983449
3196295983	1447983453
2077933273	1447983458
3095447261	1447983464
2302068910	1447983467
2473289943	1447983469
5752456296	1447983469
5733415619	1447983470
5713639772	1447983471
1746997485	1447983473
1366802473	1447983477
2278971425	1447983477
2817623017	1447983480
2967440332	1447983483
1932447943	1447983487
5214245541	1447983488
5180077970	1447983489
1759338595	1447983492
2303604552	1447983496
3953716663	1447983497
5234022932	1447983499
2384464857	1447983501
5621587013	1447983507
5036071968	1447983509
2668048477	1447983509
1776190623	1447983511
5631401531	1447983515
5732552628	1447983515
2678536081	1447983523
5758155830	1447983526
1729025460	1447983530
2656877454	1447983534
3556647070	1447983534
1188045234	1447983551
3238378242	1447983551
1771446083	1447983555
1602259262	1447983562
1006128114	1447983565
2775649941	1447983572
1711955725	1447983579
3799172832	1447983579
3243203295	1447983588
3924513315	1447983589
3879268217	1447983594
5293216295	1447983598
1698914970	1447983603
2061664865	1447983603
3793520983	1447983607
1900972027	1447983611
3159474902	1447983611
1626188442	1447983617
2729743400	1447983618
3658798362	1447983618
5663042480	1447983621
5765149483	1447983623
5295527171	1447983638
2580385082	1447983638
2678637497	1447983640
3117671337	1447983640
2312107327	1447983645
5545557263	1447983655
3479960381	1447983656
3958031594	1447983659
5641230263	1447983660
1404882305	1447983667
5228006573	1447983672
3268729730	1447983676
2371735012	1447983676
2249369141	1447983678
2714134953	1447983684
2340458495	1447983684
3964985466	1447983684
3153506684	1447983685
1787123917	1447983688
3580346915	1447983697
1459641614	1447983703
3009796325	1447983703
1431406281	1447983705
2371183845	1447983720
5088547319	1447983721
1228652390	1447983724
2758104157	1447983727
3121497721	1447983730
3277222757	1447983736
1453537092	1447983741
5392317318	1447983743
5390638383	1447983752
2294923561	1447983754
3731435602	1447983757
3530106024	1447983758
3837456664	1447983767
2400578527	1447983770
2823047273	1447983771
1762056594	1447983781
5368520174	1447983783
1433512494	1447983785
3225986897	1447983787
3740863260	1447983790
2280979867	1447983794
5298148350	1447983808
1244796571	1447983808
3927477580	1447983831
2673215115	1447983841
2796077115	1447983851
2774774110	1447983851
5236839279	1447983883
1877493201	1447983885
1957366017	1447983885
1779708137	1447983889
1823825124	1447983894
2551830897	1447983895
1676039801	1447983899
3710694742	1447983900
2598325712	1447983906
5354813783	1447983913
2166588237	1447983921
3225545487	1447983926
3142261821	1447983934
3148273395	1447983934
1795213627	1447983942
1887658604	1447983964
5098579859	1447983967
2316805135	1447983977
1628845381	1447983982
5559135060	1447983994
3908606016	1447983996
1899033447	1447984001
3194164131	1447984011
2703475303	1447984018
1665967701	1447984025
3908606016	1447984033
2874968722	1447984040
1791776824	1447984043
1843102557	1447984051
3202707650	1447984070
1751722883	1447984085
3196516843	1447984086
2706589587	1447984087
2632056261	1447984091
5703104536	1447984091
2205674672	1447984091
3753903272	1447984106
1226226427	1447984109
2662389181	1447984117
2416527795	1447984120
3335628910	1447984132
3107404667	1447984144
2912023903	1447984154
5661894589	1447984157
1801262825	1447984158
3923554045	1447984175
3191328740	1447984184
2694657683	1447984189
5059918538	1447984193
5336249291	1447984196
5521562007	1447984196
5663841789	1447984197
3163901762	1447984199
5564636476	1447984200
5650817429	1447984203
1981593657	1447984204
2092260060	1447984223
2756385605	1447984236
5707690672	1447984246
3194039225	1447984247
2965399415	1447984249
1264462263	1447984254
1975847373	1447984268
5663359434	1447984270
3188663003	1447984307
1785733293	1447984311
3055212693	1447984314
5687909818	1447984314
1872428600	1447984325
2156370085	1447984326
1396007010	1447984327
3993318664	1447984344
5192532785	1447984346
1738608343	1447984380
1820577767	1447984382
5518231400	1447984390
2736847935	1447984426
1155604262	1447984428
3264123192	1447984432
3244352922	1447984441
3222139932	1447984441
3809807174	1447984443
5146887685	1447984456
1744569332	1447984460
5277825817	1447984464
2626213503	1447984480
1839713071	1447984495
5129702780	1447984496
2155833144	1447984507
3305514660	1447984511
1764782602	1447984524
3946321491	1447984529
3100213557	1447984535
5696627733	1447984535
2105003330	1447984536
3441347780	1447984548
1072957597	1447984548
1961007515	1447984574
2080745581	1447984586
5610265557	1447984610
2122280690	1447984613
5071121385	1447984616
5146710141	1447984622
3104040923	1447984624
2059893971	1447984628
5574689961	1447984649
5572667135	1447984652
1777126302	1447984660
5663553635	1447984663
3957853315	1447984675
1821096737	1447984675
2828434604	1447984685
5027962811	1447984685
3881712063	1447984703
2561408407	1447984725
2431725231	1447984732
2863732815	1447984739
2101974240	1447984792
2875883570	1447984798
2684208177	1447984803
5602939899	1447984823
1773210354	1447984844
1862677584	1447984846
3054567241	1447984868
1700663912	1447984906
5701547522	1447984911
1751548315	1447984923
1899317427	1447984937
1620193803	1447984963
2070553577	1447984972
1751789332	1447984973
2725177091	1447984977
2693301343	1447984997
3413815694	1447985031
3242979822	1447985046
3525759214	1447985157
3801752889	1447985189
1838971815	1447985195
2607651103	1447985198
1724595120	1447985215
3203077501	1447985237
5391279917	1447985261
3189685723	1447985268
2932456383	1447985296
3883720788	1447985319
3762429354	1447985366
3051325544	1447985377
2451641101	1447985378
5202617739	1447985390
1293652720	1447985418
5048701384	1447985437
2832683130	1447985461
1907033742	1447985476
5453383874	1447985489
3177548600	1447985491
2966707230	1447985496
5383292109	1447985505
3038641281	1447985509
2414021347	1447985512
2301650363	1447985541
5726778466	1447985549
2197399887	1447985565
2718272273	1447985567
3195848677	1447985568
2769942305	1447985584
5507821897	1447985598
3271447757	1447985601
3868772535	1447985603
1881751410	1447985614
2793021953	1447985616
2971564125	1447985626
3332975860	1447985659
3989718224	1447985671
2189014100	1447985714
3239733940	1447985747
2837331494	1447985815
2463521373	1447985817
2202157353	1447985848
1403923872	1447985851
1874378733	1447985903
5672483411	1447985908
5352926143	1447985923
1694114671	1447985930
2837013851	1447985933
5295573702	1447985934
5505903099	1447985962
3171472730	1447985963
1104182125	1447985976
2740810011	1447985987
2060660252	1447985999
1693582421	1447986044
3011207591	1447986064
1683476141	1447986105
3699281002	1447986116
5135176580	1447986150
3435518052	1447986170
1920299167	1447986175
2177987263	1447986181
1669366323	1447986250
3659875171	1447986262
3496497365	1447986262
5597096374	1447986275
1261972440	1447986283
5582206188	1447986293
3515703571	1447986357
1602260084	1447986406
3146280560	1447986481
3153814710	1447986519
1738469887	1447986524
2117736203	1447986533
5471478735	1447986533
5336169985	1447986552
2401834091	1447986604
1880222457	1447986608
3672621387	1447986614
5381206912	1447986622
1860196022	1447986628
5456102167	1447986638
5272117657	1447986700
1797236904	1447986720
5405704561	1447986813
5260792782	1447986813
1783505961	1447986863
2924499741	1447986887
1692750960	1447986890
1684486462	1447986895
5321464854	1447986909
5688511748	1447986934
5283826123	1447986968
3904791619	1447986969
3084166734	1447986969
1242783427	1447986992
5462615578	1447986997
3821036168	1447987002
2724122803	1447987031
3240298992	1447987039
1950981414	1447987060
5128930015	1447987069
2486824783	1447987077
3193644740	1447987080
5680467010	1447987096
2386620453	1447987130
3167417173	1447987194
5507229559	1447987210
1864245290	1447987239
3786438673	1447987246
5691039695	1447987264
5537938316	1447987276
1571346992	1447987278
1665986430	1447987284
5684897707	1447987311
5066255132	1447987321
1255780800	1447987328
3107617595	1447987328
2063357925	1447987331
5195249956	1447987343
2376197700	1447987420
5734627411	1447987449
2960309913	1447987464
5634431470	1447987489
2037428957	1447987534
5137907387	1447987577
2825506624	1447987712
1671042681	1447987714
3916834717	1447987724
3034056984	1447987730
3186514720	1447987745
5594257666	1447987826
3481923375	1447987874
3333253072	1447987880
5143656608	1447987880
1980722194	1447987893
1314154460	1447987919
5446764604	1447987959
2980747385	1447987961
2905820274	1447987991
3540577701	1447988001
5211066176	1447988002
5561963092	1447988012
1956608445	1447988162
3468372884	1447988260
3485122022	1447988264
2232634762	1447988272
3258169912	1447988307
3668749015	1447988307
5654302533	1447988308
5625474771	1447988308
5091052206	1447988308
1916540610	1447988316
2509065925	1447988319
1841446600	1447988349
1650779531	1447988359
5061274431	1447988365
3633779570	1447988400
3013932257	1447988422
1673896204	1447988423
2438055943	1447988476
1917347183	1447988539
1600625064	1447988641
2688600524	1447988766
2659452421	1447988769
5617623882	1447988805
2725776833	1447988838
2377659952	1447988853
3186092294	1447988927
3947669928	1447988958
1846028867	1447988967
5580706931	1447988969
2109303412	1447988996
1683678642	1447989060
1549663705	1447989063
2839622840	1447989209
1893489274	1447989233
3860052944	1447989281
1948895597	1447989329
2659722191	1447989368
5657719058	1447989502
3317650921	1447989553
3248312792	1447989610
5626423318	1447989636
3184166970	1447989684
5653407535	1447989702
1819938183	1447989702
5654091330	1447989718
5316799281	1447989866
5603192836	1447989899
2855738112	1447990045
2230749984	1447990102
1339673451	1447990166
2721441173	1447990269
3150581934	1447990281
3699590352	1447990335
5436827044	1447990503
5583295123	1447990608
2003892273	1447990654
2642700373	1447990687
2617959601	1447990768
3441938012	1447990783
1768427324	1447990787
2722069831	1447990800
1109874027	1447990809
3983655427	1447990811
5757947026	1447990838
3322023620	1447990842
2180600137	1447990903
5070510822	1447990903
2685199040	1447990922
2954002537	1447990945
1057548304	1447990970
1088333872	1447990990
2889342755	1447991033
1769679282	1447991068
3944800240	1447991107
3298843733	1447991212
5147261086	1447991239
5626641387	1447991279
1747270715	1447991385
2739406592	1447991389
5647710441	1447991419
5605308489	1447991447
1933830962	1447991493
3227646751	1447991749
5082777452	1447991778
5559814881	1447991855
1726651201	1447991897
1374839735	1447991935
2467162457	1447992073
2263398255	1447992099
3637144531	1447992213
2661541583	1447992407
3580213362	1447992452
3637144531	1447992543
1211795095	1447992726
3830533982	1447992788
2091226744	1447992863
2294710870	1447992898
2093616440	1447992949
3887290371	1447992958
1084632900	1447993064
2531466755	1447993122
5100687886	1447993175
5387526225	1447993245
2825985904	1447993246
2659890121	1447993281
5236070506	1447993370
3258868792	1447993391
5587164956	1447993556
2253552277	1447993678
3120426587	1447993694
3217729550	1447993718
1517949084	1447993750
5340496706	1447993928
1916862101	1447994055
1962121401	1447994089
1777093723	1447994203
5751044719	1447994276
1565296987	1447994323
5138372995	1447994346
1807326457	1447994359
3870509559	1447994490
5321074854	1447994502
5310077952	1447994572
3964433659	1447994682
3593418927	1447994827
3813656231	1447994906
2507341727	1447994950
1760246610	1447994982
2610383181	1447995148
2431398645	1447995401
1719344852	1447995442
3125879223	1447995484
5540375071	1447995661
1275112392	1447995746
1862417992	1447995776
2910380315	1447995796
2086313547	1447995931
5350109591	1447995970
1563605063	1447996064
3602101507	1447996117
5491830209	1447996266
3921197929	1447997197
3921197929	1447997215
3650043404	1447997244
3921197929	1447997297
5180750173	1447997454
2132547607	1447997580
3812289975	1447997600
5153533695	1447997853
2860802314	1447998179
1468117743	1447998695
5517188136	1447999021
1867790664	1447999091
1869838734	1447999619
1800053320	1447999729
2715284082	1447999934
2278532841	1448000033
2002045261	1448000069
3205090590	1448000214
3201524042	1448000226
2643031551	1448000273
3870386974	1448000283
2675179620	1448001051
2406226493	1448001725
3668728534	1448002013
5050849030	1448002593
2595620207	1448002812
1971917191	1448003025
3237288394	1448003096
2802100563	1448003242
5242806064	1448003554
1866148613	1448003626
3209401022	1448003806
1196221333	1448003956
1735730573	1448004840
2705517122	1448005022
5015035182	1448005050
2948646240	1448005323
2111073145	1448005452
2559587121	1448006602
5117943420	1448006849
5487378685	1448006868
5672704705	1448007089
3234522115	1448007318
3848645048	1448007500
2846188941	1448007588
5202793934	1448007767
5202793934	1448007830
5277779730	1448008073
5548267426	1448008135
1668806663	1448008288
3136995627	1448008741
2911421055	1448008922
3177551997	1448009618
3980057994	1448009775
5346458393	1448010804
2489506151	1448010893
5174049983	1448011717
1839965863	1448012598
2057718695	1448012916
2036314732	1448016939
5603453891	1448017208
5649034489	1448017247
2514340450	1448017803
2805232861	1448018422
3265771644	1448018557
3310788513	1448018993
5567898273	1448019199
1933853043	1448019777
3031035322	1448019978
5539438178	1448020920
3063650743	1448022062
2800902072	1448022583
1154511257	1448023841
2312971792	1448024985
5658694731	1448025419
3009388603	1448025675
2421924422	1448025726
2691321762	1448026456
1994962631	1448027117
2686123723	1448028409
5336307434	1448029783
2689486731	1448030268
5251731475	1448030618
5239516455	1448031215
1968515647	1448031972
1198610047	1448032397
5521870266	1448033025
2620169431	1448033909
3204575302	1448035998
5645713140	1448039619
5036793386	1448051366
5642759284	1448054493
5706907103	1448054993
5581499235	1448055460
5626941703	1448056092
1108383334	1448056725
1990215480	1448067345
5657379277	1448070595
3007471631	1448079399
1813875571	1448079944
3786007130	1448081283
1752905872	1448094763
3108867894	1448118441
5672080108	1448121868
3847160568	1448181002
5342482505	1448183745
5036793386	1448224504
1848928290	1448237020
5186656469	1448243096
5217034775	1448249294
1961630591	1448716033
5762542144	1449015024
5767631304	1449113949
