2656274875	1448878461
3802261092	1448878467
5343060398	1448878496
1861354782	1448878497
2881180192	1448878500
1977045525	1448878509
2735741127	1448878513
2658107993	1448878516
5746561022	1448878520
3195221890	1448878530
2000989185	1448878531
1849347287	1448878533
1751399443	1448878535
5195249956	1448878545
1658778670	1448878554
2325401251	1448878555
1276813231	1448878557
3846037739	1448878561
5768806345	1448878563
3557939442	1448878563
5717602058	1448878563
2305586860	1448878564
2649083522	1448878575
3247320690	1448878576
5021700807	1448878586
2190069852	1448878589
1767945245	1448878589
2305976203	1448878591
3169789437	1448878591
5456508182	1448878593
5101344717	1448878598
1853083273	1448878600
3859768904	1448878600
5716468630	1448878612
5228662423	1448878614
2929036870	1448878618
2418643291	1448878621
3051827272	1448878626
2179011983	1448878626
1895922995	1448878631
2940947763	1448878639
5752366036	1448878643
3177227673	1448878661
3460693600	1448878665
2736845115	1448878666
1849903607	1448878670
3189321991	1448878673
5023541318	1448878687
5766475788	1448878690
1984005235	1448878695
5754190990	1448878701
5673836800	1448878703
5731224280	1448878713
5102675404	1448878722
5108300915	1448878727
1745031834	1448878728
3213875490	1448878731
1935609891	1448878732
3518412623	1448878734
1677185744	1448878738
3670079250	1448878740
1569732850	1448878740
5364450311	1448878741
3957272834	1448878747
2481925193	1448878752
2203402495	1448878752
5758204030	1448878753
2441987017	1448878756
5518054312	1448878757
2672687873	1448878773
1728690440	1448878782
5677556840	1448878789
2246978100	1448878801
2014109712	1448878802
3560729074	1448878807
5611220017	1448878807
1686671065	1448878813
5134890995	1448878824
2775159667	1448878828
3908312416	1448878833
1819416672	1448878840
1689115911	1448878841
3836590153	1448878841
5379476407	1448878842
3957853315	1448878847
2829861125	1448878858
2412334720	1448878859
2496649282	1448878863
1101347944	1448878868
1363139081	1448878870
1278689027	1448878883
3865192868	1448878890
5179805579	1448878906
2653850204	1448878911
5689138909	1448878911
5716337783	1448878912
2583610672	1448878913
1034576850	1448878918
3048294731	1448878924
5683913534	1448878937
1866686040	1448878939
1006653751	1448878941
1496821657	1448878947
1223002161	1448878949
3225309410	1448878961
5626638464	1448878962
2937699200	1448878968
5123672396	1448878972
1890393193	1448878989
1789052201	1448878991
5489177768	1448878994
1025466460	1448879017
2937647844	1448879022
1750095742	1448879040
1005599381	1448879044
1359166130	1448879052
5411914897	1448879056
5355647729	1448879069
1741788391	1448879071
1771847385	1448879072
2293066351	1448879073
2726705561	1448879079
1839869045	1448879091
1063928682	1448879092
2605128392	1448879094
5280208425	1448879100
5505380005	1448879102
5512569438	1448879114
1922889374	1448879121
2135505897	1448879125
3056135005	1448879134
2055422583	1448879136
5628244095	1448879138
1877817835	1448879142
2748051952	1448879147
2092104701	1448879160
3969223547	1448879163
2703019322	1448879165
1818658791	1448879187
3739169820	1448879190
5553579225	1448879203
5544759385	1448879212
5737248689	1448879216
1896364783	1448879221
1476067807	1448879222
2935662137	1448879232
3281441310	1448879242
1998039841	1448879255
1876836610	1448879261
2559349092	1448879262
1903225827	1448879284
2983136997	1448879289
2931164171	1448879296
3946189911	1448879300
1689658324	1448879300
2754770015	1448879303
5357946826	1448879303
2094930715	1448879315
2964752834	1448879322
5060281175	1448879330
2023111407	1448879335
3584384092	1448879347
3066846601	1448879351
2325657091	1448879357
1788692500	1448879361
2947973770	1448879365
3165528810	1448879383
5722628071	1448879392
5659114478	1448879396
5665770334	1448879421
1950155113	1448879425
2218914362	1448879429
5398379166	1448879438
2609984007	1448879447
1315405142	1448879473
2281771591	1448879486
2170116974	1448879491
5732957272	1448879504
2493006933	1448879525
5506362056	1448879538
3875142931	1448879541
2969246460	1448879545
2936721061	1448879549
3481989692	1448879549
2296399520	1448879550
2548465314	1448879552
3863954670	1448879552
5232299849	1448879555
1679372377	1448879563
5189381473	1448879567
2029229903	1448879570
2934695273	1448879572
5320520493	1448879597
2686108113	1448879601
1786179127	1448879618
5628290844	1448879619
1737209084	1448879623
3909121743	1448879634
1801876911	1448879648
3170750977	1448879657
2305114931	1448879660
3919085461	1448879667
2515368343	1448879674
2126635710	1448879679
2092915413	1448879703
1890682077	1448879711
2266729675	1448879732
2318678780	1448879733
2584544641	1448879770
5594818042	1448879783
1847621424	1448879783
2658353915	1448879787
1924213145	1448879804
2711943751	1448879806
1896298005	1448879810
1889535170	1448879839
3169673967	1448879845
2208917182	1448879849
5772159067	1448879850
1691778013	1448879857
2984773280	1448879868
1824765120	1448879869
3246981262	1448879872
5307822533	1448879900
2774326642	1448879909
3279084385	1448879932
2282414064	1448879968
2260957193	1448879981
2123977833	1448880000
1765469082	1448880017
2875214851	1448880053
5728128475	1448880055
3042526887	1448880084
2073524653	1448880084
2161585233	1448880118
1900234937	1448880133
5590014635	1448880143
5539492495	1448880155
3099043551	1448880159
3987425121	1448880177
2552235212	1448880180
2350873964	1448880199
5591722960	1448880219
5225377174	1448880223
5390904971	1448880240
2384683941	1448880242
1658826027	1448880248
3202537987	1448880248
2067820073	1448880273
3958531624	1448880274
2240878711	1448880283
5295895828	1448880284
1669078997	1448880294
1852166763	1448880341
2870823950	1448880359
2626790115	1448880366
1682425005	1448880374
1305635335	1448880384
3456428770	1448880398
2345201322	1448880410
3418076732	1448880415
5598046663	1448880418
3187060122	1448880446
5577298244	1448880540
3039010764	1448880542
1909966327	1448880552
2689683727	1448880582
2702975680	1448880592
5698652838	1448880601
3914078018	1448880632
5698316810	1448880648
3136472361	1448880660
3105244817	1448880674
1645694514	1448880686
5533209958	1448880744
5210615860	1448880755
5279680854	1448880793
1987808763	1448880807
3009602453	1448880812
2171024301	1448880864
1696075662	1448880966
3680119531	1448880975
1876617857	1448880986
2784187907	1448880987
2447210092	1448881047
5270442884	1448881057
5645931008	1448881113
5240190637	1448881175
1640303114	1448881225
5175706730	1448881226
3713210062	1448881238
1214253054	1448881271
1859668394	1448881296
3149989394	1448881313
3289845045	1448881318
2912304155	1448881445
5711155036	1448881549
2792580777	1448881564
1760200907	1448881604
1786752232	1448881644
1762955850	1448881648
2157442521	1448881726
2532430150	1448881735
3157700560	1448881741
2786485834	1448881756
2983246715	1448881770
5094805334	1448881804
1865929605	1448881806
2301042081	1448881860
2388109671	1448881912
5485206915	1448881926
1602594187	1448881928
5132084783	1448881954
3261234391	1448881980
3971186315	1448882019
2060919897	1448882126
3713262692	1448882131
1706381104	1448882170
2692725603	1448882172
3495180350	1448882177
2631267583	1448882184
5594154896	1448882192
2127158495	1448882194
2560269063	1448882199
5605034469	1448882225
2991079677	1448882252
5587530255	1448882286
1996459061	1448882366
2998467945	1448882377
2681824121	1448882398
3687005377	1448882404
3518952315	1448882415
2274709415	1448882436
3706201485	1448882484
2627564567	1448882498
5150644321	1448882519
5765276883	1448882538
2155943532	1448882593
1933173760	1448882614
3207478174	1448882675
2309040851	1448882704
5519443312	1448882714
3277909394	1448882731
5179617423	1448882752
2387877365	1448882755
3871812176	1448882756
2169754575	1448882784
3104423897	1448882799
1941864081	1448882835
2654115594	1448882875
3269363243	1448882888
2726968204	1448882922
3180975640	1448883011
5627664072	1448883032
3307634973	1448883039
2345878610	1448883158
5340496706	1448883188
2135884277	1448883214
1916225025	1448883229
3132411095	1448883231
1722067933	1448883240
3290864041	1448883281
1894328095	1448883314
3195553442	1448883319
5190263653	1448883320
3285559341	1448883372
5433765634	1448883403
2676061651	1448883437
2178286762	1448883482
1970731575	1448883513
1651209987	1448883574
2484817701	1448883596
2281843391	1448883602
1314154460	1448883606
1676859285	1448883660
5651982277	1448883673
1657481771	1448883689
1972641543	1448883705
5536736202	1448883706
1897840080	1448883726
3192701942	1448883727
3277332205	1448883737
3713446044	1448883751
3178735044	1448883801
3954927367	1448883815
3169642434	1448883909
5234848229	1448883912
5776315727	1448883928
3938785081	1448883931
1601057057	1448883941
1920222321	1448883948
2398794717	1448883963
5718995887	1448883969
3036207800	1448884011
3268075817	1448884018
1015512630	1448884020
5147993826	1448884035
3858777103	1448884038
5309096290	1448884103
3642762962	1448884129
1863066327	1448884131
2380971863	1448884140
3212858702	1448884151
2356985912	1448884161
3480183507	1448884176
2433791365	1448884190
1449635504	1448884208
2358990117	1448884231
1926266943	1448884247
2215269395	1448884256
3268635872	1448884264
5335135237	1448884265
2967790823	1448884288
1883017004	1448884291
1876091297	1448884294
2542965051	1448884311
1071201837	1448884331
2198955221	1448884355
2167070743	1448884432
2741317873	1448884461
1987011155	1448884469
3035005144	1448884477
5289196229	1448884517
1759421631	1448884541
2030318373	1448884563
1774977847	1448884584
5514839548	1448884591
3254056672	1448884614
1605980663	1448884620
1966231353	1448884647
2801381362	1448884688
5199682129	1448884689
2957171357	1448884723
3456910384	1448884780
2174781761	1448884780
3401428132	1448884862
2846488301	1448884890
5305702142	1448884904
3580082727	1448884913
2177284625	1448884917
5401342808	1448884968
1712059657	1448884971
1844204904	1448885006
5055076136	1448885034
5603327555	1448885040
1767073955	1448885132
1726878684	1448885192
1830408043	1448885222
3812695287	1448885225
3769126180	1448885378
2721090671	1448885448
3911880794	1448885454
1108995755	1448885518
5756812727	1448885563
2048358104	1448885569
1401581782	1448885608
5388603975	1448885724
2020092903	1448885766
3059734345	1448885766
1619564990	1448885800
2677354407	1448885834
3104274511	1448885864
2253288593	1448885879
2975347551	1448885891
1849272433	1448885918
5401056409	1448885960
5483541077	1448885962
1854560615	1448885998
3223721567	1448886030
2880163610	1448886058
2035646674	1448886061
1997720191	1448886064
5589271821	1448886078
5705548288	1448886098
5657507094	1448886104
1673728467	1448886105
2954737184	1448886172
3048075307	1448886182
1887056052	1448886193
5117388037	1448886196
2727234061	1448886196
2002100187	1448886244
1036612964	1448886306
5492270048	1448886313
5614245425	1448886334
1030810033	1448886336
3193813300	1448886341
2673556811	1448886359
2287244195	1448886377
5371855942	1448886378
5703756614	1448886379
2471404127	1448886383
1830914823	1448886435
2997806295	1448886459
3933882303	1448886514
5039179012	1448886517
3195963355	1448886599
1752992620	1448886660
2206793770	1448886669
2381245023	1448886718
3314844951	1448886723
5726641110	1448886773
3990458566	1448886786
2714881892	1448886811
2361919205	1448886970
3288204021	1448886995
3457077302	1448886996
5556207114	1448886998
2136270007	1448887072
5082377782	1448887080
2274501055	1448887084
5518554678	1448887107
2876456842	1448887132
3760371704	1448887156
1885682501	1448887194
3011744701	1448887218
3244877323	1448887330
2691019144	1448887377
3288401871	1448887426
5417344552	1448887460
1774699684	1448887474
5347900937	1448887529
3910426500	1448887563
5619817056	1448887581
2838501875	1448887583
2567087047	1448887673
5597805535	1448887689
5317525738	1448887713
2905364061	1448887728
5576793048	1448887780
2006335713	1448887822
1301410311	1448887850
2593065007	1448887948
1059323972	1448887965
1851613501	1448887980
3698843747	1448888000
1247782787	1448888042
5503566269	1448888081
1267781651	1448888222
3168866640	1448888229
2024447787	1448888256
2374021673	1448888280
2724498715	1448888490
5600376908	1448888496
5065271890	1448888545
5020134555	1448888621
5643105755	1448888641
3210761251	1448888780
2230084314	1448888862
5648114613	1448888878
1367145250	1448888949
3090854351	1448888970
1569917843	1448889007
2495607374	1448889025
5289862773	1448889035
3099323551	1448889086
2056315603	1448889099
3579371783	1448889106
2276436563	1448889109
2056461472	1448889308
3287984260	1448889336
5100352226	1448889445
1039809897	1448889493
5313027851	1448889668
5710456413	1448889771
2068535253	1448889778
2799554122	1448889836
5303981357	1448889837
5434369121	1448889937
3234522115	1448889944
1802498570	1448890019
2242920345	1448890140
2734179903	1448890149
2185438277	1448890187
5144677633	1448890217
2074635041	1448890311
2129702755	1448890312
2389203283	1448890645
2508414891	1448890754
1642412295	1448890767
3829300750	1448890776
5592063747	1448890786
5717010407	1448890827
3876147410	1448890860
2992800971	1448891055
3097646945	1448891078
5586360917	1448891126
5578412471	1448891180
5610907165	1448891193
2276895335	1448891195
1354411321	1448891281
2080812507	1448891350
2482740303	1448891483
3207431724	1448891500
3205525627	1448891651
2134941883	1448891745
3138928667	1448891826
3695041065	1448891967
5724763928	1448891997
2989312325	1448892111
3956634033	1448892144
5518876829	1448892361
5300109718	1448892529
1763673267	1448892563
5460849165	1448892750
1576874622	1448892763
3146263262	1448892794
3088968641	1448892943
1908414031	1448892973
2482740303	1448892976
2935541757	1448893136
5102686412	1448893141
3832192103	1448893268
3888617474	1448893464
2820284634	1448893527
1349904145	1448893892
2636437427	1448893897
2420590952	1448893932
5120537086	1448893993
5677954512	1448894130
5076789943	1448894161
5646479767	1448894608
5316264533	1448894815
3948073615	1448894863
5316264533	1448895090
5275269444	1448895237
2064081401	1448895264
3551131902	1448895354
5557383900	1448895560
3003883867	1448895686
5639776011	1448895757
1671805817	1448895821
3179285372	1448896008
2251695053	1448896053
3217435454	1448896336
3624406732	1448896454
2985472480	1448896490
2788994860	1448896597
5088608732	1448896696
1286745687	1448896765
1420418634	1448896894
5728829278	1448897946
5322009306	1448898055
5459826142	1448898063
5705271810	1448898320
5329051397	1448898328
1866192945	1448898419
1973426251	1448899140
2687689183	1448899199
3626366850	1448899293
2439082270	1448899296
5527589995	1448899540
5690771024	1448899952
2303166495	1448901056
1935494053	1448901644
3668749015	1448902041
2632150051	1448902407
5756498653	1448902758
5609327748	1448902881
5332284398	1448903469
3721177373	1448903571
1426640185	1448908513
2802380597	1448913609
1829190787	1448915538
5228137519	1448918885
5600151524	1448920109
1351096467	1448920967
5700302278	1448921873
3274084613	1448926127
5133306652	1448926692
3010116881	1448927175
2168565140	1448927301
2930014714	1448927517
5769976023	1448927622
1801340343	1448927843
5579327718	1448928169
2909253477	1448928686
2241754542	1448929323
5235983032	1448930612
5702217597	1448930685
3674330384	1448931520
1196480735	1448931527
5597819546	1448931756
2067636463	1448933069
1832342461	1448933204
2137587955	1448933478
5758302157	1448933554
3210990761	1448933776
2253126654	1448933906
3215289514	1448934311
2534286484	1448934394
3268425421	1448934452
3806693006	1448935589
2393173990	1448936263
3980057994	1448936461
2178379953	1448938052
5459278830	1448941404
2670225701	1448942324
1829353653	1448943776
1231512967	1448944299
3367089732	1448945286
2381512023	1448946248
5326867577	1448946637
5613186218	1448950055
2994878244	1448950918
2090526291	1448951981
2593902247	1448954128
5072984528	1448954643
5647004495	1448955089
3197796890	1448957320
1108844574	1448958869
3023033520	1448959795
3023220965	1448960715
3546307453	1448965781
5316799281	1448968334
2111045820	1448969999
1882211660	1448970106
1099858181	1448975584
1870595955	1448983098
2170911964	1448983429
2794598994	1449020730
5576793048	1449022944
2137587955	1449023202
5262689198	1449029607
5462416671	1449031867
2491960407	1449033683
2676987943	1449036201
1373466431	1449038865
3287984260	1449040183
2548558421	1449042853
2695539180	1449044658
5246318404	1449045343
2261977435	1449045684
1985235424	1449055866
3816658586	1449066023
2150571502	1449066313
5693078603	1449066627
5085560809	1449076217
3296061870	1449101481
2252431663	1449120570
5465917289	1449128221
2798260377	1449150333
5176564601	1449201125
5246318404	1449203334
2170721613	1449227541
3282879093	1449536397
5766591342	1449547864
5124127389	1449551176
2695539180	1449620728
2215525775	1449673575
5067996761	1449720247
1701327315	1449753778
5509913322	1450320544
3752707387	1450761109
3220904084	1450801274
1843124177	1451022084
1844655241	1451695210
5294912438	1451715380
