2110705772	1447513303
5315869229	1447513355
1770310420	1447513445
5725162859	1447513466
5662114941	1447513520
3881431655	1447513542
1352441722	1447513561
3848779441	1447513607
2311418687	1447513614
2019502875	1447513617
5365632428	1447513634
5224614311	1447513645
2997480671	1447513656
3833931547	1447513667
2791651283	1447513683
5378885656	1447513685
5605046200	1447513688
3645435583	1447513693
2997480671	1447513694
5302999296	1447513703
2055594305	1447513713
3820924809	1447513732
5640192354	1447513744
5640192354	1447513748
5586086195	1447513756
1734457311	1447513765
5349475335	1447513770
5297195484	1447513776
1685041217	1447513795
3967362156	1447513795
3914077747	1447513810
3887312920	1447513822
5130415652	1447513823
2610064433	1447513842
1969348660	1447513844
2972171277	1447513848
5681414030	1447513854
3965343951	1447513862
1690091264	1447513864
5349475335	1447513868
3628895873	1447513870
3645435583	1447513876
2817050935	1447513877
2237163527	1447513877
5274875011	1447513882
1715709923	1447513882
5274874620	1447513888
2653063744	1447513891
3865181350	1447513891
3200514627	1447513892
5685281262	1447513892
2449656004	1447513894
3967446035	1447513895
3079145313	1447513897
5177616589	1447513902
3914077747	1447513903
5124033746	1447513906
5706318643	1447513907
3354368244	1447513909
2380805943	1447513911
5369623337	1447513912
2761346625	1447513912
5133538522	1447513917
1981525091	1447513919
3665772780	1447513919
1839074230	1447513921
3131750793	1447513923
5693223795	1447513926
3083583417	1447513926
5491073026	1447513928
2466769307	1447513934
2182984354	1447513938
5247851065	1447513940
2816372364	1447513941
3104035867	1447513942
2626249385	1447513943
5034114386	1447513945
3993746028	1447513946
5210631224	1447513946
3570653117	1447513946
5702228655	1447513947
1840730660	1447513948
2758990477	1447513948
5576645649	1447513949
5382606967	1447513950
1771471815	1447513951
2646500891	1447513952
5210525834	1447513953
2799063844	1447513954
5120301375	1447513955
2769216363	1447513957
5453543996	1447513959
5120301375	1447513960
5229973590	1447513962
2417991977	1447513964
3478665854	1447513966
5177012982	1447513971
2373565830	1447513972
5558652652	1447513975
1797202905	1447513976
1792844655	1447513977
5263448358	1447513980
5454997466	1447513983
5097527777	1447513984
1948785865	1447513987
1796633620	1447513991
5676675163	1447513991
3221415017	1447513992
3618668422	1447513994
5138966967	1447513996
2837518837	1447513997
1220600580	1447513999
5478094801	1447514000
3665772780	1447514000
3655205761	1447514001
3186480994	1447514001
3932702227	1447514002
3315284597	1447514002
3483237261	1447514005
5071404000	1447514006
1835336812	1447514008
5072686794	1447514008
2710250434	1447514010
2661038533	1447514012
5732349424	1447514012
1873254150	1447514013
5214067109	1447514013
2297121985	1447514017
5652872878	1447514021
5018355933	1447514022
2689693630	1447514024
2629739001	1447514028
2116761074	1447514033
3085091473	1447514035
3820317848	1447514040
2883598831	1447514042
3920643326	1447514048
5577376279	1447514048
5019422617	1447514050
5504685158	1447514050
3163745082	1447514052
5694865678	1447514054
5744468098	1447514056
5242949823	1447514056
5140165658	1447514057
1934684902	1447514061
3707965504	1447514062
5247640995	1447514064
3873348800	1447514065
5217046255	1447514066
5724304939	1447514068
5696284316	1447514071
2284662082	1447514074
3861737040	1447514079
3524438785	1447514081
3704835193	1447514082
1799716131	1447514087
3392060812	1447514090
1731665210	1447514090
2540502882	1447514095
3306526555	1447514097
5522932934	1447514099
5713474263	1447514103
5687994686	1447514112
3484337244	1447514114
3977537641	1447514115
3276921145	1447514116
5601552318	1447514119
5329006481	1447514120
3989731381	1447514121
5315422816	1447514122
5130082451	1447514122
3900590065	1447514123
3474174462	1447514124
5223685533	1447514125
5171619946	1447514127
1678579035	1447514129
1620969095	1447514129
2389369080	1447514135
5087952864	1447514136
1764289940	1447514137
5736218656	1447514138
2513107742	1447514142
1764289940	1447514145
5365826731	1447514150
3188693914	1447514155
5365826731	1447514156
3157147102	1447514162
2355494587	1447514169
5672114794	1447514171
1884834490	1447514173
2585849593	1447514175
1880840192	1447514175
3017899470	1447514181
2282091803	1447514184
5544853118	1447514185
2969488293	1447514196
3946717019	1447514197
5585031054	1447514198
3785972814	1447514198
5642980514	1447514198
5130082451	1447514202
5347523672	1447514204
2530657477	1447514208
3756326627	1447514210
3616184971	1447514216
2471276312	1447514218
3771968892	1447514218
2809546553	1447514222
5130082451	1447514232
5113525348	1447514236
5717764892	1447514236
2425204953	1447514237
1912787557	1447514239
5477722444	1447514239
1784210863	1447514240
1100946273	1447514241
2302593802	1447514249
2874741194	1447514253
1794754972	1447514254
5164129243	1447514255
3535349991	1447514258
5629505047	1447514259
5295256021	1447514266
2370919350	1447514272
3054366434	1447514274
2145517841	1447514279
3863829462	1447514279
2070690737	1447514286
2370919350	1447514291
1817172833	1447514293
5628914397	1447514296
5349475335	1447514302
5645086279	1447514307
3993460903	1447514308
3054366434	1447514308
2125240352	1447514310
5600394492	1447514314
1897360354	1447514315
1726758171	1447514318
2421519795	1447514321
2935366057	1447514321
5384235794	1447514322
5129050353	1447514324
2816792292	1447514325
3847904895	1447514328
2511364685	1447514330
5686675741	1447514336
2566345283	1447514340
2775286941	1447514343
3609097874	1447514343
3851900913	1447514346
5190753594	1447514355
3560957527	1447514358
5287328216	1447514361
5675859831	1447514361
3171160267	1447514363
5653579206	1447514366
2135652385	1447514369
3268122220	1447514370
1881107674	1447514372
5594368516	1447514376
3896836160	1447514376
5261250350	1447514377
3119455967	1447514378
1791396564	1447514380
3209898757	1447514381
5657665515	1447514381
5024107983	1447514383
3797868524	1447514385
3495633877	1447514387
3717711234	1447514387
3637276527	1447514389
1569838484	1447514393
5680601603	1447514395
1860914562	1447514397
1860914562	1447514403
2507173535	1447514405
3125912545	1447514406
2093042580	1447514410
1653150757	1447514413
5191199911	1447514414
3061957393	1447514414
5033250878	1447514417
2039831244	1447514419
5714620958	1447514420
5672290407	1447514420
3911407010	1447514428
5274700473	1447514435
1745860893	1447514438
3480990552	1447514442
3639191024	1447514444
1893221460	1447514447
2383976417	1447514447
5184075317	1447514448
5120148613	1447514449
3593186910	1447514450
1888062622	1447514452
1798756264	1447514452
5146996455	1447514456
5542777803	1447514459
5058099541	1447514465
5255588306	1447514467
1704935443	1447514469
1102319610	1447514475
2997931140	1447514477
1973136163	1447514479
2805532431	1447514484
5019323659	1447514489
3797868524	1447514492
3523906981	1447514495
1810886203	1447514499
2330339734	1447514500
3797868524	1447514504
2032779115	1447514506
5024107983	1447514506
5043153279	1447514509
3191747710	1447514509
2792874300	1447514514
2608935015	1447514515
5261485654	1447514515
3797868524	1447514519
5233733260	1447514521
3863829462	1447514522
1741996573	1447514522
1951882417	1447514527
1772102517	1447514538
5656914537	1447514539
2792429904	1447514539
2578802551	1447514540
5625606736	1447514541
1648888552	1447514542
3732292572	1447514542
2534001015	1447514545
3863173268	1447514546
5667976734	1447514547
5566991235	1447514548
3518403953	1447514549
5102486635	1447514552
5621668877	1447514553
5074169804	1447514553
3758857117	1447514555
3191989693	1447514558
5183872319	1447514559
5326265751	1447514560
2570124157	1447514560
5042420433	1447514567
1795336473	1447514578
2102987711	1447514579
5568079748	1447514595
5669668717	1447514596
3595592771	1447514602
2762001295	1447514603
1933587890	1447514607
3492705791	1447514609
2441245144	1447514612
3885144568	1447514614
3184476842	1447514615
3083107101	1447514616
1724394401	1447514617
5558920621	1447514619
1839038970	1447514619
5091046053	1447514627
5063100651	1447514630
3157520590	1447514633
1800316185	1447514635
5586086195	1447514640
1876765423	1447514645
5161782594	1447514647
5324836324	1447514653
5577008793	1447514653
5700044880	1447514661
1959287020	1447514663
5378660568	1447514670
2793229641	1447514670
3152521020	1447514673
5106795705	1447514679
2298872203	1447514681
3453475782	1447514683
3984012113	1447514696
3942938465	1447514697
1844669042	1447514698
3192623900	1447514705
3389493212	1447514706
5748565671	1447514708
2852797292	1447514712
2090924805	1447514713
3058425251	1447514720
5551637965	1447514723
5146244312	1447514726
5022201176	1447514726
3825633379	1447514726
5476963215	1447514731
1232967275	1447514744
2707505983	1447514747
1650963070	1447514752
5369072212	1447514753
1742637964	1447514758
2672023822	1447514759
1010654365	1447514760
3743537605	1447514764
1841283300	1447514765
3871107036	1447514765
2303313351	1447514769
1666855600	1447514773
5106578216	1447514779
2622856911	1447514780
5091171224	1447514788
3522882737	1447514789
3974910299	1447514792
2273224350	1447514793
3278256664	1447514795
2850605327	1447514796
2381187977	1447514797
5285032061	1447514799
1694857361	1447514800
5636031123	1447514801
5606738241	1447514802
5088064275	1447514804
2508062944	1447514812
5543353843	1447514812
5504907477	1447514818
3612857872	1447514819
2788271390	1447514820
1881344511	1447514824
2208184775	1447514824
3235029122	1447514828
3413147844	1447514832
2451418045	1447514839
5462525721	1447514843
5712627768	1447514843
1027950744	1447514845
2881573313	1447514845
2850291245	1447514846
5651548149	1447514846
5236688934	1447514847
5610975698	1447514848
5069904672	1447514853
2112624315	1447514855
5226893167	1447514855
2805908010	1447514859
1727257144	1447514859
5195536913	1447514863
3059770387	1447514863
5342008557	1447514863
5195582428	1447514866
5341647912	1447514869
2620086765	1447514870
5632176363	1447514878
3666109450	1447514880
1771369181	1447514885
1875047043	1447514887
2994032874	1447514893
5084287532	1447514893
2040678201	1447514895
2099139790	1447514897
5019318554	1447514897
2782325974	1447514898
3987604735	1447514899
1746351865	1447514906
3712897691	1447514908
3220226101	1447514909
1782869665	1447514913
5065122858	1447514914
5292643170	1447514914
2782325974	1447514924
5290504989	1447514925
3394914704	1447514927
5227790057	1447514933
3705828412	1447514933
3245072190	1447514938
5753732731	1447514938
5101923900	1447514944
5331839538	1447514945
2183867672	1447514948
5210525834	1447514949
5342008557	1447514957
5640192354	1447514961
1979140357	1447514963
5239882224	1447514967
5552309404	1447514968
5689332654	1447514969
5130082451	1447514976
3592057965	1447514977
3258255490	1447514978
2365105443	1447514983
5643303409	1447514984
5255822465	1447514986
1947282567	1447514986
3583027831	1447514989
1714909791	1447514989
5099118558	1447514990
2607286485	1447515001
5620345152	1447515002
1909047545	1447515003
2722473263	1447515006
5309566570	1447515010
5591012036	1447515011
2628244975	1447515019
1947796572	1447515022
5096529260	1447515024
5490210613	1447515032
5225505979	1447515041
5143520122	1447515046
5130082451	1447515048
5087089345	1447515049
2371277483	1447515055
5394243302	1447515059
5247472414	1447515063
3981252883	1447515071
3022521383	1447515074
1943879023	1447515084
5190929264	1447515091
2989687607	1447515096
1803180267	1447515110
3863757776	1447515120
5645525366	1447515127
5498019742	1447515127
5663839556	1447515137
3981888540	1447515137
5636155511	1447515138
5018254405	1447515142
2033050151	1447515154
3258255490	1447515155
3670953804	1447515157
2915950237	1447515159
5640482448	1447515163
1679933014	1447515169
2383407465	1447515171
5226765743	1447515172
3942858165	1447515176
5242577879	1447515178
5663839556	1447515184
1684974234	1447515188
2950913621	1447515188
3819847170	1447515192
1797302921	1447515199
1762787790	1447515201
3898190464	1447515203
1924113755	1447515204
1806373534	1447515204
2634007981	1447515206
5171575840	1447515216
5737751666	1447515219
5678282644	1447515221
2122758477	1447515221
1714909791	1447515222
5666202731	1447515223
2313023795	1447515226
1737026053	1447515233
2271579003	1447515235
5352142023	1447515252
2309198093	1447515256
1047993944	1447515257
5376091717	1447515257
5693681281	1447515261
2172712590	1447515263
3833843469	1447515270
5214031388	1447515273
3283109931	1447515277
3663767761	1447515283
3820390058	1447515296
5722694951	1447515304
3185974840	1447515309
5177756494	1447515310
5460434533	1447515313
3845615104	1447515313
2039831244	1447515322
1943450084	1447515322
1765301655	1447515329
3748013714	1447515332
5596321696	1447515345
2925149643	1447515357
3810381365	1447515359
5635518767	1447515361
2493681610	1447515374
3636806532	1447515374
2600545402	1447515376
5098975918	1447515378
2387902695	1447515382
5171400124	1447515383
3169617132	1447515389
3636806532	1447515399
5349475335	1447515401
5349475335	1447515407
5032458297	1447515411
3626910601	1447515415
2815413995	1447515419
5647260301	1447515420
5109279053	1447515426
5732389148	1447515427
3897079967	1447515432
5410112124	1447515434
3025741387	1447515434
2608310865	1447515440
5538086303	1447515447
2074699091	1447515453
1772559844	1447515454
2931285607	1447515455
1635613647	1447515456
2283386743	1447515460
5272559511	1447515460
3869541733	1447515485
3706158832	1447515487
2848238231	1447515487
5620426033	1447515491
5018868557	1447515499
2834735267	1447515501
2252805313	1447515503
3602634962	1447515524
5225867496	1447515526
2398008707	1447515536
3877303037	1447515541
5254861307	1447515545
5242304082	1447515545
2805197505	1447515549
5511571841	1447515550
5634671383	1447515552
5349475335	1447515555
5310964617	1447515560
3861851195	1447515560
3223139782	1447515562
5047711818	1447515568
5083683965	1447515570
5349475335	1447515573
2537938242	1447515573
2603579854	1447515574
5334094291	1447515593
5401181634	1447515594
5044747943	1447515599
3872907632	1447515601
3544690483	1447515605
2017693607	1447515610
3745260884	1447515610
1940233432	1447515611
1860914562	1447515611
5681755205	1447515615
5181100916	1447515618
5041969590	1447515623
3898807219	1447515642
2960829933	1447515646
5107291742	1447515648
5178254576	1447515657
1787459695	1447515663
3880246658	1447515665
5271610874	1447515667
2807874641	1447515670
3191809343	1447515670
3901456612	1447515675
1772459137	1447515676
1764958693	1447515678
2457508235	1447515682
3277913355	1447515692
3654141645	1447515704
5530899882	1447515740
2512182001	1447515743
5373121964	1447515746
3950751168	1447515757
5186305686	1447515763
1758702837	1447515765
1599529703	1447515772
5264059600	1447515800
1904172363	1447515808
2538181713	1447515820
5196812879	1447515831
3818823333	1447515831
2300153113	1447515845
5166829857	1447515853
5070717207	1447515856
5175662408	1447515887
2925592273	1447515906
1746328105	1447515922
5522795903	1447515932
3078249381	1447515933
5584809282	1447515936
2790636701	1447515957
2826265325	1447515968
3963196711	1447516009
5734750855	1447516019
2679640600	1447516049
5072330665	1447516049
5236314321	1447516053
3652750827	1447516057
5192301841	1447516071
3261787904	1447516086
3034237633	1447516086
5274466178	1447516113
2003422631	1447516128
3956862656	1447516140
5383225301	1447516153
3026787233	1447516173
5685890396	1447516174
3981099917	1447516176
3026787233	1447516178
3765481953	1447516193
5588261586	1447516201
1811195383	1447516206
5039685300	1447516226
5649201467	1447516233
2023018283	1447516257
5637923386	1447516281
3950034387	1447516284
2930361645	1447516292
1998804035	1447516298
3280604031	1447516300
2208516017	1447516303
5263256538	1447516317
5196880235	1447516335
5024941746	1447516351
5204643256	1447516404
5689208752	1447516419
5699372381	1447516424
2112739853	1447516430
5756128033	1447516442
2306493344	1447516446
2187233182	1447516448
5264059600	1447516455
2136185192	1447516472
5699372381	1447516475
3814235134	1447516477
3926564387	1447516483
5758785596	1447516484
5065987659	1447516487
5722572515	1447516500
3665731211	1447516501
2534878262	1447516505
2139912082	1447516534
5717275562	1447516535
5603166981	1447516547
5323893737	1447516550
1787624490	1447516551
5529720066	1447516552
3286146867	1447516567
3762350182	1447516604
5491716403	1447516626
2043676335	1447516632
5352316596	1447516633
5306286890	1447516638
5094544890	1447516662
2719056911	1447516671
1513463441	1447516676
5637854156	1447516679
5102187440	1447516693
5024215053	1447516695
2810457607	1447516699
3608133352	1447516703
5515785136	1447516704
3202052584	1447516705
1656049382	1447516707
2014638090	1447516711
5185483979	1447516715
5529490338	1447516718
5754602044	1447516729
5144976671	1447516734
3830016330	1447516735
5702282319	1447516745
3215646521	1447516767
5579923284	1447516769
2633488635	1447516796
5139381447	1447516818
5242550248	1447516818
2566351464	1447516845
2544271474	1447516846
2029317813	1447516848
5355755372	1447516848
3254561690	1447516865
5702623642	1447516866
3879257880	1447516882
5238007681	1447516885
5204190124	1447516888
2625912685	1447516891
3577941960	1447516903
5497724233	1447516938
1767423104	1447516945
5529372935	1447516951
3553417411	1447516978
1142976842	1447516983
5145579335	1447516998
5679188392	1447517011
3544665967	1447517015
1892527303	1447517015
3575987690	1447517017
5722797819	1447517024
5500328418	1447517027
2515603600	1447517046
3995224049	1447517047
5171540689	1447517069
5669190723	1447517099
5341804859	1447517110
2090073184	1447517130
5264575020	1447517132
1845087904	1447517140
5451214532	1447517157
5098868413	1447517185
2166047234	1447517192
5582361336	1447517194
2657763793	1447517205
3250981105	1447517222
3241966522	1447517230
5321935295	1447517238
3681855770	1447517246
5241789262	1447517260
5621648989	1447517261
5439701433	1447517267
3201759060	1447517268
5321935295	1447517274
5420381071	1447517300
3825859680	1447517316
5689286561	1447517325
5242550248	1447517355
3210901615	1447517355
5517832903	1447517361
5228116045	1447517366
5063212044	1447517391
5218286169	1447517397
5063212044	1447517420
5083458710	1447517433
3665304841	1447517441
5294883107	1447517447
3822023329	1447517447
2688204473	1447517449
3201810140	1447517451
2658995097	1447517471
5497762510	1447517502
2937269531	1447517511
5653235180	1447517523
3645435583	1447517541
5151803526	1447517551
5592090155	1447517554
5699372381	1447517556
3142124471	1447517573
2267599110	1447517574
2048346805	1447517589
2004894443	1447517610
5102269260	1447517619
5652264664	1447517624
1742480843	1447517646
5666833297	1447517648
2567808217	1447517673
5657407665	1447517674
5190123586	1447517685
3942176484	1447517698
3313534652	1447517700
5356863982	1447517713
5651322793	1447517732
1821014772	1447517745
5627150960	1447517749
3311972861	1447517751
2098403057	1447517759
3223432195	1447517786
2688204473	1447517794
5107088109	1447517829
1829176004	1447517837
1789448805	1447517840
5181440606	1447517844
5666486051	1447517845
5124087797	1447517850
3671039253	1447517854
5216844546	1447517956
2250522621	1447517973
2410098701	1447517973
5651684643	1447517979
5203132831	1447517997
5425127195	1447517999
1810536420	1447518006
5634483753	1447518013
3492690555	1447518021
2193208484	1447518030
1919685291	1447518037
3684320925	1447518041
5310311769	1447518042
2252147021	1447518058
5418843956	1447518075
1998957555	1447518083
1046674742	1447518090
3567399371	1447518105
5726803700	1447518105
3659956060	1447518110
5635278928	1447518110
3109105811	1447518113
5242550248	1447518114
3593150192	1447518126
5663122911	1447518128
1908067475	1447518158
5188870755	1447518203
5412512368	1447518274
3712351554	1447518290
3150068262	1447518293
1421962423	1447518329
2547898264	1447518357
5700490730	1447518364
5553863343	1447518402
2250522621	1447518436
3566441687	1447518462
1878248677	1447518501
5602651027	1447518515
3249627721	1447518542
1956025005	1447518578
5715310139	1447518590
5418843956	1447518592
5179759961	1447518604
1878248677	1447518607
5715310139	1447518619
1878248677	1447518642
1878248677	1447518652
2263219160	1447518654
3631994867	1447518656
3097644887	1447518661
5359722636	1447518669
3566441687	1447518676
5702355607	1447518692
1891920504	1447518777
3866719792	1447518787
5432124843	1447518794
2169946523	1447518799
5526170039	1447518821
5582774236	1447518840
3103438507	1447518854
5333898349	1447518872
3681855770	1447518873
3033799403	1447518930
3087586743	1447518935
5242867193	1447518952
5720910505	1447518969
2478365443	1447518976
2099666604	1447518992
2310125504	1447518997
1798546391	1447518997
5629962647	1447519018
2143823645	1447519023
5572892588	1447519065
5024941746	1447519083
5617839520	1447519087
2982810720	1447519114
3607906282	1447519125
5737896334	1447519128
3092352865	1447519166
1697783454	1447519214
1956025005	1447519231
1901884503	1447519242
5639380867	1447519246
5752474379	1447519252
5215484526	1447519295
5597660878	1447519320
3696115731	1447519344
5113436153	1447519384
1962331751	1447519411
5090249106	1447519412
3637154061	1447519420
2910283403	1447519427
5204971316	1447519446
1973190821	1447519464
3451530994	1447519521
5602714973	1447519542
3990666355	1447519550
5245664210	1447519578
1743972853	1447519589
5292655593	1447519594
5538442127	1447519620
3321311962	1447519637
1952564774	1447519655
3651831262	1447519713
5372217288	1447519726
5752415691	1447519731
1569081451	1447519745
5533440693	1447519826
5597134764	1447519846
1964019457	1447519856
5617839520	1447519858
1965719687	1447519902
5097116463	1447519903
3285031507	1447519907
5325684032	1447519928
5096684429	1447519980
3742633290	1447520022
5247984119	1447520045
5515638377	1447520089
2133386825	1447520119
3829055639	1447520168
5706176297	1447520191
5104185943	1447520232
3618034022	1447520292
3874793540	1447520294
5629802994	1447520365
1853826515	1447520389
3906428743	1447520403
5576233307	1447520484
5576233307	1447520488
5576233307	1447520491
1003418400	1447520493
5576233307	1447520494
3059427595	1447520499
5576233307	1447520499
5628308370	1447520503
5576233307	1447520504
2804951103	1447520530
5508895826	1447520543
5508895826	1447520549
5508895826	1447520553
5508895826	1447520559
5508895826	1447520563
5508895826	1447520568
2307098847	1447520622
2307098847	1447520628
2307098847	1447520632
2307098847	1447520634
2307098847	1447520636
2307098847	1447520640
2307098847	1447520642
2307098847	1447520644
2307098847	1447520647
5537495685	1447520648
2307098847	1447520661
2733763933	1447520696
2733763933	1447520701
2733763933	1447520704
2733763933	1447520707
2733763933	1447520709
2733763933	1447520711
2733763933	1447520714
2733763933	1447520718
2733763933	1447520738
2733763933	1447520742
1862477655	1447520745
3934010319	1447520758
2045555047	1447520773
2139499344	1447520782
5713158058	1447520848
5722795078	1447520856
5492485916	1447520990
3825985421	1447521017
5628924365	1447521058
3896018891	1447521154
3904748493	1447521212
2204165897	1447521371
2583369632	1447521402
5655115142	1447521430
3959448139	1447521503
5231227042	1447521581
5652997354	1447521937
2008232615	1447522018
3868950551	1447522039
3852289709	1447522202
5499401545	1447522354
5187031026	1447522474
1774414151	1447522584
2993440902	1447522677
5415623199	1447522749
2690514270	1447522752
5284925432	1447522765
3825197884	1447522826
5646279363	1447522973
2813851582	1447523092
5710802387	1447523095
2679618803	1447523172
5594058115	1447523199
3499149822	1447523206
3117502403	1447523239
3571025551	1447523266
2609639081	1447523271
5316779033	1447523283
5653831766	1447523698
3957223482	1447523756
1937425244	1447523767
3957223482	1447523874
2239072301	1447523949
5274762652	1447524215
2839916967	1447524236
2493763527	1447524374
1782975361	1447524389
5643191972	1447524478
2831011871	1447524697
1905335453	1447524707
2973871391	1447524731
1214603247	1447524795
3413293144	1447524877
5507991901	1447524878
5507991901	1447524904
5507991901	1447524928
5233182890	1447524966
5111864915	1447525186
5488866213	1447525200
3775259882	1447525740
5486080254	1447525916
2530366863	1447525961
2608781054	1447526531
5702228655	1447526989
3928370194	1447527026
5523188205	1447527091
2257284622	1447527209
5619537322	1447527887
5029076615	1447528042
1891497011	1447528632
5347872376	1447529241
2002558093	1447530223
2664921884	1447530790
5156292674	1447531398
2669249683	1447532410
2689595102	1447534626
3880379162	1447534792
2344055877	1447534806
1674089865	1447535538
5024107983	1447535567
5541647318	1447535698
2483850654	1447536218
5596143413	1447536507
3915353118	1447536772
1898630324	1447536961
1340274520	1447537329
1115089480	1447537744
3904264758	1447537763
3027145325	1447539033
5680960493	1447539285
5498556889	1447539759
3839201456	1447539918
2201238237	1447540043
2863683475	1447540067
3954529109	1447540078
3954529109	1447540087
2697822663	1447540260
3965651960	1447540281
5193154163	1447540335
2681066587	1447540357
2142283142	1447540436
3603712312	1447540922
5723433617	1447541010
2897509435	1447541100
2277070601	1447541196
1804683825	1447541307
2957971714	1447541329
5105233356	1447541358
2252160497	1447541377
3942503476	1447541628
5091039055	1447541668
5338672690	1447541731
1760119045	1447542032
3891696691	1447542277
5039479251	1447542313
5677414070	1447542529
5145892923	1447542601
5718854912	1447542672
2485958081	1447542696
5726314312	1447542733
5207533970	1447542792
5661428837	1447542835
3934578348	1447542856
5697794128	1447542990
2728927785	1447543061
5565130332	1447543086
3950340883	1447543109
5446957659	1447543153
2738007441	1447543159
1338447575	1447543170
5685421387	1447543220
1826640011	1447543221
5272638213	1447543249
1992685163	1447543309
2882980042	1447543332
2301553367	1447543341
5045512037	1447543377
2737236981	1447543398
3195655644	1447543440
2246768191	1447543462
5284357257	1447543608
3575969954	1447543701
3175554250	1447543723
2402465060	1447543771
2068228485	1447543801
3665367451	1447543864
3976959699	1447544085
5494145736	1447544174
1885549085	1447544202
3195655644	1447544366
5102075782	1447544398
5102075782	1447544405
5694468141	1447544476
5389506012	1447544480
3972696689	1447544549
1998088337	1447544550
2703310225	1447544553
5663557344	1447544574
5635617493	1447544658
5265046466	1447544814
5533185241	1447544873
3320498003	1447544903
3193552455	1447544905
3595592771	1447544917
5157188125	1447544943
5689933361	1447544947
1763988142	1447544970
5689933361	1447544983
5689933361	1447545001
5689933361	1447545016
5689933361	1447545031
5460405577	1447545032
5689933361	1447545043
5689933361	1447545051
5689933361	1447545081
5689933361	1447545092
5689933361	1447545101
5689933361	1447545109
3902802577	1447545110
2885014684	1447545116
5689933361	1447545121
5689933361	1447545130
5689933361	1447545141
5689933361	1447545150
5689933361	1447545159
5035424379	1447545170
5689933361	1447545179
5689933361	1447545199
5720905592	1447545199
5689933361	1447545207
5689933361	1447545218
5689933361	1447545228
5689933361	1447545237
5689933361	1447545248
5689933361	1447545258
5689933361	1447545269
5464361357	1447545274
5689933361	1447545287
3162280560	1447545311
5689933361	1447545314
5689933361	1447545328
5689933361	1447545337
5689933361	1447545345
2885894502	1447545352
5689933361	1447545352
5689933361	1447545360
5689933361	1447545377
2967538154	1447545382
5292236746	1447545445
5241227859	1447545514
2440226382	1447545523
5665165469	1447545533
2140583022	1447545547
5692223366	1447545584
5692223366	1447545594
5301143368	1447545597
5692223366	1447545603
5692223366	1447545613
5692223366	1447545623
5692223366	1447545630
5692223366	1447545641
5692223366	1447545649
5692223366	1447545658
5692223366	1447545669
5692223366	1447545697
5692223366	1447545705
5692223366	1447545714
5692223366	1447545724
5692223366	1447545732
5692223366	1447545741
2090073184	1447545750
5692223366	1447545751
5692223366	1447545759
5692223366	1447545768
5692223366	1447545775
5692223366	1447545783
3705041490	1447545784
3628565764	1447545815
3628565764	1447545850
3628565764	1447545854
3628565764	1447545858
3628565764	1447545863
3628565764	1447545868
3628565764	1447545873
3628565764	1447545877
3864567220	1447545878
3628565764	1447545884
3628565764	1447545890
3628565764	1447545896
3628565764	1447545901
3628565764	1447545907
3628565764	1447545922
3628565764	1447545928
3628565764	1447545936
3628565764	1447545941
5144231931	1447545944
5692223366	1447545998
3628565764	1447546010
3628565764	1447546014
3628565764	1447546020
3628565764	1447546038
3628565764	1447546043
3628565764	1447546047
3628565764	1447546050
3164457817	1447546051
3628565764	1447546054
3628565764	1447546066
3628565764	1447546071
3628565764	1447546076
3628565764	1447546080
3628565764	1447546086
2010088921	1447546118
1826325845	1447546157
1840236011	1447546206
5692223366	1447546243
5692223366	1447546254
5692223366	1447546261
5692223366	1447546270
5692223366	1447546278
5531129287	1447546286
5692223366	1447546289
5692223366	1447546302
5692223366	1447546311
5692223366	1447546317
5713550440	1447546327
5244021088	1447546330
5692223366	1447546330
2716783344	1447546337
5692223366	1447546340
3925628820	1447546357
5692223366	1447546362
2898695931	1447546390
5692223366	1447546412
5549371084	1447546413
5692223366	1447546424
5692223366	1447546439
2492571772	1447546447
5493194396	1447546451
5692223366	1447546451
5235541817	1447546456
5692223366	1447546463
5692223366	1447546474
5692223366	1447546483
5692223366	1447546496
5692223366	1447546504
2717206513	1447546507
5692223366	1447546512
5135575323	1447546518
5692223366	1447546524
5692223366	1447546536
5692223366	1447546546
5038281987	1447546558
5692223366	1447546559
5692223366	1447546566
5342724619	1447546635
5389483240	1447546655
5234827861	1447546679
5335105367	1447546699
5502962251	1447546748
5140015394	1447546787
2885545882	1447546797
3995766201	1447546882
5574393854	1447546930
5698846867	1447546958
3285198474	1447546961
5698846867	1447546961
5698846867	1447546964
5698846867	1447546967
5698846867	1447546971
5698846867	1447546974
3782421290	1447546974
5698846867	1447546977
5698846867	1447546980
5698846867	1447546984
5698846867	1447546987
5313137590	1447547017
5610529342	1447547064
5238228621	1447547174
2341559321	1447547221
5077083683	1447547234
5041421803	1447547292
3811960030	1447547306
2242439460	1447547345
1911712205	1447547566
5523138334	1447547580
5079798770	1447547668
5029469153	1447547669
2165317973	1447547774
5343232169	1447547789
2150765540	1447547801
3942967116	1447547805
5164165210	1447547866
5100228383	1447547875
2784395937	1447547896
2998365395	1447547923
2931404121	1447547924
2931404121	1447547929
3753676453	1447547931
2931404121	1447547935
2931404121	1447547940
2931404121	1447547945
2931404121	1447547952
5715479811	1447547963
5591130963	1447547967
2902193281	1447547976
3727864257	1447547985
5286144407	1447547986
3727864257	1447547990
2902193281	1447547991
3727864257	1447547995
3727864257	1447547999
3727864257	1447548004
2931404121	1447548060
2931404121	1447548065
2931404121	1447548070
2931404121	1447548075
2931404121	1447548081
2931404121	1447548086
2931404121	1447548091
2931404121	1447548096
2931404121	1447548102
2931404121	1447548107
5628404485	1447548109
2931404121	1447548112
1104658855	1447548116
2741503230	1447548130
2951600134	1447548187
5491321647	1447548198
5491321647	1447548201
5491321647	1447548203
5491321647	1447548208
5491321647	1447548214
5491321647	1447548218
5491321647	1447548221
5491321647	1447548222
5743512444	1447548222
5491321647	1447548224
5692223366	1447548242
5692223366	1447548257
5692223366	1447548264
3681012507	1447548269
5692223366	1447548272
5692223366	1447548284
5692223366	1447548297
5692223366	1447548308
5148085742	1447548309
5692223366	1447548318
5692223366	1447548356
3727864257	1447548359
5692223366	1447548377
5692223366	1447548386
3727864257	1447548392
5143296513	1447548438
3047705487	1447548463
3917168589	1447548529
2913955307	1447548533
5292698576	1447548577
5579413807	1447548581
2305497460	1447548637
3598527117	1447548657
3320305255	1447548684
2109365042	1447548690
3125138953	1447548707
2029965332	1447548729
3219930862	1447548773
5616103123	1447548856
2487747820	1447548862
3798799877	1447548920
3974696847	1447548921
3861951702	1447548965
5261485654	1447548987
2948761750	1447549083
3863829462	1447549100
2920367307	1447549152
5577273194	1447549198
5472964128	1447549200
5591048963	1447549213
5457419155	1447549262
3199476575	1447549304
5542202242	1447549353
5049679247	1447549385
3771598220	1447549460
5194697371	1447549467
3638377955	1447549473
1972571891	1447549505
2566258807	1447549571
3966828973	1447549582
5537723215	1447549584
2834467003	1447549593
3645735951	1447549639
5354575404	1447549663
2714108170	1447549698
1830411195	1447549746
1830411195	1447549752
5285982539	1447549756
1830411195	1447549759
1830411195	1447549789
1765040572	1447549816
5251407842	1447549896
5676421430	1447549927
2812677995	1447550044
2632685201	1447550048
2318803502	1447550074
5078677854	1447550084
5658350477	1447550161
5424406104	1447550304
5252718288	1447550328
5574798919	1447550340
5641849684	1447550435
5078677854	1447550490
5078677854	1447550509
5541505055	1447550560
5175655246	1447550575
5224448667	1447550600
5532225978	1447550601
5175655246	1447550604
5175655246	1447550660
5511810023	1447550705
3727864257	1447550761
5654174142	1447550812
5654174142	1447550829
5108295634	1447550842
5026354759	1447550848
1971291483	1447550906
5311963194	1447550965
5232573616	1447551018
5699939350	1447551078
3965543518	1447551156
5737719805	1447551157
5572644400	1447551223
2421694750	1447551234
5466612830	1447551255
1960696281	1447551261
5314271936	1447551317
3172984272	1447551408
5243981221	1447551412
5742292700	1447551547
5643501609	1447551559
5144680178	1447551598
5543136592	1447551653
3311251913	1447551687
2146578050	1447551703
5328608967	1447551736
3889712834	1447551805
3679533091	1447551856
5418728905	1447551873
5264094721	1447551952
2882569650	1447551975
2316800201	1447551977
3829303302	1447552025
5601575847	1447552030
3821778555	1447552049
2550032953	1447552053
5601575847	1447552087
5601575847	1447552130
5601575847	1447552150
3992217200	1447552168
5105930731	1447552171
5086356154	1447552186
5601575847	1447552197
5141615221	1447552224
5572131309	1447552239
5601575847	1447552264
3768855361	1447552339
5601575847	1447552365
5308319823	1447552399
3242090921	1447552423
5142611421	1447552506
5716308474	1447552520
2950933905	1447552541
2535209425	1447552553
5601575847	1447552560
5286011784	1447552595
5601575847	1447552623
3947629811	1447552624
5750986804	1447552764
5137327960	1447552790
5567910938	1447552818
1338935242	1447552835
2782088911	1447552848
3820402656	1447552855
1827425602	1447552862
5633493433	1447552879
5653499805	1447552902
2319601770	1447552903
3820402656	1447553078
5692846122	1447553090
5692846122	1447553116
5189792025	1447553189
5471398433	1447553320
2285200825	1447553334
5451214532	1447553377
5249166790	1447553420
3699839027	1447553456
5326476887	1447553502
2805347341	1447553518
3962633744	1447553532
5716025504	1447553588
1931839462	1447553612
5042350447	1447553621
5140707044	1447553664
5177117474	1447553717
5406389693	1447553732
3854290605	1447553769
5601575847	1447553780
5143713520	1447553795
1929051663	1447553813
2282609665	1447553926
5733514154	1447553960
3603078491	1447554027
3974350077	1447554039
3845183756	1447554065
1764173220	1447554067
3195515502	1447554146
5208568061	1447554262
5194972982	1447554400
5123576686	1447554496
5123554956	1447554509
5668266009	1447554549
5516412006	1447554552
5457866545	1447554562
2644697493	1447554595
1773410582	1447554689
3681539030	1447554692
5516412006	1447554700
5092358460	1447554740
5642089565	1447554744
3093373310	1447554805
3597601851	1447554909
5317726540	1447555001
3912205696	1447555032
5596732436	1447555068
5152338835	1447555123
5565622800	1447555134
5500627800	1447555480
5641909385	1447555531
5224614206	1447555632
2379018461	1447555652
5519255390	1447555673
5397318544	1447555676
3727864257	1447555699
3727864257	1447555749
3727864257	1447555757
3727864257	1447555763
3727864257	1447555770
3727864257	1447555777
5202537625	1447555792
3727864257	1447555796
5516412006	1447555819
1849995531	1447555836
3727864257	1447555836
3727864257	1447555864
1763220152	1447555890
3727864257	1447555925
1837345982	1447555946
3727864257	1447555952
3807399670	1447556060
5242162679	1447556063
3206206980	1447556063
3206206980	1447556096
3025797977	1447556138
5676667221	1447556167
5676667221	1447556210
5584056302	1447556238
3206206980	1447556238
5240168099	1447556263
5601575847	1447556275
5676667221	1447556302
3206206980	1447556433
5305717271	1447556440
3584256573	1447556609
3584256573	1447556660
3584256573	1447556668
3584256573	1447556674
3584256573	1447556679
2787759272	1447556680
3584256573	1447556685
3584256573	1447556694
3584256573	1447556699
5344273922	1447556701
5668438297	1447556704
3584256573	1447556706
3584256573	1447556712
5353009146	1447556719
3584256573	1447556722
3584256573	1447556727
3584256573	1447556732
3584256573	1447556738
3584256573	1447556752
3584256573	1447556757
3584256573	1447556763
5326671514	1447556979
2030999917	1447556998
2257461960	1447557018
2257461960	1447557024
5172986382	1447557230
5699949228	1447557289
3131357623	1447557303
5529634085	1447557381
5227045230	1447557386
2596881525	1447557424
3883468735	1447557437
5531573321	1447557451
5533304161	1447557469
5540942045	1447557511
5189431203	1447557611
3753218603	1447557706
5170628685	1447557733
5737544950	1447557798
3652887192	1447558000
5523875010	1447558014
5648631190	1447558046
3559863177	1447558099
3635665435	1447558122
3995959525	1447558301
2060078731	1447558409
5578262771	1447558447
5263645904	1447558669
2819811444	1447558752
2692132710	1447559102
5516394214	1447559180
2641633977	1447559355
5034396156	1447559439
2015139243	1447559491
3529226927	1447559501
5243963335	1447559704
3170694333	1447559786
5502319726	1447559826
2885874612	1447559875
5758059469	1447560016
3613806224	1447560101
5245863045	1447560105
5562329799	1447560119
2783480821	1447560208
3215226433	1447560265
1825896101	1447560288
5021865394	1447560413
5659521544	1447560529
3527489331	1447560721
3707613221	1447560731
5122293606	1447560756
5292704882	1447560804
3524709997	1447560853
5023959694	1447560905
1652259820	1447560958
5673085425	1447561127
5302143503	1447561208
5494293850	1447561231
5244317916	1447561272
5594101816	1447561305
2421539321	1447561338
3694593003	1447561719
5675889447	1447561777
5515489014	1447561790
2501754962	1447561811
5029754187	1447561829
5267111812	1447561940
3172968454	1447561972
3254334212	1447562015
2903916487	1447562306
5287011769	1447562443
3221418727	1447562546
2308263501	1447562561
3210262471	1447562570
3044900101	1447562625
5600047072	1447562725
3680082860	1447562829
3457964832	1447562885
5639524221	1447562920
5540425638	1447563018
5401309408	1447563082
5159464220	1447563101
5658885490	1447563114
5667308732	1447563243
5067496201	1447563477
5024390246	1447563519
5642690558	1447563710
3300397562	1447563746
5123526729	1447563748
5514875494	1447563812
5248530992	1447563847
5573388432	1447563867
5526598718	1447563897
5362325630	1447563931
3300397562	1447563934
3928024392	1447563981
5472220448	1447564124
2608312903	1447564149
5679441194	1447564218
5576998904	1447564469
2386751771	1447564525
5719129316	1447564527
3157787600	1447564596
5253364059	1447564734
5518460190	1447564877
3924100812	1447564927
3665509863	1447564931
5171722717	1447565196
5223041964	1447565327
5026809869	1447565346
5194543971	1447565703
5179872580	1447565780
3586292331	1447566292
5090535719	1447566445
5088406582	1447566517
5065818586	1447566722
1840236011	1447566740
2661474005	1447566784
3707613221	1447566822
3655205761	1447566893
5616280428	1447566976
5590118737	1447567013
5692631398	1447567027
5688859513	1447567076
3887239075	1447567245
3992664717	1447567329
3260201624	1447567381
1595667105	1447567599
3188687487	1447567828
3942549993	1447568421
5723452725	1447568456
3722950031	1447568498
1777448587	1447568721
3511384812	1447568919
5388165626	1447568984
5517520056	1447569035
1851831013	1447569151
5407693502	1447569200
1657297281	1447569264
3454121324	1447569321
5616416859	1447569529
5264514398	1447569560
3797705627	1447569577
5626646882	1447569754
3913807990	1447569870
2607741371	1447569930
2607741371	1447570013
3186158245	1447570731
5582633168	1447570937
5599941322	1447571008
5605039501	1447571525
5219596029	1447572549
3983756052	1447573062
3964315212	1447573417
5249289349	1447573602
5187896082	1447574023
5514944039	1447574098
5425878507	1447574727
2144442634	1447574813
5482661840	1447575258
5631412529	1447575432
5449608795	1447575856
5402322849	1447576219
5634522544	1447576597
5208758034	1447577071
5655639623	1447577293
3831183021	1447577794
3831183021	1447577925
3666424002	1447578644
3041488017	1447579234
2959659762	1447579507
5086071857	1447579978
5364050196	1447580201
5365733633	1447580237
5446294438	1447580341
5572594224	1447580372
3734976644	1447581193
3202032694	1447581224
5000545045	1447581767
3277891392	1447581830
5404477770	1447582134
2883939400	1447582422
3944123222	1447582557
1000909683	1447582586
1993114115	1447582639
2567591321	1447583257
5209068630	1447583301
5162454146	1447583735
5389032957	1447583761
2411272044	1447584598
5716252136	1447584718
5190318376	1447585235
2021341383	1447585280
2089093921	1447585604
5444843153	1447585611
2678176275	1447585970
5013968069	1447586608
5205900361	1447587269
5187008457	1447587722
3755251762	1447588216
3284567405	1447588460
3793279252	1447588787
5060175323	1447589139
5099292268	1447589279
2698055453	1447589543
3806010608	1447590978
3249012720	1447591394
3752686670	1447591953
5522093132	1447591955
5406632283	1447592288
3831680949	1447593320
2884893284	1447594126
3971143790	1447594802
2427490792	1447595096
5378356071	1447595276
3047537244	1447595467
3926968563	1447595737
1112064894	1447595961
3121348035	1447596541
2164005884	1447596922
5516777237	1447597462
5262671988	1447597507
3988447029	1447598307
1923600323	1447598410
2705738083	1447599153
2645220397	1447600852
2439508480	1447602137
5366596129	1447603647
5600036218	1447605536
5613882188	1447622527
5185487893	1447625541
1203973405	1447628834
2161862305	1447630456
5595509114	1447633231
1761182711	1447634267
2706522731	1447634296
3822958194	1447634474
1903501923	1447634945
3661036725	1447639464
1500368681	1447642097
5530943432	1447642366
3988165698	1447642475
2931285607	1447645089
5285334500	1447646076
5678786242	1447647304
5184042336	1447647495
1795108847	1447649015
3101044280	1447649831
5581488167	1447650987
3634955947	1447655116
2782692761	1447660562
1769294860	1447666079
5672603932	1447666358
5272384775	1447667895
5516705429	1447667930
3089536192	1447670345
5362693801	1447672908
5586255419	1447674849
2739055214	1447675480
5480822397	1447676138
2161612362	1447679020
5114394474	1447681658
1106193815	1447682990
3123559341	1447686834
2775286941	1447687379
3205414610	1447688921
3279734637	1447715071
5264830026	1447719752
5239564982	1447730989
5508419741	1447735823
5403369796	1447736916
5459982301	1447736974
3165151427	1447742797
3830530459	1447745647
5236411753	1447750942
3681354361	1447755929
2180420950	1447758532
5545288496	1447766495
3791560531	1447768015
5189749596	1447768972
3656738393	1447772290
2733763933	1447776395
3283063604	1447808145
3093596193	1447812720
5055505981	1447904039
5456041186	1447922745
5146139012	1447928526
5677911844	1448020541
