1618051664	1447922086
1791841427	1447922125
1196977044	1447922128
2680154611	1447922129
1394507384	1447922139
1801552335	1447922147
3856749433	1447922148
1781298552	1447922155
1871107294	1447922156
1846775675	1447922160
2204101230	1447922169
2637292050	1447922171
5468897830	1447922171
2610952981	1447922175
1731273454	1447922176
1595490205	1447922179
2267147875	1447922181
1902734541	1447922187
2291383663	1447922193
2970122197	1447922194
3151074215	1447922198
1415798434	1447922200
1671948650	1447922202
1738749010	1447922209
5713639772	1447922209
1852400273	1447922219
3190806071	1447922220
1926995111	1447922225
1774813310	1447922226
5272516193	1447922232
1655356933	1447922238
2483643851	1447922241
2081144201	1447922241
2720487837	1447922242
5673917746	1447922248
1770485925	1447922252
2269448430	1447922257
1113740381	1447922259
5196960579	1447922260
2596588041	1447922261
2548190481	1447922264
2728214434	1447922267
2181346401	1447922268
1751253074	1447922271
3195156513	1447922274
2085357441	1447922277
5760445803	1447922282
2621090151	1447922285
1198402581	1447922290
1676952017	1447922300
1690225670	1447922310
5019888287	1447922313
1883917884	1447922318
2870508080	1447922326
2160451523	1447922329
1217713277	1447922330
2539747352	1447922339
2939441143	1447922341
1759078813	1447922348
3681457895	1447922357
1247587407	1447922363
3225584613	1447922366
1282364920	1447922393
3136677171	1447922396
1964853393	1447922409
2748508207	1447922410
5058775737	1447922415
2195480155	1447922424
1835861042	1447922426
1746547601	1447922435
1741309305	1447922443
1494073994	1447922443
2526858643	1447922445
1239442375	1447922447
1849514731	1447922449
5341924607	1447922449
2205155763	1447922450
1063450082	1447922456
1368206457	1447922459
3840554459	1447922463
1911114863	1447922474
1130874855	1447922477
1867333131	1447922483
5544788840	1447922488
3037875223	1447922495
2436038782	1447922511
1736948843	1447922511
1647192264	1447922518
3608320630	1447922519
2803761641	1447922519
2296597320	1447922524
3190469632	1447922528
1974633625	1447922530
2174714522	1447922545
1804451960	1447922561
2236801082	1447922571
3115835907	1447922591
1672605851	1447922595
1470010532	1447922595
1276666545	1447922602
5209083671	1447922602
1961195185	1447922609
1163486373	1447922613
3283886591	1447922613
1420398274	1447922628
1717704921	1447922636
2105416303	1447922637
1809379073	1447922644
3369370802	1447922648
2299413562	1447922660
1726074351	1447922668
1418903487	1447922685
1689951705	1447922694
1886422050	1447922694
1062427413	1447922696
5506961256	1447922703
1806826260	1447922728
2177858822	1447922745
1912373490	1447922753
2097982047	1447922756
5656888418	1447922760
1883327157	1447922769
1799999223	1447922769
2552034994	1447922780
2967203144	1447922784
1580229432	1447922804
2163721391	1447922804
1865176027	1447922834
1033714204	1447922857
1003243592	1447922858
1613755131	1447922873
2269891803	1447922886
1790444887	1447922894
1340385424	1447922910
2940929445	1447922948
2384947202	1447922988
1809915945	1447922991
5541817992	1447923020
2939309131	1447923021
2686049063	1447923026
3912011828	1447923033
1899371917	1447923033
2201864787	1447923034
1952627913	1447923035
5130699324	1447923035
3630927787	1447923083
1915982474	1447923083
3280401953	1447923084
5195346632	1447923090
3607688821	1447923095
2231648863	1447923096
2252390047	1447923130
1646611503	1447923159
5256909806	1447923232
2243966223	1447923234
3863679651	1447923245
1730161221	1447923256
5325104010	1447923256
1646611503	1447923267
1884771743	1447923292
1180090203	1447923299
1222385637	1447923299
1819756191	1447923302
2410084911	1447923357
1789043670	1447923374
3188247442	1447923386
2152394644	1447923405
5093994490	1447923411
1935815157	1447923428
5619376649	1447923430
3188619761	1447923451
1926927111	1447923484
3260065974	1447923524
2168642815	1447923553
5743571253	1447923564
3721359154	1447923627
3052542287	1447923680
2561417761	1447923752
2241410470	1447923759
1854777204	1447923801
1233004832	1447923803
3123970550	1447923810
1771087063	1447923833
5706726325	1447923863
1964376591	1447923868
1675009620	1447923908
2704889807	1447923916
5222911524	1447923992
3038985930	1447924014
2847031150	1447924025
2595963485	1447924033
1046357374	1447924038
1458786213	1447924043
1859947062	1447924093
3673992685	1447924158
3660889722	1447924233
2232315183	1447924272
2395821775	1447924276
2179317292	1447924321
1392829432	1447924421
2219758400	1447924427
5473106564	1447924443
1601277713	1447924462
3132469545	1447924518
5587135990	1447924593
1886864315	1447924614
2691321762	1447924666
1979793773	1447924733
1926182351	1447924760
2433561505	1447924846
3742522591	1447924851
5656239950	1447924851
3874632508	1447924879
1926227422	1447924934
1362028432	1447925012
2470480201	1447925029
3163054080	1447925095
3018506865	1447925169
3304326631	1447925225
2102785691	1447925280
3268683205	1447925302
5069095617	1447925366
3198087435	1447925396
5301640334	1447925397
5105430453	1447925436
3775056661	1447925464
2048427007	1447925504
1866347251	1447925508
1776299517	1447925529
2109372607	1447925533
5684284665	1447925575
1416433773	1447925610
1897788101	1447925663
3260180183	1447925666
2595238340	1447925704
1403888403	1447925796
1993683004	1447925821
5198483791	1447925824
1698568720	1447925851
1651088670	1447925877
2155969780	1447925897
2639122095	1447926023
5359138502	1447926033
2411391260	1447926125
3168608035	1447926141
2367417695	1447926310
2478933085	1447926319
1889048594	1447926363
3170441447	1447926381
2727928380	1447926459
2595820757	1447926516
2758466371	1447926547
2607155263	1447926574
1724704791	1447926589
2601210822	1447926594
5199317736	1447926654
1868006907	1447926670
1086825105	1447926682
2588029787	1447926721
1924876324	1447926730
3176105483	1447926758
2258157207	1447926779
2101415084	1447926818
5017812736	1447926929
5673024628	1447926975
1624774042	1447927003
1671682170	1447927034
5486250586	1447927081
2039924963	1447927089
3533580552	1447927226
5056094018	1447927247
1897882301	1447927251
2411041462	1447927252
1984372160	1447927280
1727159662	1447927302
5463044861	1447927314
5318638389	1447927325
5270146189	1447927339
1267939523	1447927362
1632790783	1447927370
1706633350	1447927377
5132072789	1447927391
1818360091	1447927432
3096540165	1447927455
61068861	1447927467
1706633350	1447927505
5678452953	1447927573
5678304937	1447927675
1088725894	1447927827
1615001523	1447927887
5302767248	1447927894
1763094262	1447927921
1874673654	1447927925
1276257417	1447927955
1418359513	1447927989
2946047162	1447928010
5675383975	1447928020
3639391694	1447928086
2170716192	1447928091
2664752283	1447928113
2342829385	1447928193
3880584514	1447928232
5746669809	1447928341
3033448471	1447928400
1740788173	1447928403
2240840333	1447928405
2399478323	1447928493
2731386765	1447928515
3942294480	1447928576
5306068049	1447928604
1305179757	1447928683
5594557619	1447928753
2863433940	1447928759
2615978485	1447928829
1302907483	1447928864
5199110003	1447928929
1959241797	1447929029
5199105002	1447929057
5085816014	1447929080
1870558625	1447929089
1728729744	1447929123
1957377855	1447929140
3320356224	1447929183
2515163614	1447929216
2299398397	1447929263
1762241975	1447929334
1079684992	1447929575
1685938351	1447929668
2798967124	1447929725
3214566742	1447929765
2903231691	1447929775
1902426633	1447929858
2546640290	1447929862
5161467449	1447929880
5559869639	1447929971
1661017271	1447930033
1628155120	1447930140
2648817100	1447930363
5123334746	1447930387
2038866232	1447930556
1607418095	1447930575
1901858004	1447930592
3833448831	1447930728
1347544071	1447930801
1734403157	1447930856
2325266410	1447930876
5440937400	1447930950
5152467870	1447931176
2238104701	1447931219
2485857655	1447931222
1739563557	1447931375
2238104701	1447931896
2803853227	1447932568
1410430583	1447932597
2477570340	1447932694
1745885294	1447932708
2621058311	1447932811
1873889764	1447932886
1250530382	1447932989
2075607085	1447933175
1061285113	1447933381
5605593427	1447933687
1646818325	1447934037
1698948112	1447934457
1296647145	1447934782
1873425217	1447935050
5588706122	1447935165
2498308233	1447935302
5733064753	1447935364
2673097921	1447936034
1995178475	1447936097
2421924422	1447936390
3178225330	1447936855
3142283681	1447937014
1240521991	1447937681
1737731345	1447938035
1804875883	1447938870
2681402023	1447939892
2619730985	1447940797
1788308933	1447941517
2876307612	1447942822
1029113397	1447943220
2147281147	1447943964
1773205434	1447947352
1972976902	1447947661
1972976902	1447947908
2913327245	1447947930
1183349860	1447949989
2568564763	1447950072
1799187540	1447950446
2263662900	1447951468
2004841301	1447952054
1937010115	1447952866
3234522115	1447953195
1517582310	1447969208
5698010540	1447974566
5522328746	1447975863
1686400515	1447976844
1760362450	1447978856
1566576967	1447981914
2662083433	1447983202
1861370260	1447987081
5489417512	1447988010
1825857541	1447988597
2185704153	1447990033
1847036584	1447990820
2673221374	1447994728
5746476206	1448003406
5763689368	1448004148
5091872535	1448093160
3280401953	1448130758
5091872535	1448184043
1661452682	1448188826
3206473770	1448204296
3950647422	1449456128
