2656274875	1449802904
2878948127	1449802926
2705365005	1449802927
2877259822	1449802941
1032781303	1449802952
1958451223	1449802961
3940167117	1449802968
3878114907	1449802969
2232625672	1449802975
5061755676	1449803004
5051021892	1449803008
5288417698	1449803009
1251635332	1449803022
5556119867	1449803026
1708724521	1449803042
1568462952	1449803054
3066859035	1449803058
1750014413	1449803059
1178242287	1449803063
5788821691	1449803064
5409622658	1449803069
1604804283	1449803085
3036390145	1449803093
2092260060	1449803100
3366433382	1449803102
3294661810	1449803110
1843961020	1449803110
1306581820	1449803116
2649762111	1449803119
3889755521	1449803123
5538732941	1449803128
3763334510	1449803128
5303960464	1449803137
2970819430	1449803142
5577706687	1449803149
2693097825	1449803156
1960031181	1449803161
5204207670	1449803161
1803858525	1449803162
2445268345	1449803162
3157700560	1449803163
1697465332	1449803167
3264476690	1449803167
1841619000	1449803172
5087488819	1449803174
1286703947	1449803179
2644846831	1449803189
3214896237	1449803194
2113575000	1449803194
2480625790	1449803195
3276115925	1449803195
2664431643	1449803196
2643180212	1449803203
1874549442	1449803210
3509076491	1449803215
3586153107	1449803224
2805183265	1449803226
2073432023	1449803231
5426697075	1449803232
2937269531	1449803241
1793109450	1449803259
5150112170	1449803272
2911341221	1449803287
2626709133	1449803300
5371030349	1449803303
2799459530	1449803323
2146043555	1449803354
2476235077	1449803355
5725374870	1449803358
5734627411	1449803361
1707494744	1449803364
2141789613	1449803366
2294923561	1449803374
3135183521	1449803379
3854802064	1449803385
5038407787	1449803404
5038049156	1449803414
2303374323	1449803421
2992698013	1449803423
5128564658	1449803438
3084356995	1449803442
1416504695	1449803443
3960894121	1449803457
1719201780	1449803463
1101807033	1449803463
5188775772	1449803484
2424457717	1449803489
5395229939	1449803521
5420566177	1449803526
1642891475	1449803539
2817623017	1449803570
5448109310	1449803587
1886362323	1449803594
3155620524	1449803616
1269285350	1449803642
5182797409	1449803645
5392258715	1449803650
3498299604	1449803653
1915600695	1449803654
1686556110	1449803663
1710690925	1449803675
5095044846	1449803682
5697561205	1449803685
1805404834	1449803693
5386479285	1449803716
2818007081	1449803717
5665816588	1449803761
5198501608	1449803767
3495714945	1449803770
5618369581	1449803771
2504146975	1449803773
2934754192	1449803779
2678196492	1449803782
5687181934	1449803782
3495459211	1449803786
1631666592	1449803792
2291598174	1449803793
2882985011	1449803802
1410723455	1449803809
5114153800	1449803831
5752438362	1449803845
5198501608	1449803846
3280583550	1449803853
1966901227	1449803854
5625394805	1449803857
3161035902	1449803874
2908559573	1449803879
2650323604	1449803885
5253394360	1449803898
5293571386	1449803935
5680395486	1449803938
5559399763	1449803958
2299028477	1449803964
1660542697	1449803986
1350591663	1449804032
5530032613	1449804048
3731435602	1449804055
1809759387	1449804081
1972517541	1449804108
2685116553	1449804118
5607259845	1449804125
2138912995	1449804172
5483173680	1449804197
2346545264	1449804199
5182703599	1449804201
2678965191	1449804299
1846084881	1449804304
1766407372	1449804318
1973646873	1449804336
3553146191	1449804351
3120458424	1449804377
1400282852	1449804392
5387526225	1449804392
3278714352	1449804395
3877647189	1449804437
1362028432	1449804450
1566114571	1449804493
5589983823	1449804556
2353182627	1449804573
1400282852	1449804579
2645029550	1449804585
1308632251	1449804652
3750252903	1449804703
1927356340	1449804737
2645286513	1449804742
1058154603	1449804769
1249239162	1449804802
3290317500	1449804807
5671101066	1449804827
2040083515	1449804829
5603780060	1449804862
3091471211	1449804871
5729394124	1449804895
2900836387	1449804933
1948623410	1449804952
3503607520	1449804953
1789225112	1449804986
5378450620	1449804996
5268635778	1449805060
5378450620	1449805063
3191448777	1449805086
5329320122	1449805092
3093272291	1449805125
80519035	1449805140
5299081339	1449805174
5314746297	1449805175
1494921320	1449805175
1400282852	1449805183
2667491615	1449805184
3299659992	1449805192
2493620253	1449805195
2932303455	1449805255
5748236640	1449805257
2421395361	1449805293
5788417118	1449805308
1368831607	1449805326
3255229170	1449805333
5181159413	1449805340
2488437311	1449805357
1411534111	1449805394
1703750115	1449805415
2463605094	1449805494
3128709414	1449805529
3341075610	1449805571
3106449280	1449805575
3537112283	1449805642
2720192314	1449805751
3674330384	1449805762
1787097401	1449805858
1569588525	1449805912
3740493141	1449806008
3496238230	1449806019
5052957414	1449806043
5721679195	1449806078
5458117659	1449806087
2620631443	1449806126
2572714585	1449806132
1687571002	1449806153
3531743320	1449806194
5640344681	1449806247
5710435859	1449806378
2190332385	1449806408
2855082360	1449806416
1178809971	1449806483
3280232501	1449806598
2692817431	1449806648
3212616123	1449806668
1765235983	1449806734
3837249182	1449806767
5745277656	1449806802
3480816504	1449806855
3990779914	1449807010
3568045335	1449807021
3417540420	1449807068
5329573262	1449807292
5723132149	1449807342
3987758422	1449807388
2609968281	1449807487
1648557267	1449807544
3165398145	1449807686
1265335494	1449807718
5759218073	1449807755
5466051079	1449807786
2822868580	1449807788
5590158194	1449807851
3627104701	1449807859
5113610325	1449807867
5727841195	1449807958
1393678574	1449807960
1380948784	1449808069
3726033515	1449808088
3652541245	1449808130
1716257754	1449808142
2769979581	1449808280
3199354922	1449808326
3681790475	1449808392
3161052152	1449808399
5784420296	1449808417
2675028730	1449808424
3262007992	1449808457
5394839902	1449808461
2491478462	1449808591
2933628705	1449808604
3987758422	1449808752
1250896004	1449808888
2169284490	1449808910
3214343704	1449808929
1637318995	1449808943
2987944580	1449809001
2629404627	1449809208
3867811273	1449809271
1648334590	1449809273
2395901285	1449809306
3958186476	1449809354
3968729690	1449809425
1702465491	1449809513
5032807848	1449809515
3489717094	1449809683
1884609301	1449809879
5538502611	1449809978
5338639078	1449809999
3895419055	1449810002
3963438827	1449810277
5077925505	1449810362
1782195962	1449810362
1419182284	1449810372
3911623163	1449810484
5384223841	1449810653
3234522115	1449810806
1670987801	1449810968
1462574687	1449811062
2429650653	1449811151
2473759681	1449811422
3811232421	1449811611
1812574295	1449811617
5165160163	1449811991
1739883917	1449812193
5631395129	1449812275
2681848302	1449812397
2681848302	1449812441
1951895143	1449812623
2176690652	1449812733
2391401847	1449812895
2938574224	1449812976
1595277763	1449813020
3573797490	1449813244
2183657961	1449813284
2715189415	1449813538
1376864482	1449813624
3487230055	1449814065
3551007592	1449814826
1798307963	1449814916
5041093013	1449815104
5378328529	1449815333
5285244203	1449815653
1826945525	1449816019
1764515753	1449816310
5105409403	1449817207
3276261757	1449817282
5026105926	1449817405
1905979140	1449818275
5737733580	1449818668
1900043281	1449818725
2912539615	1449818778
3186609320	1449819605
1688235390	1449819634
3515401602	1449819709
2619118700	1449820441
2384534087	1449821745
3085519497	1449822086
5600646544	1449822335
1165278845	1449822619
1649755443	1449822706
3303382665	1449823046
1968239314	1449823086
2926545305	1449823981
3806833379	1449824381
3707205340	1449824916
2715404522	1449824971
2732840593	1449826025
5679281697	1449826201
2712815050	1449826671
5602769808	1449826908
5348178855	1449827571
5715580523	1449827934
5238048191	1449827985
2012962887	1449828608
3676446771	1449828743
5243866145	1449828744
1757519033	1449829509
1361961584	1449829976
2933914437	1449831340
2043332961	1449831677
5671373377	1449831796
3512557487	1449832226
5737346626	1449832980
2803089001	1449834520
5256011568	1449836748
5283228950	1449836980
5580622369	1449838094
5059609592	1449838197
1774657462	1449839522
2407982355	1449841612
1932265153	1449849134
3223905863	1449849435
2620128527	1449851511
2720845163	1449878174
5606995950	1449881357
3460177292	1449887835
2455719494	1449888433
5510696127	1449890016
3446051990	1449891961
3928062774	1449928044
1080504883	1449933947
3616212457	1450006677
3908870941	1450008031
3977486233	1450009684
3188303814	1450018740
3045047477	1450019562
5442071056	1450065930
3974718927	1450066183
2334849024	1450066414
5032419642	1450066559
2809629511	1450067889
2557736524	1450068001
2295223392	1450069034
2663768304	1450069099
3106380324	1450071000
5184487671	1450174245
2710637937	1450180802
5324277299	1450320567
