2482557597	1447687198
2284507032	1447687209
2890912553	1447687220
3499233990	1447687225
2785760151	1447687225
2860156474	1447687228
2206716820	1447687231
3100559757	1447687240
3242917984	1447687241
2711566310	1447687246
5219588724	1447687255
3566365765	1447687257
5017346159	1447687258
5269035129	1447687259
1839398360	1447687263
3627382382	1447687263
1743957795	1447687266
2507263263	1447687275
5233944030	1447687276
1581649255	1447687276
5753942161	1447687278
5691353363	1447687279
1992855611	1447687280
2602041480	1447687284
1722800955	1447687285
1648548123	1447687287
1785733455	1447687290
2315692725	1447687290
5559679022	1447687291
1847607823	1447687292
3276286352	1447687294
5253726405	1447687300
2546653902	1447687300
5629565553	1447687302
5458273271	1447687302
3762219387	1447687311
2433109951	1447687314
5611872735	1447687314
2720954641	1447687314
3565237164	1447687316
5719924097	1447687317
5218970787	1447687317
5354451369	1447687320
3813071424	1447687321
5757104366	1447687323
1885949577	1447687325
5337966200	1447687327
2670942603	1447687328
5461242596	1447687330
3788086365	1447687334
1741088291	1447687339
1280760627	1447687339
2207942142	1447687340
2440974971	1447687343
2974340404	1447687344
3172622325	1447687344
1785428805	1447687345
2332106341	1447687345
2732584815	1447687346
5219588724	1447687347
1954137561	1447687348
5716172373	1447687348
2168341435	1447687352
2815392254	1447687352
2828972550	1447687356
2098263761	1447687359
3682008432	1447687359
5509493675	1447687361
5648672617	1447687362
1764672465	1447687363
1686101632	1447687367
1952998363	1447687371
3451194654	1447687372
1816926377	1447687373
5682545720	1447687374
2669293734	1447687376
2612844663	1447687376
3538521935	1447687378
3034026931	1447687378
5381721665	1447687379
1764566541	1447687380
5269035129	1447687380
1884057440	1447687382
1973211277	1447687385
5635848389	1447687387
5463556730	1447687396
2120276692	1447687396
1795648925	1447687397
2120998500	1447687398
2186182741	1447687399
3625934193	1447687399
1750972095	1447687400
1155309503	1447687400
5544540605	1447687405
2116982254	1447687409
1932984747	1447687413
3239589652	1447687418
5303832459	1447687423
5559489496	1447687423
2559758240	1447687430
3721245144	1447687438
1922698295	1447687440
3951281071	1447687441
1790116197	1447687443
5108201672	1447687447
1788909207	1447687449
3212641094	1447687450
2603535492	1447687452
5203815542	1447687454
5404954230	1447687456
2856402710	1447687457
1778457523	1447687459
3887082126	1447687462
1896276625	1447687465
2924827500	1447687469
5204882676	1447687469
2538513721	1447687470
1786051325	1447687471
1947941027	1447687472
5354424565	1447687472
2143249305	1447687478
3915002436	1447687481
3901589882	1447687483
2863391310	1447687489
2315692725	1447687490
1930759582	1447687490
2529843470	1447687494
2510066362	1447687497
5091016999	1447687499
2882936774	1447687499
3557202344	1447687504
2970860295	1447687512
2528642641	1447687513
5375940231	1447687516
1686071144	1447687520
1884828080	1447687525
1730904815	1447687530
1692857577	1447687533
5359090937	1447687536
5317561209	1447687536
1876420743	1447687539
5185337707	1447687542
3150363990	1447687544
5428341445	1447687545
5506567040	1447687545
3499035272	1447687546
2885345064	1447687549
1738991645	1447687551
5695976341	1447687551
1784512262	1447687554
1922781840	1447687555
2826033611	1447687555
1944278507	1447687556
2122544004	1447687562
1704070435	1447687563
2955625297	1447687565
3082727350	1447687566
3838267664	1447687568
3195625001	1447687568
5304607126	1447687568
2970471897	1447687568
2020688221	1447687569
2360301794	1447687570
2120376947	1447687571
5021321057	1447687576
1777839922	1447687577
2881515720	1447687579
5373415001	1447687581
3970510259	1447687585
3769089380	1447687591
2440262340	1447687595
3483363733	1447687598
3083054422	1447687598
2924827500	1447687598
2495101332	1447687603
1866049112	1447687610
3971682242	1447687613
5019339596	1447687614
2798530832	1447687614
1964887301	1447687621
3568231885	1447687627
2294088193	1447687631
2706551860	1447687634
1768833424	1447687636
3303116560	1447687647
5604919089	1447687658
1972692667	1447687661
3287664902	1447687665
2603240882	1447687666
5523465729	1447687667
3253683340	1447687678
5518392740	1447687679
5415018703	1447687696
1794366793	1447687700
5326294077	1447687707
2638675141	1447687710
5021321057	1447687712
5366876081	1447687719
1320651311	1447687723
2296843122	1447687724
1961840143	1447687725
2758734837	1447687731
1180866933	1447687732
3609656573	1447687732
5306944437	1447687750
3846500121	1447687751
1825291914	1447687754
2659673075	1447687755
1734819533	1447687756
1724364137	1447687758
5095752906	1447687764
2405065101	1447687768
2825401121	1447687777
5173141673	1447687782
3652447151	1447687787
2096794344	1447687795
1761882340	1447687796
5647043818	1447687801
5655830670	1447687801
1931714645	1447687804
5730364448	1447687808
2826030961	1447687808
3625942847	1447687810
2609182175	1447687812
2742629767	1447687814
2282974152	1447687818
2127602942	1447687823
1780330204	1447687825
5106742898	1447687831
5270217831	1447687838
5640482288	1447687843
3306592795	1447687844
3107126431	1447687851
3191378782	1447687857
1705160104	1447687858
2847042873	1447687860
3265130275	1447687862
2746104435	1447687863
2948388235	1447687867
3675336105	1447687870
5172351722	1447687871
5463556730	1447687872
2078332191	1447687885
3803084015	1447687897
2476459383	1447687897
2761179057	1447687906
3665739435	1447687907
2465837145	1447687911
2970178043	1447687915
1816264444	1447687918
2486736924	1447687926
5175776898	1447687927
1654748695	1447687928
2904762781	1447687933
5332294149	1447687936
2174751324	1447687940
2719788041	1447687951
2427857133	1447687955
1951803833	1447687956
3574285177	1447687960
3504267714	1447687962
1688507382	1447687963
5708345623	1447687974
2082869415	1447687974
1906964994	1447687974
2294088193	1447687975
5242894586	1447687978
1978909210	1447687982
2351721201	1447687987
1785271805	1447687991
2516127493	1447687995
1944635143	1447688000
3241230872	1447688007
1149655760	1447688008
1907914425	1447688015
3625915507	1447688016
3128788344	1447688025
5106741775	1447688026
3263819064	1447688026
2817968235	1447688032
2714865221	1447688037
1683660211	1447688050
5667793933	1447688055
1608417731	1447688061
5151720484	1447688065
5463556730	1447688071
3810924007	1447688072
5108846471	1447688076
2910030335	1447688076
3196994642	1447688078
3346540762	1447688082
5304216040	1447688084
5184796400	1447688085
5318966918	1447688096
2062098224	1447688101
5335124041	1447688104
5088476782	1447688107
1785271805	1447688109
5639911300	1447688114
1786789097	1447688124
5212884382	1447688125
2294380722	1447688130
5637935041	1447688130
2026129655	1447688139
1785271805	1447688145
5341285117	1447688151
2608179911	1447688166
5534298497	1447688171
2928457805	1447688176
2173405514	1447688181
5175776898	1447688182
3740741545	1447688190
2608759073	1447688192
1396893321	1447688195
1964887301	1447688198
5239814952	1447688214
2499102393	1447688216
3841570346	1447688231
2284061721	1447688239
5444040709	1447688239
2959144357	1447688241
1772976260	1447688243
5119189811	1447688249
1798289187	1447688251
1926520013	1447688252
2266588757	1447688262
2178604854	1447688263
3095627713	1447688266
5130109323	1447688266
1831139153	1447688271
5032918541	1447688281
5196904506	1447688290
5107398226	1447688295
2678203341	1447688297
1783395725	1447688298
2957683711	1447688303
5157323604	1447688304
3952435172	1447688307
3845021376	1447688311
3211519340	1447688316
1865532623	1447688318
2373208722	1447688324
1651217017	1447688326
2239763300	1447688327
3161198237	1447688328
2750596953	1447688332
5505329492	1447688335
2090144393	1447688339
3232747782	1447688340
2527356463	1447688352
1730845911	1447688357
3350806170	1447688367
5068861733	1447688376
3166479281	1447688384
1804338044	1447688386
3309421811	1447688387
1770594962	1447688394
1789644025	1447688395
1751238311	1447688397
2038818995	1447688397
1909954721	1447688400
1687779544	1447688410
3182040034	1447688413
2071852965	1447688414
2036632851	1447688414
3479793192	1447688415
3896779587	1447688417
2402370607	1447688425
3582414421	1447688425
2610568133	1447688429
3121563140	1447688435
3636681432	1447688440
3830379253	1447688440
5210288313	1447688444
5608519794	1447688468
5301935180	1447688470
5677369365	1447688478
5578435835	1447688483
2609984083	1447688493
5714447932	1447688505
5304216040	1447688518
1580745913	1447688519
5062512477	1447688527
3196350782	1447688534
2022400841	1447688542
2329658817	1447688544
1752072765	1447688553
1553980797	1447688563
2576610665	1447688564
2161192820	1447688568
1801788664	1447688602
3784760105	1447688604
1790041524	1447688612
2149293213	1447688635
2274009221	1447688649
3637143301	1447688652
1839260280	1447688655
2683066190	1447688667
1831139153	1447688674
2019039214	1447688699
3517977110	1447688702
3054487925	1447688703
5545417849	1447688706
3163967174	1447688745
2469290912	1447688750
1794618021	1447688751
1810351095	1447688765
2599586770	1447688767
5079406915	1447688779
5293122769	1447688789
5099511858	1447688797
2890852631	1447688803
3266855945	1447688807
1775940067	1447688839
1765632704	1447688840
2979963571	1447688846
3050798165	1447688848
3093887887	1447688851
3882293396	1447688880
3122583855	1447688895
1717705795	1447688902
2610794791	1447688912
1992092375	1447688917
2639027233	1447688928
3209761862	1447688934
2234849554	1447688942
5189750165	1447688949
2794237324	1447688957
2095681344	1447688966
3994502736	1447688980
2402219602	1447688991
5620517210	1447688998
1879567432	1447689005
1897772471	1447689007
3344577672	1447689008
2345302381	1447689014
3511338745	1447689053
2621656485	1447689056
1717447032	1447689061
2528508112	1447689063
5546174672	1447689074
2239685155	1447689076
1761673822	1447689078
5208104193	1447689083
2922146883	1447689088
3790391311	1447689104
5678282644	1447689126
2683066190	1447689135
5637998316	1447689136
3306492001	1447689138
5455256402	1447689144
2795823491	1447689147
2799456164	1447689151
1851840214	1447689174
1784688192	1447689180
2739427340	1447689215
3276458925	1447689217
2839514574	1447689256
3735216880	1447689263
2457185671	1447689287
3587971984	1447689297
5546472734	1447689303
2683066190	1447689304
1902613771	1447689310
3407331554	1447689316
2210914250	1447689323
2724873627	1447689331
5730282685	1447689347
2683066190	1447689358
1731542467	1447689359
5217580790	1447689378
1751101990	1447689389
5199892377	1447689411
2630651413	1447689425
1771893062	1447689428
2807140380	1447689429
1866599514	1447689440
1156810831	1447689481
5288480160	1447689482
2168705577	1447689495
5119707643	1447689498
1774707772	1447689511
1742160582	1447689511
5450423625	1447689524
5320976604	1447689530
2816115664	1447689534
5199892377	1447689553
3942549993	1447689556
2890841947	1447689561
5577359654	1447689576
2058121924	1447689584
5072537917	1447689601
2887076577	1447689612
2130411254	1447689626
3024554687	1447689631
1580797024	1447689677
5631285800	1447689709
2092648044	1447689711
3613747041	1447689821
5333652106	1447689826
1984307617	1447689837
2676733141	1447689855
5334685136	1447689874
2585448227	1447689876
3560162811	1447689906
3146506612	1447689915
1779576490	1447689935
1705935820	1447689962
1101797834	1447690001
3884328529	1447690021
2412282077	1447690038
5637998316	1447690045
3087039517	1447690062
2010575241	1447690067
3850065481	1447690077
5757104366	1447690086
2298800413	1447690098
3479079884	1447690100
2858711302	1447690112
1941580102	1447690117
1783935197	1447690124
5175776898	1447690157
5181100916	1447690159
2251766111	1447690166
5046685212	1447690190
1760774744	1447690195
3119270223	1447690273
1803831072	1447690289
1989827845	1447690351
3737484302	1447690351
5204882676	1447690394
2350744163	1447690397
1902661747	1447690416
5498233039	1447690442
5336508605	1447690459
1106636885	1447690476
2104549110	1447690483
1676771794	1447690511
1896396184	1447690514
2508099161	1447690524
1987516561	1447690549
3561656711	1447690563
1738042567	1447690569
2170309960	1447690637
1952602263	1447690640
1559499427	1447690672
1929936792	1447690678
2329417100	1447690679
2719788041	1447690686
2150749730	1447690696
2264410127	1447690699
2515516062	1447690713
5392386747	1447690727
5074841139	1447690731
2085868435	1447690750
5688362784	1447690751
2150446782	1447690795
1791516973	1447690827
1889070903	1447690843
3188352112	1447690877
2586140652	1447690917
5281839024	1447690927
1774947154	1447690950
5620433557	1447690954
3624668471	1447690954
3976977793	1447690960
2656122973	1447690982
2564125861	1447691019
5223585363	1447691029
1959621201	1447691031
2980267660	1447691050
5343305974	1447691057
3422160540	1447691064
5609405696	1447691093
2564308591	1447691141
5206208057	1447691172
1724986227	1447691231
1944393043	1447691261
2020784217	1447691262
5019437056	1447691280
2910573957	1447691284
2520914087	1447691285
5107656396	1447691412
5485484527	1447691472
2959611723	1447691489
2389935155	1447691499
2166829283	1447691556
1825622305	1447691653
2625712213	1447691703
2832034742	1447691708
3498269632	1447691712
3526827642	1447691766
2359404127	1447691779
3701299727	1447691851
2729229891	1447691875
1933810072	1447691883
3186389191	1447691895
5749959201	1447691905
2529593654	1447691950
3675293991	1447691979
2631577311	1447692003
1968711581	1447692022
1645322364	1447692085
2351952581	1447692107
5702964094	1447692172
1840761714	1447692221
3055014330	1447692233
3886335900	1447692314
1812584364	1447692336
5626297664	1447692378
3868973522	1447692444
2798718161	1447692449
1763067124	1447692468
3467410942	1447692583
3980702624	1447692590
1033336084	1447692642
5239356207	1447692650
1792330793	1447692794
2950218405	1447692815
2997680983	1447692863
5626792971	1447693033
3873085893	1447693042
2946671691	1447693068
2895427423	1447693122
3233767510	1447693228
3191124162	1447693483
2351353810	1447693742
5321261083	1447693791
2842761255	1447693812
3211395985	1447693824
2311349460	1447694047
2529205897	1447694097
5054719733	1447694179
5118925522	1447694379
3181762171	1447694466
2732302334	1447694486
3967586430	1447694490
1801233234	1447694609
5674824847	1447694761
2859270412	1447694814
3194095972	1447694847
1994869724	1447694858
3699619843	1447694876
2455211771	1447694877
2757717155	1447695125
1760998344	1447695273
5118925522	1447695295
1946220957	1447695353
1757860023	1447695406
1935164540	1447695571
1967096053	1447695676
3720880685	1447695677
3648799957	1447695820
1862553217	1447695928
5400427241	1447695943
1801979587	1447696027
2691870477	1447696129
3310767333	1447696281
2921395111	1447696334
1734769033	1447696560
2039265601	1447696680
2805944397	1447696727
2210873411	1447697328
3258345340	1447697442
1817782443	1447697475
2184837915	1447697602
2134581617	1447697871
1107439552	1447698946
2322103823	1447699288
2472467874	1447700112
2916059841	1447700374
5613903441	1447700448
2806940931	1447701053
2696381895	1447701573
3125178923	1447701879
5512509381	1447702012
1885365017	1447702280
2840302755	1447702351
5512509381	1447703594
2571336394	1447704125
1629796513	1447704708
5202134376	1447704943
2687467013	1447706266
5539794132	1447708233
5149621432	1447709541
1789435613	1447711042
5233834728	1447711066
1757419671	1447711114
1773699840	1447711434
3805068287	1447712135
5153054310	1447712475
5646219813	1447712538
2946153842	1447712637
1759130473	1447712684
3179292742	1447712772
2147458374	1447712942
2687701685	1447713018
2148137234	1447713142
5538594813	1447713236
5529147194	1447713280
2164456947	1447713482
3245937230	1447713485
3698915961	1447713490
1825682993	1447713528
3557616173	1447713800
1974784767	1447713898
2930220801	1447714003
3486061602	1447714277
3199865990	1447714353
3193428893	1447714514
3192763623	1447714593
3177034000	1447714756
5641932809	1447714819
2005175990	1447714913
2507055403	1447714992
3299642471	1447715017
2955408734	1447715138
5626020179	1447715404
2447386392	1447715750
5590750145	1447715862
2755344345	1447716049
2824178822	1447716081
2673573345	1447716126
1711176013	1447716258
1927597817	1447716259
3764343024	1447716388
2142037103	1447716440
1853655840	1447716451
1665425175	1447716583
5677953951	1447716783
2265801983	1447716883
5570785135	1447717027
3946139052	1447717228
3573109617	1447717285
2394772043	1447717345
2659345983	1447717345
5035197166	1447717511
1918956785	1447717579
3233244990	1447717594
5196904506	1447717596
5142943972	1447717740
5247526129	1447717771
1913211261	1447717809
2872770092	1447717839
1785428805	1447717892
1775053181	1447717987
2686298782	1447717992
3616646073	1447718037
2307208900	1447718076
3048247507	1447718077
1683650415	1447718236
3827463273	1447718254
1773802713	1447718275
3537340447	1447718285
1861515060	1447718352
2873026774	1447718352
5037137185	1447718393
2241038737	1447718419
1843106600	1447718454
5289238214	1447718456
3816895618	1447718456
3045388750	1447718560
3950950188	1447718575
2630667537	1447718579
3803463284	1447718599
2905833017	1447718599
1960412133	1447718624
3772793267	1447718767
3168921020	1447718862
2150095794	1447718931
5680035386	1447718988
1859559182	1447719123
1802015840	1447719149
2310134021	1447719171
1883683447	1447719185
2283609141	1447719357
2010261265	1447719376
3184293780	1447719540
1043379402	1447719541
2926419923	1447719557
3226626970	1447719592
3522398621	1447719807
1782383653	1447719831
5562587407	1447719833
2825492190	1447719879
2606808533	1447719909
1819793364	1447719995
2957804711	1447720007
2367215361	1447720034
5460054368	1447720183
5545952248	1447720278
2073948443	1447720294
3903074368	1447720297
5484651984	1447720317
2975681011	1447720377
2987202512	1447720391
1796147847	1447720398
1789979883	1447720555
2319036994	1447720642
2304286263	1447720708
5134595450	1447720727
2672592204	1447720731
1933096623	1447720862
1913437627	1447721015
1795107765	1447721069
3175445483	1447721100
1800012881	1447721136
3173712002	1447721155
3523166192	1447721162
3834005539	1447721196
2607074047	1447721198
2808687284	1447721365
1809616194	1447721384
2290360030	1447721415
2008535001	1447721514
2930350640	1447721522
2970269073	1447721585
3063795271	1447721668
3859441071	1447721710
3071569697	1447721731
1968104155	1447721731
1794479853	1447721742
3198765351	1447721839
1925377634	1447721850
5433884992	1447721929
1747430274	1447721954
5085773918	1447722193
1806241070	1447722204
3090058435	1447722248
3030282595	1447722307
1708836252	1447722379
2925857315	1447722553
2376099783	1447722658
2099068880	1447722905
5266586352	1447722905
2253890405	1447722930
1751881154	1447722952
1977752481	1447722986
5264106879	1447722996
3545173943	1447723013
5319424694	1447723161
3904560672	1447723241
2549391783	1447723494
5559022402	1447723531
5324215662	1447723558
3919301587	1447723623
2132441027	1447723661
3607055707	1447723669
2126737782	1447723748
5090672087	1447723827
2080229064	1447723842
1822195491	1447723893
2274029983	1447723909
2116869785	1447723966
3132756305	1447724230
2077114365	1447724313
1622955841	1447724422
1967100863	1447724441
2899515023	1447724484
2700703594	1447724539
5309905484	1447724584
1793998524	1447724615
1827140352	1447724622
2316322877	1447724701
1929333501	1447724739
2451943832	1447724748
5174406585	1447724994
5706312524	1447725061
1803989953	1447725166
5181553764	1447725178
1796553840	1447725308
3329741622	1447725468
2907614885	1447725734
5468326500	1447725784
3165346542	1447725824
2479202207	1447725956
5097182655	1447726303
1951187617	1447726502
5641540711	1447726550
1874670220	1447726608
2883799044	1447726625
5494304331	1447726628
3483600897	1447726895
3052729383	1447727135
5402410889	1447727253
1703825087	1447727275
5045682102	1447727392
3843052328	1447727436
1902635837	1447727512
2327195924	1447727894
2841595892	1447728272
2431271793	1447728290
5556974136	1447728363
3817144250	1447728506
5216298291	1447728890
1936893434	1447729278
5508213491	1447729542
3896985938	1447729551
5338304242	1447729804
2982899017	1447729930
1889735657	1447730108
1714099011	1447730193
1921643412	1447730861
1762472125	1447731139
1789494030	1447731184
5669427752	1447731717
2158395362	1447731843
5069694670	1447731858
5624032311	1447731912
5201435553	1447731955
1643034072	1447731966
2163520544	1447732028
3643427877	1447732747
1008711432	1447732829
3116424755	1447732857
2998625277	1447733066
2302683327	1447733086
1958472955	1447733153
2483601397	1447733557
3941593403	1447733744
1994188491	1447733873
2590090247	1447734133
3575868817	1447734238
2837027722	1447734367
2178334303	1447734372
1697207164	1447734439
5216144289	1447734541
2282688351	1447734549
5693925902	1447734647
3567024195	1447734719
1686111663	1447734923
3180510012	1447735193
5605378246	1447735197
2008535001	1447735202
2861090872	1447735593
5278128587	1447735728
5088414581	1447735886
2832350550	1447736024
2993873661	1447736079
1930734472	1447736446
3069654491	1447736542
2199372864	1447736682
3852921904	1447736690
2909135053	1447737200
5361299070	1447737386
1781586075	1447737451
5217083542	1447737651
2421703734	1447738318
5334988435	1447738341
5623841675	1447738503
1861494060	1447738784
1825430237	1447738826
3993443478	1447739362
1980744485	1447739811
1768202424	1447739906
3480764883	1447740052
2273202877	1447740308
2206992370	1447740455
5386990856	1447740718
1638895741	1447741553
3031083505	1447742658
5264314675	1447743576
1054142902	1447743579
3964168242	1447743598
5515471414	1447743769
2886616580	1447744331
2882600902	1447744961
2616618322	1447745161
1977430595	1447745381
5368630151	1447745502
1742283953	1447745647
3583795722	1447746620
1638228263	1447747353
5065571925	1447747857
5217955237	1447747966
5616266857	1447748312
2194917500	1447750108
5680660121	1447750671
1669734227	1447751192
1929676347	1447751287
5300863224	1447751928
5541522560	1447752222
1882134381	1447752633
2094292861	1447754461
5214361860	1447757065
3152620492	1447757815
1780736150	1447758344
5596133207	1447759417
2862636914	1447760063
1907914425	1447760157
5245637241	1447762848
1816264444	1447763176
2397762297	1447763471
3317329634	1447764429
3018028461	1447764678
5701509889	1447766828
2692230287	1447767990
2272931050	1447768516
5230571390	1447769108
1784971151	1447772508
5116667034	1447773152
1763109065	1447774097
2200858543	1447775347
1761673822	1447777898
5217580790	1447806963
5305756554	1447815354
2635476797	1447820236
5529701425	1447846335
1920350884	1447847154
1831772260	1447848931
2205738130	1447849699
1177362713	1447861570
5685924131	1447943648
5148005951	1448382513
