2764013814	1448278683
5293558554	1448278724
2340758271	1448278738
1755379787	1448278758
2041338435	1448278768
1875511421	1448278795
5021666645	1448278813
1708910445	1448278840
2977992173	1448278854
1142088237	1448278873
2493385594	1448278877
3652369531	1448278895
2435065834	1448278944
2310367264	1448278977
2592932650	1448278982
3124231264	1448278999
5089312244	1448279037
3631154373	1448279043
1779918890	1448279051
1793150202	1448279108
5305888343	1448279125
5658113537	1448279137
1825739125	1448279152
3371959034	1448279205
1958571327	1448279213
5085425912	1448279229
5239103488	1448279377
2502193191	1448279402
3144611785	1448279408
1747178551	1448279468
1806829587	1448279652
3722110332	1448279677
1468859755	1448279747
3058109513	1448279911
1794017430	1448279987
2670773700	1448280013
1758036081	1448280073
5223630967	1448280085
5303289575	1448280093
1998719397	1448280150
3596165423	1448280186
2361946017	1448280190
1947666433	1448280200
1930869917	1448280204
1963003663	1448280326
2025807317	1448280411
1272757303	1448280474
1726528935	1448280482
1792825334	1448280536
1785564625	1448281041
1950047482	1448281195
5625276379	1448281220
5144640818	1448281228
2409094591	1448281318
2689094567	1448281358
5269967347	1448281385
5579723741	1448281563
3767817133	1448281645
2642961713	1448281665
2712262881	1448281713
2556433595	1448281765
3533757790	1448281943
5563526266	1448282294
3692324205	1448283407
3151282692	1448283851
2647396774	1448284055
2839368710	1448284090
3787387540	1448284169
2614737331	1448284263
3190661911	1448284597
1300725814	1448285295
3686494432	1448285323
3483423902	1448285393
1893630304	1448285433
3091451093	1448285526
3195210693	1448285603
1975400620	1448286519
3189703557	1448286645
5317376391	1448287182
2332273080	1448287483
2344034147	1448287840
5075510184	1448287947
2828119244	1448288014
1578814597	1448288252
5093363397	1448288357
5264019342	1448288364
2517439265	1448288470
2659248761	1448288579
2760095915	1448288796
1748740435	1448289026
3076532781	1448290780
3318107315	1448291969
5229791967	1448292727
3337964964	1448292800
2042852641	1448293302
1287054561	1448297144
5269356334	1448298780
3307125301	1448303106
5275371822	1448305008
2217304865	1448322677
3049823187	1448323704
5171733812	1448325218
5180523310	1448326763
1742956005	1448327284
5081783718	1448332552
2299819103	1448333590
5184775956	1448333791
5575466362	1448334571
5020170219	1448334759
5314645643	1448336568
1489945090	1448336725
1955229447	1448339904
1762843505	1448340497
1817486102	1448340924
2978915384	1448345806
5217506828	1448345838
1909369043	1448347144
3951426250	1448348332
5310306418	1448351603
2884006424	1448352583
2282064403	1448353023
3037199627	1448354484
5639695639	1448356959
2993209585	1448361902
5513670019	1448368969
3643480262	1448373101
5524002339	1448373334
1588926303	1448374364
3986567880	1448376752
3106007490	1448386246
5041623705	1448423634
5359385297	1448441379
5377343056	1448441745
5183512282	1448442128
5196059246	1448461400
2469872812	1448477784
2731517435	1448486852
3302879232	1448578897
3736525270	1448626956
5344562889	1448630840
5635959490	1448679378
1960149927	1448780158
3926585749	1448899277
5301649784	1449067067
1981876421	1449122275
5530750816	1449152989
5060549783	1449247053
5616382935	1449388082
2543775460	1449710781
5574312768	1450008932
1930571673	1450440223
2752906395	1450725995
3961133295	1451838871
