2656274875	1447913909
5266810861	1447913916
5713639772	1447913925
1596713704	1447913929
2648596794	1447913947
5596169788	1447913956
1295720162	1447913970
5763341607	1447913976
1879491912	1447913977
3655259132	1447913982
2991079677	1447913997
1722577735	1447914002
2151861950	1447914008
2557450353	1447914011
2280441847	1447914011
5718417617	1447914019
2887677063	1447914019
1918957025	1447914026
1405445797	1447914030
1291265692	1447914037
5574714958	1447914040
2495260594	1447914045
1869132851	1447914046
1861973020	1447914059
1769221633	1447914061
2290830507	1447914062
1757153187	1447914063
2467925831	1447914064
3039221375	1447914066
3933690184	1447914072
5305881057	1447914079
3779918090	1447914082
3240244112	1447914084
1307732760	1447914084
2484511067	1447914085
2537087790	1447914088
3024085243	1447914090
2477583234	1447914090
1819638285	1447914094
1004420124	1447914096
3916723950	1447914097
2616808157	1447914102
5324248272	1447914104
5721166758	1447914109
5531249406	1447914111
1784118931	1447914112
1820379257	1447914115
2314979404	1447914115
1312494530	1447914116
5143620019	1447914117
2958876581	1447914123
3957853315	1447914126
1943202014	1447914127
5335088805	1447914127
2414260490	1447914137
5276410285	1447914138
3798585613	1447914145
1996260777	1447914155
2935451027	1447914157
3819081730	1447914161
2552109523	1447914163
2964619864	1447914165
1770531802	1447914169
3016269281	1447914171
3015817313	1447914173
3608723831	1447914176
5451470251	1447914176
1798372802	1447914182
5701740688	1447914183
2133325395	1447914186
2349314684	1447914189
3905841988	1447914189
5246290596	1447914193
5554371306	1447914200
2083986973	1447914200
1904582695	1447914202
1958990717	1447914208
5213440370	1447914214
1869583477	1447914218
2539183223	1447914218
5755926799	1447914227
5669424066	1447914233
5557829982	1447914233
2648936592	1447914236
1586364124	1447914237
2946711054	1447914239
3192389932	1447914240
1919143081	1447914248
5738113619	1447914254
5721295039	1447914255
1731992012	1447914259
1017863144	1447914266
1808540121	1447914271
2778483755	1447914271
2122953397	1447914272
1291160135	1447914277
5027010714	1447914279
2056482652	1447914284
5272059933	1447914285
2636147307	1447914286
1803810595	1447914287
5303415784	1447914288
5283185609	1447914293
3134941453	1447914303
2047097103	1447914303
2241766537	1447914305
5622053815	1447914305
2412269611	1447914306
2692900854	1447914306
2504801274	1447914306
1739659242	1447914307
2101940202	1447914308
3833232032	1447914314
1967395441	1447914319
1802061497	1447914322
2214860185	1447914325
5679103734	1447914326
3937772540	1447914337
5520603437	1447914343
3226986475	1447914347
3206380594	1447914348
3995634297	1447914349
1895601635	1447914351
5272319179	1447914351
3066275087	1447914353
3942435927	1447914355
1287653027	1447914360
5260966159	1447914369
2298575111	1447914369
3119966863	1447914377
1752847667	1447914381
3508873834	1447914385
5108220652	1447914389
5521636567	1447914390
3740667267	1447914393
5403426506	1447914393
1854846587	1447914394
5738263399	1447914402
1824250602	1447914410
1402229390	1447914412
1888596457	1447914413
1747900607	1447914415
2419671061	1447914433
3165133633	1447914445
1591966430	1447914450
5198497211	1447914459
2304516710	1447914459
5364683954	1447914462
1697148862	1447914477
5460519121	1447914491
1793989881	1447914510
2099678535	1447914511
1107738654	1447914522
1229434253	1447914526
2904556235	1447914528
5380501825	1447914530
1626147154	1447914535
3935817884	1447914543
1223716413	1447914548
2267796905	1447914555
3981319528	1447914569
1935919240	1447914575
2640892013	1447914578
2310203110	1447914592
5597918367	1447914592
1726779003	1447914594
1871893247	1447914597
1699113235	1447914600
1801952042	1447914600
2029388523	1447914602
3957853315	1447914604
3137010027	1447914619
1211835161	1447914632
5290685096	1447914635
1987393632	1447914641
2025530330	1447914641
1949434815	1447914641
1841398820	1447914651
1687517494	1447914682
2903897373	1447914684
2606187005	1447914690
5070932599	1447914694
2970819430	1447914695
5626139426	1447914696
1648993685	1447914703
5035122262	1447914710
3155070565	1447914713
5596618126	1447914724
3304248347	1447914728
2668057942	1447914730
3274007947	1447914732
1817013171	1447914732
3772311445	1447914758
2879983051	1447914760
3318741890	1447914760
5319442409	1447914767
2189378275	1447914777
5308961924	1447914778
2692158100	1447914779
3995443101	1447914779
2186691502	1447914793
2186546674	1447914801
1837214667	1447914804
2139517980	1447914813
5253058736	1447914813
3170455873	1447914835
5312916338	1447914843
1765792794	1447914858
2191742982	1447914867
3794285890	1447914875
3970574524	1447914877
1927314695	1447914878
3104776857	1447914879
5571958868	1447914920
5106449755	1447914951
2365091035	1447914972
5651324718	1447914974
2797314212	1447914982
5352179509	1447914988
1839619253	1447914995
2387040557	1447915008
2401722001	1447915010
5146612178	1447915014
3748574960	1447915020
3837158796	1447915021
1922500582	1447915031
3848894505	1447915035
1736525845	1447915039
2763234925	1447915048
3908997527	1447915063
1955180885	1447915072
1714975273	1447915077
2201239675	1447915091
2250866827	1447915092
2490432400	1447915092
2567872265	1447915104
1886707724	1447915106
1731334434	1447915106
5663679226	1447915115
5217057016	1447915148
5646750434	1447915149
1802077787	1447915167
5511026945	1447915192
1725735451	1447915205
1945369487	1447915217
5652822548	1447915220
3081887213	1447915225
1951457652	1447915242
1574146235	1447915260
5232315098	1447915266
3131396997	1447915284
2094508392	1447915308
2116289571	1447915329
3874290881	1447915339
1833228894	1447915360
2529028043	1447915361
3877530241	1447915365
1667967393	1447915373
1314154460	1447915373
5540037083	1447915388
1864779410	1447915400
1682478683	1447915408
5376977978	1447915419
1802961295	1447915421
5034004392	1447915428
2820264644	1447915431
2166302050	1447915441
3800219680	1447915446
3127528061	1447915456
1893107981	1447915462
5288442053	1447915472
1897730565	1447915474
3775451665	1447915476
5119518629	1447915496
3078818663	1447915503
3579246514	1447915503
1961375254	1447915507
1962006385	1447915508
5384909668	1447915524
2706778397	1447915527
3077247795	1447915529
1244883013	1447915549
1684244224	1447915567
5539719917	1447915580
2579554151	1447915584
1836779082	1447915595
1822265820	1447915602
1425032354	1447915605
2292454751	1447915609
5267029708	1447915611
2286770740	1447915616
1751925825	1447915622
1991367347	1447915658
2283215534	1447915683
2719305082	1447915732
3405193512	1447915733
5054782171	1447915734
3977602152	1447915764
5236529880	1447915767
1559602642	1447915768
3405193512	1447915793
2436002964	1447915804
3898160424	1447915822
1041576900	1447915831
2606835703	1447915847
2932069361	1447915852
1847153063	1447915876
3249057744	1447915889
1948196737	1447915903
2196629091	1447915909
5352179509	1447915915
1725104432	1447915963
2048572394	1447915996
2173672213	1447916001
1867778110	1447916025
2150518063	1447916048
5734671988	1447916063
5370871012	1447916067
1665725917	1447916070
3261185095	1447916071
3200556683	1447916076
5635261676	1447916092
2807065233	1447916137
1812664810	1447916142
2098222164	1447916152
1920786951	1447916160
1631685587	1447916169
2334269565	1447916176
1915954232	1447916178
1902432961	1447916186
1782446567	1447916187
3609415654	1447916198
3060338755	1447916199
5251583324	1447916200
5495231605	1447916234
2966788975	1447916285
3603602512	1447916303
1690742710	1447916304
1929832713	1447916309
5353275847	1447916312
1716811421	1447916317
5288466621	1447916328
5030315834	1447916333
5232647311	1447916335
1821014350	1447916378
5195067530	1447916378
2595620207	1447916379
1880957450	1447916400
5750295737	1447916409
5017080294	1447916409
5627053366	1447916411
2741192561	1447916426
2606853077	1447916432
5334562003	1447916474
3183166470	1447916479
3348565152	1447916505
2295439057	1447916512
5578740012	1447916521
1775067520	1447916556
1869645444	1447916569
1678219244	1447916576
2449693567	1447916591
5305896793	1447916594
5109717790	1447916644
1965446153	1447916649
3155635967	1447916666
2670213277	1447916703
3802909741	1447916719
2343116413	1447916740
3043476941	1447916767
1098040374	1447916781
5693001261	1447916815
1921627931	1447916847
3506583852	1447916860
3322181892	1447916862
2359072430	1447916876
2668815483	1447916884
2769842655	1447916889
2072884775	1447916902
1824018571	1447916909
1672885771	1447916917
3803984163	1447916944
2063526521	1447916946
1444824222	1447916996
3180691210	1447917026
1297345395	1447917035
5752206102	1447917063
2609968281	1447917078
2879478554	1447917081
1111291991	1447917087
3234522115	1447917105
2471008644	1447917153
5482686534	1447917163
2246485912	1447917172
3199492723	1447917193
5414646776	1447917249
2943462631	1447917258
1726717835	1447917274
1735969092	1447917276
3398400030	1447917291
5034372229	1447917302
1437118274	1447917314
1566704233	1447917331
2817623017	1447917382
1277895503	1447917382
3148048377	1447917403
1989707461	1447917413
5536565525	1447917413
5656572935	1447917442
2693230193	1447917457
1644650757	1447917479
3860052944	1447917566
3298586192	1447917572
5696770772	1447917589
1284356210	1447917590
5045549469	1447917593
3253051744	1447917606
5619857981	1447917619
3570709364	1447917634
3028845671	1447917668
2670948132	1447917670
1706309701	1447917749
5641639508	1447917750
3165560285	1447917771
3994678518	1447917778
2080231871	1447917802
2835778604	1447917825
5087478143	1447917833
3553203595	1447917866
2427445615	1447917893
2880445992	1447917919
1651795882	1447917921
1832746577	1447917933
3972989341	1447917945
5599691787	1447917950
1977776473	1447917990
2166564042	1447918011
5251884724	1447918062
1826367982	1447918073
5747371553	1447918075
3177275751	1447918076
1828283392	1447918093
5327749135	1447918099
2323739194	1447918109
3833022896	1447918114
3096251461	1447918139
2287235162	1447918141
5417875834	1447918157
3611901934	1447918180
1746099947	1447918184
2318150615	1447918185
2113830540	1447918188
3881656690	1447918198
2516655283	1447918199
2369036843	1447918204
5764934840	1447918209
2015311235	1447918212
2123147273	1447918222
5446442646	1447918250
2507384120	1447918276
2400560841	1447918283
3757738260	1447918289
1001693912	1447918321
2325162272	1447918365
2257688584	1447918368
3944681728	1447918374
1820777157	1447918381
1844741914	1447918395
5164243755	1447918395
5518054312	1447918409
5026884291	1447918442
3933659580	1447918466
5576652544	1447918471
2036119867	1447918482
3049082851	1447918483
2992729395	1447918483
5054987570	1447918533
5720908199	1447918535
3536795464	1447918545
5344780433	1447918554
3318662784	1447918566
2285006491	1447918569
3025264543	1447918569
3112358921	1447918631
2638850401	1447918636
2612041601	1447918647
3873095257	1447918648
5027692315	1447918648
1834944274	1447918668
5373362878	1447918669
5540035224	1447918673
5245749728	1447918674
1932095670	1447918683
5599267644	1447918694
1806480611	1447918700
5568154044	1447918716
1863609170	1447918719
2205449793	1447918747
2252345425	1447918751
1820206023	1447918756
3120901022	1447918774
2969243347	1447918775
3165222562	1447918782
1855120263	1447918783
3920902718	1447918786
5681143336	1447918789
1192271521	1447918797
5541857386	1447918798
5555652587	1447918803
2089373695	1447918806
2782969222	1447918813
2872016797	1447918831
2391449794	1447918834
5760832593	1447918846
2917561947	1447918850
2082082805	1447918851
2108448047	1447918858
3019145271	1447918861
5026302245	1447918865
5436827044	1447918866
2209836160	1447918869
1680198212	1447918873
2595234432	1447918882
2752381563	1447918903
2716949564	1447918910
3495169455	1447918936
3206593705	1447918981
3720014777	1447919009
2447267944	1447919018
2181743947	1447919054
2557561357	1447919054
1294884584	1447919056
1944856342	1447919081
2656500660	1447919087
5368427487	1447919090
3786290204	1447919107
3886063930	1447919108
1916244954	1447919138
1695055713	1447919175
2065103563	1447919229
2553864352	1447919240
2115417782	1447919262
2429392304	1447919287
1622641084	1447919296
2715867351	1447919298
3318620125	1447919314
3766634614	1447919316
5172119827	1447919339
1406542480	1447919342
2518364640	1447919358
5172119827	1447919360
3128485294	1447919370
2212592670	1447919400
1781074555	1447919411
3233145157	1447919412
5501769730	1447919417
2623373044	1447919448
2241430790	1447919450
2111900647	1447919461
5135234890	1447919463
1609184051	1447919474
3203396527	1447919488
5619673802	1447919504
5325638815	1447919521
2550309743	1447919527
5469693259	1447919535
3053864630	1447919548
2893282743	1447919549
3959100529	1447919550
3798544312	1447919556
1575837300	1447919569
5074132538	1447919575
5570572018	1447919576
1911902875	1447919577
5586064216	1447919585
2565484457	1447919589
5764637475	1447919608
5764637475	1447919611
5743299707	1447919612
5017736876	1447919624
1794236742	1447919633
3927296195	1447919647
3855367182	1447919657
2356609481	1447919659
5107271634	1447919663
3886063930	1447919667
2708855675	1447919676
2632950433	1447919676
5657781040	1447919697
5764637475	1447919735
1773176101	1447919780
5723016463	1447919801
1986948133	1447919805
1996312255	1447919813
2339053823	1447919824
1832772517	1447919825
2754855234	1447919837
5731203713	1447919843
2143628791	1447919857
5377200812	1447919872
5708578072	1447919885
5753923277	1447919886
2414245120	1447919897
2495960942	1447919902
1734076417	1447919911
1800084830	1447919941
5691496526	1447919943
3652091142	1447919955
3514663863	1447919958
3148683030	1447919998
5632956261	1447920001
1785596254	1447920002
3718811322	1447920006
5736679248	1447920013
5696246557	1447920034
1631247882	1447920048
1765600145	1447920058
1281038930	1447920078
5088412922	1447920084
3242217971	1447920101
3564793442	1447920116
5726497240	1447920119
1814369934	1447920139
5758240115	1447920149
2502107354	1447920149
1119064267	1447920154
5594085052	1447920160
2801195615	1447920165
5731457299	1447920171
5112357709	1447920182
2702581542	1447920184
1878940970	1447920194
5404020754	1447920197
5716205133	1447920206
5691262292	1447920209
1781840885	1447920210
5627035012	1447920258
2145189735	1447920271
5198486223	1447920275
5462742211	1447920288
2737820185	1447920289
1867647114	1447920291
5576825689	1447920317
1915397541	1447920338
3932066833	1447920347
2005800715	1447920347
5038564886	1447920365
2720192314	1447920387
3314767377	1447920403
5021337609	1447920414
5735386221	1447920425
5165369715	1447920436
2379787703	1447920437
1881139140	1447920440
3216689311	1447920441
2410449191	1447920443
5744504384	1447920447
2894561843	1447920471
1263491001	1447920476
2972811450	1447920485
2805775141	1447920500
5255953739	1447920505
1637448493	1447920507
5180034820	1447920527
2016466371	1447920545
5552946210	1447920556
1765587290	1447920575
3176499683	1447920591
3764367840	1447920603
5747694148	1447920610
2565657815	1447920636
5646278143	1447920645
5641205897	1447920652
2912663941	1447920661
3209577005	1447920666
5603060235	1447920670
3224361413	1447920674
5218130694	1447920712
2845311851	1447920730
3813216898	1447920739
5374599282	1447920741
5282131273	1447920748
1983559694	1447920748
2575432021	1447920752
2263722592	1447920760
5421917070	1447920770
5671219087	1447920774
2208260334	1447920791
5750603175	1447920795
1769664393	1447920816
5605547683	1447920819
1588738012	1447920835
2164547405	1447920838
5487154601	1447920842
2621544691	1447920861
2126790214	1447920865
5765119419	1447920873
3157811237	1447920878
1876425615	1447920901
1860326613	1447920917
1773607870	1447920930
5747701360	1447920933
5184880590	1447920939
3076827631	1447920949
5696432555	1447920956
5619246322	1447920969
5623541549	1447920970
5707875990	1447920972
1802152500	1447920973
1866977554	1447920973
5040019864	1447920974
5323773894	1447920978
5721122136	1447921003
2792092390	1447921006
3496328530	1447921022
5664611566	1447921035
2663815781	1447921043
2487845200	1447921091
2367052867	1447921094
3169390243	1447921097
1900326733	1447921100
1198635665	1447921121
1685740977	1447921145
1912562222	1447921151
3398462244	1447921152
2019908890	1447921156
3440067932	1447921164
5763759610	1447921183
2498380385	1447921197
5680760558	1447921198
5605175127	1447921200
2590170687	1447921201
5694539980	1447921208
5672680034	1447921217
1896580300	1447921233
3826142023	1447921233
3903677045	1447921233
2542150184	1447921242
5289222364	1447921251
1890925703	1447921257
3272163450	1447921262
2015502593	1447921279
3904672884	1447921310
1656090261	1447921316
2681573627	1447921317
5650181618	1447921329
3280302675	1447921333
1656090261	1447921346
5408943241	1447921351
1771173195	1447921371
2008211243	1447921374
5217034775	1447921392
1583954024	1447921397
5629475778	1447921415
5208574449	1447921416
1633889290	1447921424
5258938024	1447921443
3819696328	1447921445
3950933457	1447921467
3964423841	1447921500
1168577661	1447921503
2670223661	1447921507
1771337591	1447921507
2662872282	1447921522
3847608243	1447921524
3307374773	1447921529
5027973015	1447921535
1757572453	1447921544
1783856307	1447921568
2506707605	1447921576
5765278891	1447921589
3636367292	1447921609
3152268291	1447921612
1995265034	1447921613
2424507835	1447921642
3275643365	1447921674
3922331987	1447921680
2609231323	1447921688
1651537510	1447921695
5361326346	1447921699
1882524885	1447921716
3528914107	1447921736
2939774323	1447921750
3906153740	1447921755
1463745594	1447921757
5193245017	1447921766
1624137367	1447921768
2593677014	1447921770
5528232216	1447921772
2966245474	1447921813
5067782519	1447921815
2570097025	1447921826
1805232351	1447921848
3092861863	1447921850
1821662484	1447921855
1865518480	1447921870
2714892351	1447921870
1760404830	1447921880
1669472974	1447921885
3215283060	1447921924
5389522757	1447921927
2599302043	1447921932
3213057194	1447921941
1996459061	1447921945
5678335631	1447921963
1747386462	1447921980
1716684674	1447922069
3212231473	1447922084
3905591038	1447922127
3194033524	1447922150
1725496995	1447922163
2038395505	1447922225
3006554413	1447922238
5522594635	1447922251
3136316214	1447922303
1706143287	1447922308
2478407651	1447922329
2349113524	1447922340
5677871073	1447922345
1664652970	1447922353
1424039131	1447922431
1996753000	1447922456
3573797490	1447922496
1913822672	1447922502
5047422320	1447922520
5606902664	1447922527
5511096226	1447922615
3873126533	1447922618
1646361947	1447922632
2372315873	1447922644
1026710093	1447922661
1650872974	1447922685
3298843733	1447922707
5723057733	1447922754
1963243177	1447922906
5100380713	1447922937
5476883086	1447922948
2932631835	1447922963
1245806957	1447922993
1529583741	1447922995
5200429701	1447923002
5432560919	1447923027
5283469237	1447923168
1720836041	1447923174
3171797635	1447923204
5725493629	1447923232
2596438664	1447923254
1797557531	1447923278
3242294791	1447923305
3928604821	1447923352
2717012673	1447923356
5021710622	1447923370
3227339801	1447923509
1362028432	1447923527
5512953234	1447923567
1732867734	1447923581
2681824121	1447923619
5048446189	1447923644
2827589524	1447923699
1660229275	1447923708
5469652747	1447923756
2654385080	1447923783
5543638526	1447923800
5501352849	1447923927
3130739781	1447923932
5464125577	1447923998
5299500504	1447923999
5701477116	1447924053
2652134310	1447924077
2833046592	1447924150
2409217824	1447924215
5231779077	1447924215
3030636824	1447924218
2210718562	1447924322
2033190245	1447924364
3860237007	1447924371
5552202198	1447924436
3885578130	1447924480
1827761211	1447924563
3944246721	1447924648
5481813257	1447924658
2170463714	1447924693
1894879470	1447924705
3833856132	1447924713
2684770035	1447924720
1457263322	1447924806
3687639220	1447924848
5623128848	1447924855
5264512000	1447924891
5714415383	1447924929
3579541677	1447924979
5466236234	1447925027
2319976850	1447925088
1737005995	1447925117
1728690440	1447925152
3900225406	1447925159
5069952240	1447925212
2344698277	1447925276
1952631625	1447925379
2262079743	1447925380
3904943623	1447925525
1744419863	1447925530
3295041881	1447925530
5261096226	1447925539
5252468514	1447925557
2432845651	1447925588
3576423710	1447925615
1906619153	1447925677
2521569621	1447925850
2550947417	1447925912
5667936058	1447925937
5725621204	1447925989
3174984614	1447926027
3939572292	1447926089
2576876382	1447926259
5233979310	1447926453
2216174713	1447926595
3027058895	1447926615
1876686063	1447926651
3087519385	1447926728
5751822825	1447926733
5235979484	1447926764
5721064255	1447926844
2111341207	1447926875
2716198057	1447926879
1891946614	1447926893
1706390820	1447927084
5627610449	1447927114
5200164794	1447927164
1613916144	1447927193
1879928460	1447927211
5126624613	1447927213
2628457901	1447927315
3812289975	1447927456
2663034281	1447927832
5744595365	1447928094
3915976770	1447928265
5710308034	1447928290
1156852392	1447928295
2354950757	1447928373
5598433821	1447928402
3996603712	1447928434
5757113367	1447928499
5737822898	1447928708
1908314593	1447928776
2645376702	1447928780
3991475714	1447928798
3966242838	1447928846
2557298811	1447928855
2905526935	1447928977
3794279997	1447928997
5240066733	1447929044
1922157173	1447929160
5138970057	1447929331
3167064581	1447929354
2158344993	1447929369
1828252444	1447929477
3107492853	1447929713
3101886467	1447929761
3123860874	1447930009
3029208325	1447930109
1962010293	1447930114
2706820373	1447930151
1748573272	1447930233
2594136995	1447930310
1197104463	1447930541
2009518987	1447930568
2901925924	1447930648
3119614855	1447930954
2720705855	1447931301
1798113917	1447931322
2692631021	1447931507
5347833265	1447931554
3034579017	1447931638
2901551670	1447931664
1976727780	1447931974
1910204691	1447932041
2427186090	1447932057
5250620934	1447932071
2503410240	1447932088
5221421448	1447932225
3216351661	1447932283
3816173106	1447932681
5281846811	1447932737
2807040371	1447932831
5440653751	1447932988
1880030193	1447933259
5712770484	1447933383
3182801422	1447933589
2781535473	1447933630
5261852565	1447933749
2743899715	1447933902
3737434594	1447934049
1867079251	1447934151
2643884223	1447934316
2773520667	1447934418
1632387815	1447934428
3596700971	1447934651
2140633120	1447934898
2269018325	1447934915
5765278891	1447934972
3462952152	1447935361
2877824482	1447935470
1445856557	1447935480
2744750687	1447935760
2053069364	1447936041
2118973070	1447936057
2421924422	1447936518
2438504251	1447936635
2584544641	1447936882
3013995467	1447936947
3943208963	1447937081
5752333897	1447937455
5730624907	1447937604
5000370301	1447938317
5263774642	1447938423
5335470661	1447938610
1565411387	1447938786
2373248984	1447938960
2331172933	1447938978
5613218758	1447939018
1925509891	1447939110
2505727925	1447939365
1803010461	1447939514
5626426137	1447939576
2872125812	1447939910
3655214932	1447940073
5679305495	1447940108
2266975541	1447940137
5173212004	1447940166
1608396517	1447940349
1780977353	1447940691
3176004162	1447940795
2415137017	1447940911
3080952314	1447941526
5034135834	1447941575
3254919030	1447941830
5683889549	1447942216
5327809442	1447942249
5572033352	1447942976
1053977785	1447942991
2475762011	1447943019
2118474183	1447943143
5742673173	1447943425
3243116913	1447943481
5061636396	1447943492
3529932742	1447943563
2342381485	1447943647
5225033433	1447944005
5549661008	1447944097
2155905964	1447944377
3912272203	1447944661
5217068183	1447944883
2509128404	1447945135
5352656209	1447945263
5352656209	1447945303
5650762864	1447945536
1745430413	1447945666
5701421143	1447946427
5696239420	1447947082
5067707265	1447947357
5734447650	1447947586
3473115032	1447947610
5386413687	1447947849
2738021847	1447948177
2232026222	1447948348
5012089698	1447948941
5317724080	1447948983
2045942591	1447949168
2269393480	1447949454
3155738024	1447950093
3023510845	1447950168
5029270347	1447950255
2266405720	1447950383
2978011541	1447951280
1731041830	1447953007
5511313789	1447953160
2327139621	1447953585
5636195694	1447957779
2895625940	1447959021
5650976077	1447961223
1939762610	1447962441
1765952193	1447969413
2342563430	1447973854
2692778800	1447974228
2700877812	1447976149
2009950577	1447976527
1638687674	1447977233
5622070178	1447977946
2862144174	1447978377
2703401031	1447979924
5290397581	1447980062
2997327625	1447980976
2053069364	1447981190
5387526225	1447981955
1887165733	1447982005
2007712241	1447982590
5262412246	1447983012
2797335407	1447985141
2165165985	1447985724
5717453316	1447986079
2780179245	1447986653
1439617731	1447988813
5494372804	1447990705
1828219684	1447992447
3550165817	1447992618
3306919351	1447992647
3003132397	1447994237
5304426275	1447994303
5520006097	1447994855
2938332037	1447995358
5653774150	1447995660
1897653844	1447996022
1877069422	1447996953
5120938827	1447997506
3518274494	1447998384
1787462643	1447998975
5149003817	1448000044
2181855341	1448002421
2614211074	1448007416
3980057994	1448010182
3674330384	1448013765
1876894375	1448014060
5134323338	1448015336
3200294304	1448020856
3828123754	1448024242
5726606535	1448035133
1848993611	1448037010
1911352965	1448067146
1763091081	1448068462
2396378783	1448084752
5236246713	1448085169
5287488868	1448087096
1826077790	1448087719
5518054312	1448095563
3490077003	1448110263
5684572408	1448173702
2940794957	1448208052
2026622744	1448237840
2400848021	1448351695
5694606446	1448421834
3851383046	1448549364
5308714413	1448552230
2169020211	1448689644
5666461936	1449207463
5736389933	1449436861
5359818906	1449658261
5044286810	1451306055
5652433973	1451381701
