1784473157	1448954044
2121882814	1448954075
2623282085	1448954089
3354002062	1448954104
3760140653	1448954106
5333842092	1448954124
1861865650	1448954128
5403314516	1448954130
3743969644	1448954131
2004452695	1448954134
2822450401	1448954136
5256137367	1448954153
5136045473	1448954155
1804104617	1448954158
3140798781	1448954171
2862366930	1448954172
5504595728	1448954172
2269002995	1448954183
5733547100	1448954190
5737498791	1448954198
5139423404	1448954199
2471007593	1448954203
1274386767	1448954228
5590551493	1448954234
3708323035	1448954246
2306531931	1448954247
2900652697	1448954251
5722998833	1448954264
2744821627	1448954283
3315067134	1448954285
2659424207	1448954309
2113697090	1448954310
5392722535	1448954310
3306269157	1448954310
2786684950	1448954314
1848864920	1448954319
5490313711	1448954325
1787533422	1448954325
5685549578	1448954326
1669634971	1448954328
1902734541	1448954344
2611755361	1448954349
2135939220	1448954349
1803331431	1448954379
5239418441	1448954388
2619395061	1448954391
2931378714	1448954392
1569784512	1448954393
5351030574	1448954402
5776474967	1448954404
2502471007	1448954404
5154867099	1448954413
1646312951	1448954417
2309040400	1448954418
3501788685	1448954425
5682106252	1448954447
5772804373	1448954453
1916157392	1448954457
1948016017	1448954468
2914169557	1448954471
1879782274	1448954475
2211820721	1448954501
2950521077	1448954525
1049600635	1448954528
2155885967	1448954529
1966248443	1448954536
2713131601	1448954546
3085992431	1448954559
2296633763	1448954563
3172059397	1448954576
3084982640	1448954585
5717185041	1448954585
2006637241	1448954595
2662997631	1448954597
2246167717	1448954599
2797283072	1448954604
2648752203	1448954610
5661828150	1448954617
5436019538	1448954626
2481365027	1448954633
1815299943	1448954637
2040443053	1448954653
2714856501	1448954659
3010860563	1448954667
1876431757	1448954667
3003135591	1448954683
5231472190	1448954685
2283707217	1448954690
2661942161	1448954694
5687162192	1448954699
2511416091	1448954723
2709135037	1448954723
3758857977	1448954725
1347453673	1448954727
3273589644	1448954735
3230811340	1448954764
1772509923	1448954781
1874382365	1448954788
2535195681	1448954796
2460021792	1448954809
3749227940	1448954815
2288102485	1448954818
5708772516	1448954835
3629871414	1448954838
2387629170	1448954839
3023894760	1448954849
2409106325	1448954849
3873486884	1448954852
2202541467	1448954863
2150117664	1448954867
3203680834	1448954875
5367043212	1448954875
3782115015	1448954895
2972968001	1448954898
5390915784	1448954913
3871248733	1448954929
2829059961	1448954930
2060865993	1448954957
3746714140	1448954960
5667652055	1448954960
2878310524	1448954976
5710203707	1448954982
2038611124	1448954985
3819343137	1448955013
5236210884	1448955014
2257321552	1448955030
2041510194	1448955047
1862609955	1448955049
1855875194	1448955049
3013194791	1448955069
3237154674	1448955083
2375375661	1448955100
1769859810	1448955101
3656725010	1448955109
5190313490	1448955110
5385567425	1448955119
2501589494	1448955131
2665625485	1448955164
3941873654	1448955182
3824679772	1448955188
2900319515	1448955189
2672818145	1448955196
1264849113	1448955200
2034482610	1448955211
1761555193	1448955223
1911591150	1448955230
1694422767	1448955243
2821268565	1448955273
5629307240	1448955283
3198647895	1448955284
1450696764	1448955293
3619779725	1448955293
1796848870	1448955304
2910814487	1448955306
5647099770	1448955306
1992189533	1448955313
5104931965	1448955320
1832142722	1448955321
1807947647	1448955326
2682700975	1448955331
2278500651	1448955342
5773662360	1448955344
1947642435	1448955346
2994542657	1448955359
5126854896	1448955364
2717016627	1448955366
3779410961	1448955369
2525221673	1448955371
2584064167	1448955385
5054114097	1448955387
1807947647	1448955389
5543702507	1448955390
5698114526	1448955390
5054114097	1448955395
3008060572	1448955395
3090596312	1448955397
3787277535	1448955406
1768632850	1448955414
2742629347	1448955414
1799901205	1448955416
2323216395	1448955418
5038620446	1448955419
2760545061	1448955434
2450519794	1448955438
5546180991	1448955449
5083267385	1448955463
3907777817	1448955472
1215966692	1448955473
1991479395	1448955475
5540821146	1448955476
3920904223	1448955511
5543044185	1448955538
2325354372	1448955560
5610629359	1448955562
5147140273	1448955566
5469345128	1448955573
5319109374	1448955573
5024946729	1448955586
5657990916	1448955588
3690668373	1448955594
3047210803	1448955604
2416967903	1448955606
5101918352	1448955612
1893110041	1448955623
2987178041	1448955625
1890120902	1448955656
5527484140	1448955656
2976386765	1448955665
3746897350	1448955666
2485806743	1448955678
1750318007	1448955679
2980354707	1448955686
1557707577	1448955689
5775165765	1448955692
3176604193	1448955697
2502126483	1448955704
1776219987	1448955713
2098404575	1448955722
1664564812	1448955727
1013104614	1448955727
2442303144	1448955737
1721848454	1448955759
2574506557	1448955774
5214041505	1448955782
5243595170	1448955793
1745118334	1448955802
3336877992	1448955804
2650487797	1448955827
3205239062	1448955833
2073669075	1448955849
1934488204	1448955866
1062139432	1448955885
5307029906	1448955914
1281127635	1448955922
2827164103	1448955939
5766413088	1448955969
5107934372	1448955975
2404717254	1448955996
2191204944	1448956010
5756972704	1448956011
3900100802	1448956012
1730207410	1448956018
3548705032	1448956021
1203262221	1448956051
5644078806	1448956058
3653935805	1448956060
1837066043	1448956072
3602120764	1448956073
2572331820	1448956085
3138369547	1448956086
2658004027	1448956092
2440697245	1448956103
2404325585	1448956113
5341355706	1448956125
1245699213	1448956130
5731239748	1448956134
1961320061	1448956157
1907646771	1448956165
5617766675	1448956168
3816745687	1448956171
2300468615	1448956171
1670905585	1448956174
1798857584	1448956178
2948087453	1448956188
1957827981	1448956191
5707179511	1448956218
1742621913	1448956237
1310357143	1448956252
5215128902	1448956269
3278860685	1448956273
5206686253	1448956292
5655848662	1448956298
3115215217	1448956311
5146544380	1448956354
3128330107	1448956356
2771989847	1448956371
1829747734	1448956371
5118925352	1448956376
2683662113	1448956393
5724849509	1448956402
2667241535	1448956420
3516640802	1448956481
5626130529	1448956502
5734494175	1448956505
5348988662	1448956508
1650893445	1448956509
1824577470	1448956529
3939867217	1448956532
2214924452	1448956554
1822045882	1448956554
2826265002	1448956567
3038163687	1448956628
5772964435	1448956628
5668960404	1448956629
1775610751	1448956688
1995984727	1448956692
1411517574	1448956704
5290132035	1448956734
1774343713	1448956748
5715850317	1448956797
1411517574	1448956899
2860230225	1448956930
3107091712	1448956949
5097893263	1448956950
5236938546	1448956972
1411517574	1448956993
1456345607	1448957010
2082892175	1448957061
3149839541	1448957073
2104604065	1448957119
5097061163	1448957120
3716580397	1448957167
2400915665	1448957169
5649951393	1448957197
3836558421	1448957251
1948237187	1448957279
2067041853	1448957300
2304020393	1448957300
2675980153	1448957307
2350917191	1448957327
3048329765	1448957343
5108338313	1448957376
1742311921	1448957384
2146989232	1448957386
1752390380	1448957409
2518013857	1448957488
2803532335	1448957507
1375055411	1448957507
2979272390	1448957544
1585731647	1448957555
3848812610	1448957559
3917075680	1448957593
1772352740	1448957637
3234522115	1448957639
2735179915	1448957652
2776812991	1448957697
2701176697	1448957801
3759331537	1448957802
1240422740	1448957871
2549865443	1448958061
2746006027	1448958071
5616179839	1448958083
2103215095	1448958088
1733479427	1448958123
5735150516	1448958284
5538363790	1448958292
3732750800	1448958292
1654210664	1448958347
5307681202	1448958393
2455676430	1448958447
5513904535	1448958461
2974730560	1448958461
2349637515	1448958466
3965369884	1448958474
1838264517	1448958481
2886485730	1448958593
2790942741	1448958630
2141932230	1448958636
3968516902	1448958653
2460404795	1448958692
1743893442	1448958698
3722423991	1448958699
3412048590	1448958706
1059908707	1448958715
2525101010	1448958715
5523247703	1448958737
5635906426	1448958743
2231634580	1448958744
5384692085	1448958754
2822413137	1448958825
5222526692	1448958834
5679104114	1448958835
3874548200	1448958843
5131309816	1448958848
1996847572	1448958853
1951336547	1448958855
1686056381	1448958857
5403871181	1448958864
2138129575	1448958866
2732326742	1448958880
3200825932	1448958906
3921021617	1448958937
2766219653	1448958960
3879467893	1448958979
2417914621	1448958991
1762162243	1448959007
1004787805	1448959028
1028129477	1448959036
5391950615	1448959047
5180511761	1448959051
5103395177	1448959061
5613356998	1448959079
2588795247	1448959080
3294312977	1448959080
5111669611	1448959084
2171725851	1448959115
2492447312	1448959126
2272085777	1448959134
1405426995	1448959137
5375107973	1448959140
2353063041	1448959150
2359190915	1448959153
5437700432	1448959174
1735183110	1448959178
5052191143	1448959181
2237967873	1448959186
2889406341	1448959203
5016382083	1448959207
2418407483	1448959213
1938496184	1448959242
3789570037	1448959254
2811526524	1448959261
3215749083	1448959264
1867342474	1448959270
2124146421	1448959275
2127171100	1448959283
5369311993	1448959287
3639248135	1448959289
3592383284	1448959295
1291836333	1448959307
3285709351	1448959310
2242851967	1448959326
2035897793	1448959333
1089260844	1448959338
2423263193	1448959345
1919994041	1448959349
3252704910	1448959357
3216157384	1448959359
1654704630	1448959363
5657340249	1448959375
3351878732	1448959402
2062780925	1448959412
2854334923	1448959416
2141415141	1448959420
3905345587	1448959433
2725456043	1448959437
2726709933	1448959438
1870309315	1448959453
2731795371	1448959474
2950647243	1448959478
3905871338	1448959508
5179894295	1448959508
1341252277	1448959515
5261507187	1448959528
2658545420	1448959530
3085632727	1448959551
1760407074	1448959564
1770545650	1448959583
1609702060	1448959590
2786431623	1448959606
2443989075	1448959625
1762233577	1448959678
2002425943	1448959682
5112046802	1448959704
1529672657	1448959720
5285452355	1448959722
1681666925	1448959738
1773969927	1448959752
1806665572	1448959759
5211628642	1448959770
5101918352	1448959801
2735977537	1448959809
2202933873	1448959813
1772480762	1448959815
3154015787	1448959822
3495459211	1448959823
5578390029	1448959841
5605539884	1448959843
3913819592	1448959844
2029055753	1448959907
3815440999	1448959911
1094222152	1448959964
2469885430	1448960007
2699788622	1448960008
5022986380	1448960012
3393822382	1448960021
3198154042	1448960028
2968587261	1448960033
3178731817	1448960066
1797342755	1448960068
3176989084	1448960072
1004787805	1448960091
1007986727	1448960104
2532484841	1448960114
2491626833	1448960121
5340476840	1448960124
1654704630	1448960129
3204123234	1448960130
1966217502	1448960138
2377202980	1448960152
2437417887	1448960159
2547816971	1448960191
5136775162	1448960201
2315452697	1448960209
2483760140	1448960216
2811461800	1448960217
2618557051	1448960237
5026998307	1448960271
1668427970	1448960276
5604372556	1448960297
2560017433	1448960304
5714509685	1448960319
2708836934	1448960333
2644919503	1448960339
2643894351	1448960344
3869560496	1448960345
5083154191	1448960345
3820350123	1448960362
5615244839	1448960377
2635504235	1448960383
5348748034	1448960397
3668142627	1448960400
1790663421	1448960416
2826425387	1448960421
3150664903	1448960426
5366145562	1448960438
3638364395	1448960448
2948806105	1448960458
1789908103	1448960495
5683957509	1448960520
3166589147	1448960554
1781676723	1448960554
1885709122	1448960584
2095385897	1448960593
5229603224	1448960607
2437903322	1448960622
2516167525	1448960639
1038645742	1448960649
2705378747	1448960668
2189308275	1448960682
1736686192	1448960686
3165065375	1448960714
1880066003	1448960731
5497554009	1448960780
2530465640	1448960791
3705377385	1448960795
3283810082	1448960799
1808019690	1448960812
2499709723	1448960820
5385182467	1448960825
1828426484	1448960827
1808019690	1448960828
5647424889	1448960838
1923145260	1448960856
3325786632	1448960856
2681397883	1448960886
5506130556	1448960914
5624013401	1448960934
5042344703	1448960941
2404944943	1448960944
1772572990	1448960948
1869475233	1448960953
5093430397	1448960957
2375280902	1448960966
1503084620	1448960977
2349877822	1448960994
3944089705	1448960998
5398462259	1448961012
1988750795	1448961031
5760136678	1448961056
1957482437	1448961090
2829426614	1448961098
3019510427	1448961100
5121964491	1448961103
2495462041	1448961152
1592357985	1448961238
5330357910	1448961239
2696890762	1448961266
2293974083	1448961277
1785872932	1448961306
2377174134	1448961321
1729970611	1448961330
1781486012	1448961351
2788907111	1448961376
2275617804	1448961383
1759906913	1448961387
5304979921	1448961391
2757501525	1448961402
2839320873	1448961403
1787859283	1448961420
3020147231	1448961432
1808200453	1448961445
2029229983	1448961449
1803220224	1448961462
1745902920	1448961474
2630396820	1448961477
2748342263	1448961492
2757501525	1448961508
1730778793	1448961518
5714359397	1448961521
2684057872	1448961527
1766308853	1448961542
2459885970	1448961565
2035223865	1448961570
2481072724	1448961595
2207835087	1448961598
2242414232	1448961617
1210519373	1448961618
2961966825	1448961628
5312688506	1448961629
3922539855	1448961644
3913399298	1448961645
2933591093	1448961647
2920080415	1448961650
3149786820	1448961654
2384871184	1448961658
1670621601	1448961666
3241098283	1448961683
1917692723	1448961704
2430721573	1448961707
3301242394	1448961710
1728721763	1448961722
2234806753	1448961732
1644369700	1448961733
2753003935	1448961737
1765808845	1448961757
5171126521	1448961760
5073194616	1448961767
2261690832	1448961768
3079985865	1448961773
2942840487	1448961792
1949916701	1448961841
1816474374	1448961862
1962608661	1448961877
5312542367	1448961895
5680905602	1448961907
5122944447	1448961909
2303871927	1448961929
1820105107	1448961932
5074742907	1448961945
2297395193	1448961969
3629089554	1448961979
2123031307	1448961994
1718069071	1448962018
5359768075	1448962019
1701045362	1448962040
5018112403	1448962044
1763199680	1448962116
2564578895	1448962130
5411935413	1448962139
3970732211	1448962171
3129938851	1448962182
3979554621	1448962185
3889495804	1448962207
1854458324	1448962211
5721357615	1448962225
5662101123	1448962250
1829551854	1448962262
2648963115	1448962275
5771995408	1448962293
5025701314	1448962294
3320047670	1448962316
3613184242	1448962321
5126426189	1448962353
3674307467	1448962367
3296021521	1448962404
2839028987	1448962406
1788305855	1448962474
5147348999	1448962487
1741463453	1448962532
3701356417	1448962662
2358314770	1448962684
5323586926	1448962711
5756262253	1448962719
5109666320	1448962760
2285619644	1448962810
3851547307	1448962898
5037909463	1448963024
2249746597	1448963155
3249937272	1448963307
2364139173	1448963430
5440086725	1448963616
1884730755	1448963719
5139034453	1448963968
3121883063	1448963975
2219639435	1448964115
2789691392	1448964184
3925316061	1448964534
1980702204	1448964637
5732637094	1448964793
5547358944	1448964865
2546998652	1448964868
3972425354	1448965000
3722423991	1448965041
1784473157	1448965073
3882657112	1448965115
5591067540	1448965139
2113697090	1448965162
5774460826	1448965169
5674869717	1448965179
2035428610	1448965185
1156620650	1448965187
3267480212	1448965208
3549200004	1448965225
1799101725	1448965259
1665964405	1448965277
5777047584	1448965480
5718574059	1448965496
2039956655	1448965496
1259820170	1448965508
5268063289	1448965519
1913027475	1448965519
3231250550	1448965597
3541829707	1448965604
5704033157	1448965629
2781969781	1448965657
3201384865	1448965724
5698546042	1448965728
1669981613	1448965730
1212423973	1448965753
5493442058	1448965764
1905185091	1448965815
1953841487	1448965819
1596040504	1448965821
2210503952	1448965827
2710026735	1448965833
2996365953	1448965851
5429604844	1448965887
5752910317	1448965891
5733544124	1448965932
3058943925	1448965941
5399298207	1448965949
5722697581	1448966005
2680246283	1448966007
3956698458	1448966011
2451290105	1448966033
3160734025	1448966045
3159414274	1448966073
3850414015	1448966239
5729238208	1448966243
5310959974	1448966383
1729442390	1448966459
2499042030	1448966462
1828115073	1448966558
5776474967	1448966562
5101283405	1448966619
2521553393	1448966644
2263039185	1448966676
5481343126	1448966747
2775989483	1448966755
1746020072	1448966785
5745767294	1448966911
5546740655	1448966976
1936883570	1448967052
5304600963	1448967187
3606582111	1448967212
2085625011	1448967233
2108186727	1448967278
5634920950	1448967386
5623789211	1448967392
5135193182	1448967412
1686027121	1448967460
5762993165	1448967551
3826395463	1448967566
3939656547	1448967574
3193597097	1448967579
1704687491	1448967592
3876147410	1448967676
2280023111	1448967736
1942486882	1448967745
1566188461	1448967821
2835068070	1448967873
2801284674	1448967906
1776397143	1448968050
1827906127	1448968173
2075934833	1448968199
5771806106	1448968219
3805039822	1448968354
2403591674	1448968398
5306756336	1448968401
5455334619	1448968525
1377532383	1448968559
1802199312	1448968564
2994339454	1448968738
1905464427	1448968768
2345105510	1448968819
3766644070	1448969313
2826779764	1448969351
5666092919	1448969541
1862321015	1448969573
1652307975	1448969656
2014571111	1448969837
5223219340	1448970002
3254068020	1448970114
1866607343	1448970243
1594009537	1448970274
2488407027	1448970294
1863270615	1448970479
5226814425	1448970721
5105441112	1448970923
5465786069	1448971062
2481437447	1448971338
3198853461	1448971620
5733457600	1448971932
2003833021	1448972010
5449674261	1448972167
2003223047	1448972231
2478332421	1448972394
2003196193	1448972610
5725384053	1448972674
5247725460	1448972704
5277824661	1448972809
1970138432	1448972969
2305423157	1448973109
1773954334	1448973279
3809696354	1448973326
3700571204	1448973413
2423007120	1448974674
5688140729	1448974687
5688140729	1448974710
2625781883	1448974820
2483055197	1448974856
2091003880	1448974962
5592731317	1448974976
3792948645	1448975004
5730184169	1448975103
5726468343	1448976277
2300618591	1448976474
5733140125	1448976555
2674531445	1448976727
5706473375	1448976734
1262067653	1448977006
5754548220	1448977241
5718650798	1448977297
2624784631	1448977360
2385963763	1448977449
1860970852	1448977640
1827717854	1448977652
3174675347	1448977719
1761478740	1448978366
5184866346	1448978422
5097842683	1448978469
5774277080	1448978745
5695708628	1448978800
3033779535	1448979007
2974567247	1448979278
2934604673	1448979545
5319279152	1448980134
2027677327	1448980184
2625610435	1448981080
5718280088	1448981176
2015853605	1448981416
3274786152	1448981786
1788203465	1448982037
1988750085	1448982283
5688140729	1448982581
2676748871	1448982801
3807209271	1448983165
2308214051	1448983322
1084088733	1448983392
5209167914	1448983873
2607153183	1448984830
5702195394	1448986149
3674330384	1448988020
3674330384	1448988471
3209331764	1448988647
3926129388	1448989041
3446665852	1448992615
3452847370	1448999376
2005601203	1449007283
1569448187	1449009284
3211357815	1449013270
1894092954	1449013310
3719180195	1449015032
3446494604	1449016041
2635276942	1449016362
3446599782	1449017104
3963805823	1449020211
2786431623	1449020584
5667028361	1449023222
3168895827	1449023658
2797711534	1449023982
1096958194	1449027368
1966478617	1449028426
2842992025	1449032362
2945279790	1449033915
5738327586	1449039848
5163832609	1449040882
3228483062	1449047635
5706989746	1449052267
5733459655	1449055783
3563430251	1449101143
2099095774	1449109817
5329438505	1449319898
5336875130	1449412362
