1618051664	1449823370
3195342625	1449823405
1433296447	1449823406
1764549634	1449823414
2205039502	1449823425
1721864310	1449823431
1085304765	1449823433
2373854930	1449823435
2706209313	1449823435
1865450125	1449823437
1660728577	1449823438
3579591943	1449823440
1644779564	1449823441
2628740282	1449823447
1496980572	1449823452
3828482571	1449823453
1839580813	1449823454
3843428464	1449823460
2410862362	1449823463
2129419932	1449823465
1823858611	1449823466
2016062773	1449823466
2609268421	1449823469
1695652643	1449823476
1659297761	1449823477
5175614170	1449823480
2090403515	1449823481
2494415055	1449823485
1657964527	1449823488
2403806912	1449823489
2190348205	1449823497
2764517242	1449823500
2559360365	1449823500
2050855892	1449823505
2159290653	1449823506
1187976400	1449823507
1957482815	1449823508
1961160985	1449823509
1815478997	1449823511
3260781092	1449823513
1810339134	1449823519
3525318504	1449823522
1873656054	1449823524
1685992567	1449823527
5695756820	1449823529
3560044750	1449823536
1454023190	1449823536
1880204400	1449823548
1776982373	1449823550
1799179305	1449823556
2302567947	1449823559
5632984114	1449823562
5242705624	1449823563
1837510647	1449823564
1595762541	1449823564
1708676805	1449823569
2266417253	1449823569
1729448127	1449823571
2670029713	1449823571
1720586035	1449823572
3286135207	1449823574
2728734017	1449823575
3845544373	1449823584
1905000487	1449823585
1669416634	1449823589
3877160312	1449823592
2103443554	1449823597
5171066382	1449823601
1400120965	1449823602
5633911246	1449823605
1628900875	1449823609
3097183324	1449823610
2681561345	1449823611
2941831514	1449823612
2610344707	1449823615
2678637497	1449823615
2136516413	1449823620
1420343627	1449823621
1393740943	1449823622
3550045911	1449823622
1736260255	1449823622
5786274028	1449823622
1721833727	1449823626
2012774301	1449823631
5676991213	1449823632
1223079551	1449823632
1306577482	1449823636
1598030333	1449823638
5789336598	1449823641
1767521144	1449823642
1039545540	1449823643
2240752657	1449823646
1609272725	1449823647
1805146575	1449823648
3166281351	1449823648
2467182434	1449823649
1315893045	1449823650
1699544383	1449823650
2256845190	1449823654
5028930367	1449823658
1768360620	1449823659
2074224103	1449823659
1062796473	1449823660
2776820917	1449823664
3256409470	1449823668
5270482605	1449823671
1963654401	1449823674
2706557591	1449823674
1642669300	1449823683
1748260841	1449823686
2833149314	1449823687
2637292050	1449823689
3048242687	1449823689
1408688650	1449823692
1735063792	1449823692
2028678942	1449823693
1751298012	1449823694
1640533412	1449823701
1076580170	1449823703
1724535503	1449823704
2258080364	1449823705
2186063514	1449823709
1602916814	1449823713
2631152287	1449823713
1693577613	1449823719
1767305625	1449823720
2968545243	1449823722
2794545200	1449823724
3596829190	1449823727
3198599664	1449823729
1811851731	1449823730
1619583640	1449823735
2486187432	1449823744
3130810011	1449823749
1929745975	1449823750
1761849800	1449823750
2977021207	1449823752
1198703657	1449823752
2791355230	1449823759
2329105137	1449823763
2832026692	1449823764
2714482881	1449823764
1218562511	1449823770
2674783181	1449823770
3186589182	1449823771
1709389722	1449823773
3566791642	1449823780
5652824747	1449823790
5099544754	1449823790
1749928057	1449823790
5563647930	1449823793
2900416085	1449823799
1999409585	1449823799
3745490717	1449823803
1256280351	1449823806
2305027905	1449823807
3012980235	1449823809
2288134301	1449823818
2446268382	1449823822
3563263112	1449823825
1477488405	1449823830
5238524284	1449823830
2277801224	1449823833
1703371763	1449823834
1738047015	1449823835
1889953443	1449823839
1435493591	1449823840
1891935717	1449823843
1100949900	1449823844
1870421257	1449823846
2496096017	1449823848
3026289845	1449823862
5042238500	1449823869
3051067765	1449823871
2067431163	1449823877
1735261744	1449823882
1832740954	1449823892
5350906345	1449823892
2637190304	1449823902
2506902251	1449823903
1663049570	1449823904
1233788781	1449823910
1662669434	1449823913
2891522871	1449823918
2809944851	1449823924
2464935502	1449823938
1300209297	1449823942
3184233474	1449823946
2645880443	1449823947
1793604651	1449823947
2102380092	1449823950
2237902572	1449823952
1449690537	1449823957
1451010503	1449823958
1748108044	1449823962
1700877992	1449823962
1286566002	1449823963
2493024515	1449823963
2694182323	1449823965
2008821481	1449823968
1909714712	1449823968
2449847167	1449823970
1823013283	1449823972
5612189693	1449823975
2266943400	1449823984
5615641695	1449823990
1978374133	1449823996
3914138478	1449823997
2451700924	1449824002
1882981801	1449824005
5545196703	1449824008
1747947533	1449824011
1117038022	1449824011
1882847094	1449824012
1843984863	1449824012
1435819302	1449824015
1805127620	1449824016
2036036192	1449824022
1413206872	1449824027
1952817617	1449824027
1685403337	1449824030
1586547644	1449824031
1241434502	1449824036
1799924804	1449824044
3305504673	1449824048
1766152821	1449824049
1747917997	1449824051
3744262954	1449824056
2665678473	1449824063
1725277157	1449824066
1926050583	1449824068
1688080397	1449824069
2213475513	1449824069
3174729982	1449824069
1231952551	1449824080
1845624757	1449824084
2951313004	1449824087
2859749952	1449824088
3228162147	1449824096
5128819833	1449824098
3509024852	1449824101
2896162161	1449824106
1809005937	1449824107
1860453042	1449824114
2109970263	1449824116
3803355552	1449824118
1144861870	1449824120
2860286362	1449824128
2424785695	1449824131
3247884331	1449824145
2451700924	1449824145
2786349032	1449824146
1770647344	1449824146
1821807622	1449824147
1429670323	1449824148
1838248724	1449824149
1949346565	1449824154
1869173344	1449824159
3919193345	1449824164
1996417844	1449824167
1226939210	1449824178
1893109023	1449824180
2207991064	1449824182
1899255725	1449824185
1748804645	1449824186
3868872375	1449824190
1982396981	1449824196
3963179601	1449824211
1685466962	1449824214
1756300755	1449824223
1807431720	1449824227
5609085367	1449824233
3659396134	1449824243
2008438597	1449824246
1695524152	1449824250
3303085163	1449824254
1853596054	1449824256
1721941364	1449824260
1623224984	1449824260
3596829190	1449824260
2495620574	1449824264
1822387257	1449824264
1650228635	1449824268
3735963835	1449824272
1709117260	1449824273
3150899657	1449824274
1299198512	1449824277
2150584574	1449824277
1165352815	1449824281
5620334177	1449824284
1650893835	1449824287
3805649058	1449824292
2647117974	1449824295
1769837093	1449824298
2086969603	1449824301
5036282863	1449824302
2250072367	1449824305
2827154753	1449824305
1827796600	1449824312
3506851291	1449824331
2313727431	1449824333
3292800824	1449824336
2687312930	1449824342
1158270303	1449824342
2991795923	1449824351
1667185911	1449824362
2733031324	1449824373
1839255524	1449824377
3828599070	1449824377
3181415935	1449824384
2242392967	1449824384
1838751805	1449824391
2792282295	1449824401
1298491554	1449824402
2887457270	1449824404
5609633120	1449824410
1751698273	1449824420
1781155211	1449824424
5392310569	1449824430
1134796963	1449824439
2087761740	1449824463
3271447757	1449824464
1497035431	1449824469
1979840081	1449824481
1346376373	1449824512
5788760051	1449824525
1771437174	1449824528
2337310474	1449824540
2471489352	1449824540
5238839333	1449824543
2581056821	1449824545
1738241881	1449824547
5621767090	1449824557
2062226455	1449824561
2724297491	1449824568
2821933967	1449824576
5261853616	1449824577
1851247843	1449824577
1645895390	1449824580
3813238950	1449824581
3783894327	1449824586
3206319305	1449824589
1700502145	1449824589
2845356550	1449824591
2961351214	1449824598
2641334730	1449824603
5091185923	1449824607
2778772323	1449824607
2113309700	1449824611
5055895789	1449824613
1803911687	1449824614
1745836217	1449824619
1747538101	1449824626
1046508653	1449824631
1900899137	1449824639
1272086304	1449824653
1362524782	1449824656
3129414507	1449824660
1460663777	1449824676
1853370004	1449824692
1986831891	1449824696
3203958610	1449824698
2703698007	1449824702
1059274604	1449824714
5426063843	1449824717
1767289100	1449824719
2656245895	1449824720
3380268990	1449824732
2117355594	1449824734
2027523867	1449824750
5591448708	1449824753
1676462392	1449824757
1854164473	1449824758
2822437715	1449824766
1363032500	1449824767
1269898203	1449824768
3628105840	1449824780
2744520681	1449824792
3850580299	1449824807
1744112742	1449824835
2135285311	1449824837
2201271804	1449824842
1739189203	1449824846
1233490851	1449824857
1373872877	1449824861
5170968440	1449824876
2149847335	1449824877
1916067133	1449824878
1890308794	1449824905
2014924501	1449824905
2785005402	1449824921
1657083523	1449824938
2292909474	1449824938
2719362593	1449824948
1567345444	1449824949
3175314700	1449824968
1496826031	1449824979
1178933503	1449824983
3220076471	1449824988
5097137741	1449824990
2468527793	1449825000
3499950672	1449825005
2529490897	1449825005
1939465690	1449825011
1526020590	1449825023
2843525164	1449825026
2573842852	1449825033
1789467650	1449825033
5261541643	1449825051
2431868670	1449825067
2714322332	1449825090
1663378701	1449825097
2299597814	1449825097
3519004213	1449825098
1948395495	1449825100
1930385100	1449825105
3048998463	1449825107
1647302353	1449825111
3051974687	1449825111
1636081151	1449825127
3034951183	1449825128
5562517172	1449825139
2309432263	1449825144
2610575631	1449825149
3709683444	1449825153
5619246322	1449825155
1878490137	1449825175
1843132385	1449825179
1935539401	1449825180
1700747110	1449825182
1659481884	1449825189
2804235445	1449825197
5101141860	1449825208
1691908370	1449825218
1469015337	1449825221
5303505149	1449825233
1852983274	1449825233
2133605361	1449825249
5378774135	1449825250
5281021419	1449825250
2299413562	1449825256
1548628025	1449825268
3741115007	1449825274
1789774763	1449825289
5312813667	1449825298
1646041474	1449825298
3046871165	1449825300
1919593044	1449825301
2504107563	1449825302
5187790905	1449825312
1707238012	1449825336
1695402340	1449825364
5444011474	1449825364
2447737581	1449825368
1815148471	1449825375
5687613635	1449825405
2015551051	1449825412
3569900850	1449825421
1743541662	1449825425
1835964725	1449825434
2576582665	1449825435
2832026692	1449825447
1029182582	1449825447
1717580697	1449825448
1789395261	1449825450
3080985487	1449825451
1829476911	1449825452
1987134677	1449825462
1731009587	1449825462
1784178347	1449825481
3003417781	1449825482
1616430541	1449825490
2281785517	1449825509
3430415332	1449825517
5765148545	1449825528
1651463712	1449825531
5478461885	1449825532
1695652643	1449825543
5085675682	1449825550
2048941775	1449825572
2832026692	1449825572
1821998607	1449825579
1747470310	1449825580
1906734555	1449825593
2409258170	1449825601
2650894761	1449825602
1800289444	1449825602
5105171641	1449825604
5203225623	1449825632
1780535810	1449825635
5260749235	1449825644
1080504883	1449825648
3189477130	1449825650
1424340755	1449825650
1663913734	1449825651
2927367837	1449825652
5193407387	1449825654
3024736703	1449825656
1694796134	1449825686
2274617310	1449825686
2157765924	1449825693
1028183684	1449825699
3207403347	1449825718
2299597814	1449825724
5269580860	1449825724
1636144037	1449825735
1630961127	1449825742
1252610165	1449825752
1764180253	1449825754
1198415347	1449825757
1683136887	1449825760
1261716464	1449825775
2927367837	1449825801
5350087360	1449825812
1634564693	1449825824
5710792290	1449825833
2282634772	1449825835
5617929299	1449825844
1900722705	1449825853
3547426114	1449825880
1768821402	1449825902
1743713914	1449825903
3251344781	1449825906
1780661420	1449825914
3271099170	1449825916
5370621335	1449825918
1768818280	1449825919
5531844462	1449825942
2574763610	1449825948
1790518091	1449825953
1663392611	1449825953
2516699895	1449825963
2232486583	1449825970
2954928405	1449825971
2752578397	1449825986
1731006387	1449826005
3205394804	1449826027
5629948136	1449826029
3134046201	1449826031
1438592570	1449826065
1465725001	1449826071
2584471900	1449826082
2324155604	1449826092
5120490345	1449826097
1242301364	1449826106
5700108992	1449826107
3190028621	1449826108
1964266602	1449826108
5617471904	1449826114
5317812106	1449826118
5694258136	1449826125
3815091533	1449826128
2931910754	1449826130
1961246340	1449826142
1879567410	1449826157
2914062925	1449826179
1651309302	1449826182
2514839772	1449826204
5333103236	1449826211
5539743644	1449826233
3802577877	1449826239
2430631061	1449826257
2522757197	1449826279
1776071571	1449826288
1422509202	1449826322
3011882325	1449826324
1789431711	1449826330
5437137160	1449826353
2732647641	1449826356
1406229470	1449826360
3201794991	1449826362
1842436074	1449826384
2471861972	1449826390
2832665972	1449826394
1817153250	1449826399
5249205340	1449826423
2792800874	1449826445
2105454041	1449826458
3607694243	1449826485
1607369121	1449826498
2204490344	1449826501
1952276963	1449826507
1751423337	1449826554
1890016354	1449826580
1178933503	1449826608
3807973103	1449826620
3108912922	1449826643
3095318615	1449826665
1133814463	1449826709
1797288377	1449826716
1540480344	1449826729
2670427347	1449826732
3944541616	1449826734
1713862802	1449826738
2192212127	1449826755
3036954604	1449826764
1790544545	1449826869
3811481173	1449826884
2111077090	1449826885
2373297570	1449826907
3852291424	1449826918
5285050392	1449826919
2460881410	1449826922
2774244813	1449826963
1244479870	1449826993
3209554745	1449827039
2164874171	1449827077
1891952791	1449827080
1872880082	1449827117
2629611035	1449827122
2792369153	1449827124
1763284120	1449827138
1019292472	1449827140
5703608873	1449827148
3151878132	1449827161
3151878132	1449827175
5576659676	1449827176
3151878132	1449827186
3151878132	1449827192
2908339644	1449827197
3151878132	1449827206
3547410083	1449827212
1757251761	1449827216
1320363682	1449827238
2704927533	1449827240
2858228950	1449827259
5062528893	1449827267
3812373746	1449827281
5092441640	1449827290
1049354451	1449827324
3224909951	1449827345
1778542250	1449827345
2258366791	1449827345
3185432844	1449827354
2085953587	1449827359
1846801891	1449827363
5041091879	1449827375
2863813402	1449827382
5763761282	1449827403
2170650932	1449827411
1747631314	1449827426
1361984537	1449827440
3024550391	1449827441
3822587550	1449827490
1726530270	1449827515
2689979314	1449827546
2169252715	1449827556
3749845005	1449827559
2331340355	1449827564
2137516850	1449827585
1802354747	1449827588
2865156600	1449827588
1407827467	1449827595
3194436950	1449827601
2154682635	1449827603
2234740663	1449827617
3908520069	1449827625
1911794742	1449827668
2008994057	1449827676
1992789012	1449827678
5263647712	1449827728
1989584441	1449827729
2260074402	1449827775
5292931337	1449827775
5623413430	1449827780
2835993453	1449827788
5297645599	1449827791
1845539401	1449827807
1297212490	1449827815
1750533437	1449827818
2238070860	1449827872
2725309241	1449827874
2365484585	1449827896
3847006699	1449827912
2612922483	1449827942
2467611051	1449827956
1757904183	1449827958
1772630840	1449827964
1652902303	1449827974
2165597810	1449828136
1919160742	1449828145
3763594521	1449828153
1283816323	1449828188
2212562414	1449828198
5650603306	1449828224
1826750822	1449828230
3077339187	1449828271
2246219373	1449828275
2194950470	1449828280
2185743621	1449828290
1596712063	1449828358
1947071602	1449828399
5355375445	1449828404
1652401437	1449828405
1747962175	1449828406
1054074750	1449828411
2237431781	1449828434
2974561532	1449828447
1852103144	1449828511
5769263923	1449828517
2514086044	1449828521
2829117034	1449828551
3045997375	1449828564
1811439883	1449828642
1856415250	1449828665
1147431495	1449828736
2806965483	1449828743
1632950200	1449828764
2341402091	1449828784
2728259861	1449828811
1971303711	1449828820
2830094033	1449828824
2728259861	1449828867
3908816672	1449828877
3165918042	1449828880
3908816672	1449828881
2837098861	1449828895
1838661991	1449828897
1765987772	1449828907
2104351672	1449828946
1956454167	1449828948
5392555463	1449828952
2728259861	1449828964
3764697054	1449828977
2970230222	1449828991
1394414292	1449828993
5334854913	1449829001
1824656487	1449829003
5412358802	1449829016
1739654762	1449829020
2704640822	1449829085
5554419732	1449829117
5312277727	1449829129
3127660897	1449829144
1685430547	1449829195
1881013457	1449829205
1400417882	1449829236
1974893434	1449829254
1822406307	1449829286
1142622871	1449829300
1686048581	1449829329
1741985167	1449829331
1641062402	1449829333
5761054141	1449829352
1225782397	1449829354
3749650317	1449829365
1509696194	1449829382
2091922303	1449829400
1830163211	1449829426
1351497400	1449829435
3493929945	1449829486
1991303247	1449829500
3045997375	1449829520
5718655359	1449829532
1739654762	1449829535
2098815730	1449829550
1767577835	1449829577
3184751900	1449829580
2616913463	1449829586
2678592741	1449829636
2260200141	1449829648
1591546351	1449829747
3499633122	1449829773
1824809034	1449829779
5747736638	1449829804
2073724661	1449829831
2231283412	1449829843
1574162725	1449829845
5230506945	1449829857
5069042355	1449829909
1758976260	1449829913
3279890017	1449829920
2737358182	1449829946
2736572891	1449829974
5361171251	1449829975
3317330710	1449830025
1930976281	1449830041
2865183344	1449830057
1842953443	1449830072
2058687825	1449830072
3290822481	1449830134
2694480804	1449830143
2806619402	1449830168
5283599568	1449830245
1710724495	1449830254
5707449328	1449830279
5599477582	1449830281
1934175674	1449830289
1993505753	1449830302
2580073481	1449830311
5259043573	1449830340
2258338977	1449830346
5259043573	1449830369
5259043573	1449830374
1699874077	1449830379
3192827394	1449830465
5451483004	1449830505
2271958617	1449830568
3363503624	1449830595
5721098746	1449830626
2556122132	1449830637
1951226745	1449830646
1890146607	1449830672
2115245083	1449830686
3268156402	1449830696
5401796798	1449830719
1965394583	1449830739
2460120314	1449830789
2104091335	1449830799
1192571460	1449830804
3646104412	1449830810
3810038601	1449830834
1795762777	1449830836
2737845861	1449831005
1882286883	1449831014
1220646097	1449831018
1728993364	1449831030
5699138131	1449831031
3596829190	1449831078
1644556265	1449831082
2276639455	1449831097
3224163282	1449831108
1314885480	1449831123
2686690123	1449831158
5266249787	1449831162
1782647875	1449831162
1961672814	1449831184
1764805711	1449831208
2315374663	1449831215
1835645900	1449831216
2503355752	1449831231
2243625142	1449831270
1613635620	1449831277
1644915981	1449831286
5260877606	1449831301
1960034665	1449831303
2870476791	1449831328
1692891755	1449831349
1774841321	1449831422
1736091223	1449831423
5295524611	1449831435
5707449328	1449831444
2730869337	1449831488
1629718865	1449831491
5587783936	1449831495
1714171751	1449831527
5503067048	1449831542
1909390911	1449831556
1894025897	1449831642
5457198942	1449831657
2854937385	1449831675
1693478205	1449831712
1896325185	1449831730
1886639611	1449831738
1815757022	1449831751
5707449328	1449831775
2611644743	1449831782
3169608073	1449831786
1344657515	1449831805
5707449328	1449831837
1768800074	1449831878
3109626037	1449831886
1727735641	1449831886
2332384873	1449831891
2044232593	1449831897
1648395935	1449831937
1759015947	1449831956
2281327700	1449831967
5707449328	1449831995
2609161490	1449832006
5585689003	1449832050
1746830023	1449832095
3784447880	1449832111
2645624962	1449832135
2360180761	1449832150
5577608135	1449832184
2939344071	1449832197
5097645132	1449832211
1801746985	1449832219
3055903711	1449832255
1484026803	1449832332
3929229128	1449832401
3094676491	1449832425
1627736512	1449832428
3946466351	1449832431
1249035352	1449832433
5611793298	1449832452
3407533314	1449832463
3946466351	1449832489
1771358932	1449832492
1887471325	1449832525
1967768655	1449832606
2624835133	1449832613
2914478601	1449832656
5277895483	1449832667
1654379635	1449832670
5109642647	1449832679
1924953790	1449832686
1916720580	1449832705
5678966312	1449832758
1893648243	1449832771
2768665524	1449832811
2159252844	1449832836
1854749223	1449832924
1798820777	1449832946
1143628971	1449832950
3211584112	1449833017
1785531833	1449833032
3786870540	1449833057
1629871455	1449833081
1680249290	1449833109
3976173652	1449833222
2091922303	1449833307
2035372363	1449833324
2662059621	1449833336
1098811915	1449833348
3481793784	1449833381
3478827757	1449833418
5201965103	1449833470
2391014794	1449833484
2923876197	1449833497
1610466721	1449833550
1920155695	1449833583
1918711917	1449833609
5236587550	1449833614
2414762571	1449833622
5050407778	1449833631
3189636265	1449833666
1799831615	1449833676
2281034747	1449833702
1154036450	1449833707
2379899385	1449833723
1902589342	1449833732
5524751251	1449833785
5509962512	1449833875
1644225625	1449833877
2705360433	1449833917
2248804162	1449833919
2575904210	1449833925
3106793391	1449833934
2899028991	1449833966
1847153063	1449834007
2429821841	1449834048
1253421082	1449834051
1689007580	1449834067
2632593275	1449834085
5514038970	1449834100
1690967365	1449834222
1836504623	1449834270
3780273865	1449834453
1678301062	1449834527
3871533048	1449834577
1845190380	1449834632
2917262593	1449834657
2019266544	1449834722
1427763892	1449834736
2105942861	1449834777
5593933747	1449834789
2406891877	1449834821
1296647145	1449834851
2204108150	1449834903
2936471541	1449834917
1744949903	1449834958
5290182762	1449834965
2411752342	1449834997
1825601147	1449835189
5443482125	1449835215
1826822564	1449835265
5602804513	1449835321
5174234513	1449835355
3918602680	1449835361
2324626561	1449835397
1527174470	1449835450
3414717292	1449835458
2134644892	1449835479
3143040725	1449835492
1824799021	1449835500
3327217642	1449835509
5442372298	1449835548
1765344385	1449835582
5281130564	1449835616
2487674682	1449835625
1667747694	1449835655
1917945510	1449835688
2682159935	1449835691
2665759101	1449835715
3826515282	1449835742
5383113000	1449835767
1550365207	1449835779
5525309363	1449835787
1346183233	1449835793
5089354940	1449835810
1764554222	1449835886
1290952984	1449835902
5558271226	1449835948
2632941767	1449835967
2374219027	1449835972
2234944050	1449836107
1958177631	1449836137
5244315764	1449836231
2964712943	1449836257
1740131757	1449836287
3637010532	1449836389
1405634855	1449836410
3858870919	1449836479
1748059474	1449836487
3823767533	1449836530
5062526210	1449836561
1769131434	1449836595
2185930400	1449836600
1225163590	1449836610
1627331653	1449836661
5540155153	1449836667
1882806670	1449836753
2630871244	1449836795
3170013432	1449836797
1747959664	1449836829
3299405781	1449836974
2364926471	1449837008
5103653504	1449837043
2422464247	1449837073
5712658421	1449837201
2427962532	1449837226
1903893722	1449837328
2157730525	1449837359
2447863191	1449837481
3774573317	1449837487
1689982167	1449837509
1073873722	1449837541
5510651540	1449837600
1957876143	1449837699
2196218147	1449837736
1846890131	1449837830
5677087152	1449837836
5191822073	1449837931
5754817671	1449837976
1902866515	1449838047
2421924422	1449838116
2168984127	1449838117
1837915431	1449838139
1750753267	1449838165
2357807721	1449838230
5279502647	1449838253
2006983417	1449838320
3805897329	1449838390
1822842083	1449838393
5150398070	1449838401
5150398070	1449838402
1979751857	1449838485
5150398070	1449838516
2317459200	1449838521
2551396771	1449838523
5456270401	1449838603
1457557053	1449838745
1768395871	1449838763
1857037564	1449838795
1790503081	1449838837
1713259050	1449838842
1227488177	1449838876
5000290295	1449838895
2865440560	1449838924
1030993151	1449838960
1215713333	1449839061
1097430687	1449839073
1703866640	1449839089
2043999127	1449839091
2880992870	1449839182
1428789533	1449839211
2305393275	1449839286
1850189521	1449839321
5237893968	1449839550
1627939341	1449839711
5189848889	1449839751
5766726378	1449840091
3029593175	1449840311
1784847641	1449840332
2166231081	1449840358
1767501501	1449840451
1204956211	1449840581
5068906974	1449840715
5062104631	1449840885
2914180215	1449841033
2770099877	1449841222
2122216103	1449841291
3502197241	1449841370
1642427044	1449841372
2308436903	1449841444
1017632284	1449841602
1673808861	1449841620
1884600305	1449841817
5269832591	1449841837
3298393241	1449841869
1770457411	1449841930
3490639630	1449841936
1777188367	1449841972
5283368839	1449841994
2873503970	1449842051
5307618547	1449842079
1820434163	1449842216
2995614152	1449842352
1779899715	1449842401
3739951652	1449842417
1407097223	1449842495
1996463767	1449842514
1821928961	1449842712
1628155120	1449842943
3174596001	1449842950
3800978606	1449843072
1639572572	1449843090
3300890103	1449843098
1895144632	1449843130
5714390730	1449843141
3912076308	1449843309
1767585085	1449843338
2683579740	1449843374
1728432255	1449843385
1639572572	1449843402
1864046321	1449843457
1770843493	1449843523
1958428112	1449843558
2848914541	1449843588
2248763525	1449843626
1730223552	1449843738
2460711597	1449843794
2391213954	1449843828
2104326421	1449843829
1289254641	1449843934
1879461184	1449843939
1869472081	1449844035
3099465077	1449844126
2670356193	1449844260
1662291313	1449844441
1653265434	1449844814
2510261403	1449844843
1758512983	1449844891
1740180117	1449844997
1696326357	1449845183
5130467089	1449845755
2083957193	1449845941
3767211593	1449845976
1751445334	1449846190
3887632331	1449846373
1768701540	1449846431
1968286247	1449846621
1919501484	1449846809
3316135803	1449846922
5181732632	1449847056
2038920324	1449847064
1767780437	1449847245
1705997564	1449847324
5778519338	1449847440
5301335486	1449847528
3482848161	1449847555
3538061904	1449848002
1436187595	1449848028
3339637992	1449848035
5278151437	1449848141
2717306851	1449848191
2148590584	1449848206
1838568097	1449848258
1686632064	1449848263
5775941276	1449848473
5285740936	1449848557
3410893634	1449848663
1250332080	1449848694
1165205422	1449848702
3069505382	1449848712
1788495063	1449848738
1676044103	1449848750
2995688475	1449848945
1761535260	1449849148
3905047935	1449849219
5687647007	1449849265
1978332263	1449849273
5106782525	1449849282
2794681162	1449849300
1082607574	1449849404
2041064427	1449849432
2332547164	1449849472
1978332263	1449849473
1082607574	1449849477
1495398920	1449849502
1454560380	1449849604
2320556755	1449849682
2234236871	1449849821
3994176659	1449849909
1965227515	1449850027
5684290757	1449850048
1758930355	1449850074
3113702923	1449850519
3167092345	1449850652
2128647897	1449850731
5245099145	1449850762
2318716960	1449850763
1810471114	1449850943
5731308735	1449851111
3137634963	1449851184
1427844833	1449851237
1629267397	1449851276
3828345791	1449851383
1871729771	1449851430
1695339484	1449851436
3844618740	1449851785
3814056808	1449851827
1221334250	1449851866
1741244804	1449851963
1992050173	1449852026
2836919635	1449852297
2654169172	1449852396
1660228907	1449852456
3207877684	1449852919
3889765537	1449853249
2160244702	1449853484
5718241796	1449854054
1698655212	1449854156
1660309630	1449854295
1009018417	1449854327
5515851048	1449854646
1796290774	1449854766
3686114495	1449854899
3313238344	1449854946
3188351082	1449854983
3966519726	1449855120
1000753475	1449855203
1845065020	1449855376
2011100685	1449855449
1778101147	1449856056
1736590450	1449856119
2785957140	1449856202
1726439214	1449856570
1838193070	1449857059
1783180645	1449857354
3899298310	1449859121
1814847307	1449859469
5473634278	1449859506
2526238823	1449859517
1404637572	1449859831
1404637572	1449859887
1796290774	1449860766
1257515362	1449860775
1061367833	1449862267
2670342975	1449863520
1910590220	1449864767
5646380179	1449866298
3895781238	1449867357
2667898943	1449868945
1896730587	1449869046
1634768367	1449870384
2421683377	1449870687
2398386655	1449870833
3253043681	1449871019
2801656655	1449872778
2425159837	1449873161
2425159837	1449873323
1655101577	1449873581
2274598253	1449874783
1686081072	1449875673
2165476103	1449875783
2286420611	1449876434
1826672300	1449876644
1501590564	1449878273
1733911622	1449878454
2197546765	1449879132
1919112963	1449879314
1936141412	1449880265
3393503222	1449880483
1833550545	1449880609
1690426614	1449880694
3169704303	1449880821
2728297463	1449880990
2657941372	1449881205
5303761528	1449881295
2253554587	1449881517
1800547531	1449881546
2927379060	1449881866
3229100442	1449881975
5397589328	1449882895
2100623570	1449883154
3245318872	1449883405
1959100923	1449883450
1788150554	1449883498
2091922303	1449883513
3280373431	1449884493
5336582956	1449884698
1854314067	1449884977
5244209534	1449884983
2862164314	1449885015
2527508484	1449885117
5110077743	1449885142
5396771217	1449885210
2878856931	1449885294
1902155091	1449885325
5378444590	1449885489
1786884901	1449885506
3624743345	1449885599
1939154285	1449885652
3167102331	1449885785
3242313362	1449885957
1810821613	1449886012
2844507584	1449886038
1959095084	1449886327
1751842047	1449886350
2423964582	1449886354
1310623382	1449886798
1919894745	1449887022
5305530867	1449887247
5780431802	1449887325
2811605641	1449887650
1224887762	1449887752
3630938102	1449887854
3005159911	1449887863
5189857332	1449887966
2185743621	1449888049
3101618941	1449888136
1899373067	1449888225
1677540102	1449888393
2353434762	1449888452
1914007157	1449888648
1770373454	1449888651
1662491877	1449888711
3772388374	1449889030
1636738365	1449889121
1784190495	1449889284
3008405812	1449889374
1985107313	1449889395
3479294714	1449889485
3081191387	1449889687
2202022463	1449889718
5212674171	1449889760
2306522132	1449889829
2397927924	1449889882
5486322300	1449889971
1565169172	1449890080
5229318963	1449890090
1246066785	1449890309
2214908765	1449890312
1909260001	1449890336
3564855655	1449890431
3946532167	1449890433
1727962994	1449890438
2538914551	1449890657
2216838554	1449890756
1916261503	1449890802
3962501302	1449890893
3962501302	1449890909
2207171955	1449890911
2175130867	1449890999
3627428122	1449891021
2961292875	1449891679
1877545805	1449891863
2601322887	1449892348
2706984210	1449892641
3824318106	1449892763
2356503552	1449893295
1789603167	1449894122
1879165885	1449894149
5734133279	1449894521
2714677455	1449894540
1661976915	1449894955
2269025270	1449895028
5408775905	1449895397
1051794172	1449895706
3238550564	1449895936
5675075072	1449896661
2890393640	1449896761
3101394192	1449896810
3146216422	1449896857
5675075072	1449896863
2352519075	1449897111
3869839816	1449897193
1465560711	1449897238
3039776490	1449897547
5661225115	1449897626
5600650793	1449898479
2209514145	1449899045
2644384412	1449899210
2186369807	1449899371
1930954717	1449899503
3213441753	1449899759
3805780150	1449900049
3155765295	1449900423
1719462125	1449900434
2340380902	1449900560
2026899965	1449900562
2155770720	1449901034
1905177913	1449901077
5230781877	1449901106
1710725153	1449901305
1838016760	1449901507
1892144653	1449902621
1892144653	1449903003
1811929911	1449903271
2386952703	1449903371
3041379364	1449903939
2558435982	1449904343
2520826853	1449904704
1828046631	1449905070
1774299844	1449905262
1668973063	1449905443
1505874000	1449905846
3135233755	1449907414
2649264350	1449907433
2166835910	1449907746
5248802954	1449908215
2196351224	1449908407
2120633277	1449908615
5670233549	1449908868
5759522806	1449908991
5670233549	1449909059
5670233549	1449909086
5181396735	1449909220
5083515999	1449909942
1722690957	1449910282
1572822060	1449910412
5172232576	1449910433
3917234967	1449911416
1806694845	1449911562
1862653171	1449911909
1800085517	1449912012
3977735223	1449912046
2274462034	1449912245
2100491557	1449912426
2294183580	1449913142
3928712056	1449913362
1825668491	1449913428
2086795433	1449913770
5456270401	1449914882
1968355927	1449915019
2512496862	1449915205
2390858691	1449915564
5699664687	1449915691
5021799191	1449917200
1676588825	1449917463
5655831100	1449917740
1777757205	1449918336
2037207652	1449918932
2001199153	1449919328
1238867022	1449919374
2731399783	1449919566
1945379403	1449920059
3749132241	1449920252
5788420972	1449920385
5780251294	1449920831
2359583613	1449920855
1316743822	1449921063
3652257040	1449922025
3170771427	1449922295
5775133777	1449922532
2286646177	1449923383
5489417512	1449923416
1781594125	1449923734
1737027821	1449923791
1896129617	1449923947
3850045676	1449924833
5151865613	1449924990
2185778533	1449925192
2696890401	1449925469
2450491910	1449926037
1616421154	1449926189
1402235783	1449926247
5126152513	1449928396
2149879035	1449928635
3737985114	1449928651
1310757364	1449929720
2335195241	1449930054
5264001834	1449930253
3169413007	1449931267
5239960289	1449931378
1171142731	1449931437
3902113580	1449931876
5130590076	1449932270
1824945453	1449933067
1804095500	1449933599
1649908115	1449933818
3912119803	1449934295
2177806054	1449934584
2082264083	1449935001
3946578157	1449935128
3174226834	1449935422
3951036685	1449935618
2188468574	1449936074
2314754931	1449936521
2789948897	1449937463
2416059425	1449937564
1616708012	1449938191
2989243313	1449938347
1904083065	1449938760
2486157865	1449939530
3165410742	1449940954
1641608634	1449942011
1150271551	1449942570
2294687837	1449942775
2125000591	1449943123
5426214062	1449950135
3319772175	1449951061
3092986935	1449952760
3213973831	1449964496
3732507900	1449965483
5538544714	1449965727
1871214120	1449970624
2060103452	1449970896
5094750345	1449970937
5746885611	1449971231
3634173704	1449973055
2213275935	1449974974
1992290732	1449978367
5125441838	1449978605
2569897830	1449979351
1645057507	1449979400
1400562255	1449980385
1022637433	1449980451
1114205215	1449980840
3592656333	1449985133
5078902585	1449986836
2802086712	1449993410
1660309630	1449995557
1073802532	1449995557
2775250347	1449996439
2082357637	1449997928
2644384412	1449998611
2757098807	1450000183
3764003861	1450001442
3624923531	1450001598
5160115483	1450002395
1594321943	1450003466
5456270401	1450006975
2908143931	1450007384
3516679050	1450007701
1739811854	1450009246
3354047144	1450016156
1708055473	1450053699
3984389059	1450057371
5109894414	1450064090
2133669740	1450069539
2656268283	1450079877
1792128093	1450080246
3340907402	1450097909
3695957854	1450263080
3984973363	1450272200
5242640973	1450283523
5402671742	1450439186
2832744391	1450497716
2691239414	1450512600
2282370973	1450762092
3627737482	1451689236
