1618051664	1449815896
5274638189	1449815909
1746630750	1449815937
5775995337	1449815938
2628672281	1449815943
3817505052	1449815943
1660198970	1449815949
2133325395	1449815950
1435411251	1449815953
1680444771	1449815962
1463507111	1449815984
3477780855	1449815985
1445194294	1449815988
5558262340	1449815996
1833901574	1449815998
2506776323	1449815999
2344505093	1449816000
1892974191	1449816008
2685112321	1449816009
1431734902	1449816010
5514334592	1449816017
3224604817	1449816020
1171293587	1449816033
3871864314	1449816033
1862277204	1449816038
3276399562	1449816041
2768747971	1449816043
5621560532	1449816044
1847149203	1449816045
1749716553	1449816046
3721996917	1449816053
2653055014	1449816054
1959114254	1449816057
1300145304	1449816064
1838379560	1449816068
5515671500	1449816070
1749928057	1449816072
1891187997	1449816073
5504787184	1449816082
3172117903	1449816088
1344751461	1449816097
1067679407	1449816105
1443954590	1449816113
1847586152	1449816113
1793037131	1449816117
1334108373	1449816126
1885421364	1449816126
2272877843	1449816136
5747781668	1449816140
2217470520	1449816140
1003054123	1449816141
1656829792	1449816142
1625037465	1449816150
2206708995	1449816159
1779759615	1449816159
1677995843	1449816160
3834903025	1449816174
2716393871	1449816174
1778080673	1449816185
1746845213	1449816187
1026918297	1449816197
5090055048	1449816202
1569588525	1449816205
1759928145	1449816234
2654341880	1449816244
1299669504	1449816245
1134478847	1449816255
1883148122	1449816255
3219311104	1449816257
1302914245	1449816259
1967278883	1449816263
3188247442	1449816270
1666285261	1449816275
5776963631	1449816276
3179131912	1449816277
1770557750	1449816281
1809435052	1449816283
1975441485	1449816286
1934563441	1449816291
1412728921	1449816299
1889749407	1449816301
1528252027	1449816309
1772408892	1449816312
1556523035	1449816312
2609119147	1449816316
3903311091	1449816320
3053558793	1449816322
5050916510	1449816335
5161438159	1449816338
1797140091	1449816360
3597775685	1449816376
1482695851	1449816379
2468527793	1449816379
1210139335	1449816381
1805370885	1449816390
2184019151	1449816392
1068223110	1449816398
2298853591	1449816399
1745215383	1449816400
1009045783	1449816403
1193310415	1449816414
1832550845	1449816415
2098884087	1449816430
3453783440	1449816432
2750066951	1449816434
1353400793	1449816436
2012661135	1449816437
1596136663	1449816439
1666422592	1449816441
1770561281	1449816448
1846544937	1449816449
1805370885	1449816466
1907533073	1449816475
5509106184	1449816476
1958515180	1449816501
1871733507	1449816503
1888943385	1449816506
2176031265	1449816506
2012026743	1449816516
1801206242	1449816522
2535074837	1449816528
3742840647	1449816529
1273472922	1449816534
2198802454	1449816540
2638364663	1449816544
1770561281	1449816552
3243777342	1449816552
3903311091	1449816564
2521208290	1449816573
5442316233	1449816575
1423243217	1449816597
1487739994	1449816599
1829364175	1449816601
5743548546	1449816603
1570649983	1449816611
1457184982	1449816613
2648188253	1449816617
1449806751	1449816619
3316692105	1449816627
1829364175	1449816628
1728102585	1449816628
1262229392	1449816630
2042306962	1449816634
2705419921	1449816643
1805370885	1449816645
5776921076	1449816647
5714692845	1449816653
1111050480	1449816671
2114581745	1449816676
2655043895	1449816700
3039776490	1449816705
2277801224	1449816721
5212947558	1449816723
1140745687	1449816724
1630954277	1449816733
1557269675	1449816739
5329516785	1449816747
1801206242	1449816754
3268189885	1449816757
2913020365	1449816758
1210200261	1449816774
2550809142	1449816777
2239040765	1449816789
2609119147	1449816791
1712874995	1449816830
1658497283	1449816836
3217797973	1449816838
1650434491	1449816851
1589476522	1449816875
2713979651	1449816892
1425246072	1449816892
1267135393	1449816892
2297045285	1449816897
5370939771	1449816914
1301068995	1449816920
1851455942	1449816937
1275778667	1449816940
1752934123	1449816940
1830322831	1449816946
5723814194	1449816951
3319500123	1449816964
2791355230	1449816969
1824141631	1449816980
1783963477	1449816988
2675266747	1449816992
3411306492	1449817011
1416225865	1449817019
2473731351	1449817037
1634350370	1449817059
2405790831	1449817070
1634193933	1449817073
1829072221	1449817085
2751771695	1449817095
1831017481	1449817120
2913020365	1449817122
2995079610	1449817123
5134085482	1449817124
3212182747	1449817129
2153350911	1449817132
5074251659	1449817138
1889655215	1449817153
1954041511	1449817162
1879592877	1449817165
2504929623	1449817167
3726460131	1449817179
1575605710	1449817181
2370850274	1449817183
2108958752	1449817185
5144255657	1449817202
2818982005	1449817208
3210609442	1449817226
1434178174	1449817232
1095121141	1449817238
2509063547	1449817260
2948527647	1449817263
1938032420	1449817263
2821979554	1449817276
1664422555	1449817285
1881603392	1449817298
1808941222	1449817312
1783297517	1449817323
1720519202	1449817331
1504479963	1449817343
1690083897	1449817363
2651594555	1449817376
1744338195	1449817424
1720385783	1449817433
2913020365	1449817434
5244091670	1449817436
1436631111	1449817438
2114581745	1449817457
1850189521	1449817460
5074251659	1449817478
1244479870	1449817480
1892579127	1449817530
1838379560	1449817564
1259917162	1449817565
2603031237	1449817572
3901413009	1449817594
1790844071	1449817603
2720809351	1449817617
1801206242	1449817618
2611494090	1449817634
1305318000	1449817641
1733135983	1449817649
1878299985	1449817680
2818327575	1449817687
1216513784	1449817693
1838379560	1449817704
1973656567	1449817733
1843962781	1449817761
1697211894	1449817814
2138148705	1449817817
3638703804	1449817817
1803760142	1449817825
3313537437	1449817860
1957073101	1449817863
1997135111	1449817871
1881603392	1449817891
1248238732	1449817950
1840622353	1449817951
2810490360	1449817956
2076647624	1449817960
2062936585	1449817990
3655945082	1449818006
2260035351	1449818014
3903597479	1449818015
1804160172	1449818034
2506818453	1449818051
1271492877	1449818088
1945739954	1449818115
1802584551	1449818155
1010411235	1449818172
1828733447	1449818205
3026809365	1449818210
3026809365	1449818221
3628551130	1449818230
5316230317	1449818236
1919288452	1449818240
3476970402	1449818250
1998458392	1449818277
1550158651	1449818329
2400230963	1449818350
1792822304	1449818367
1342957265	1449818370
2525637873	1449818388
1363150760	1449818403
2160939935	1449818423
1801152187	1449818450
1838379560	1449818460
1502704627	1449818470
3818988520	1449818483
5556515010	1449818507
1747204900	1449818531
2653162145	1449818532
1770928702	1449818545
1095004955	1449818630
1838379560	1449818645
1764685282	1449818661
2612052321	1449818669
1930820362	1449818675
5329573262	1449818687
1944867375	1449818727
3198543324	1449818729
1352415515	1449818785
2192615282	1449818805
2882184580	1449818806
2633063612	1449818816
2329105137	1449818822
5786274028	1449818844
2858808297	1449818853
2518396072	1449818880
2280388020	1449818882
1275543202	1449818889
1347365360	1449818973
1960970827	1449819003
2609849017	1449819069
5113840704	1449819074
2810490360	1449819094
2947279790	1449819106
5512187732	1449819140
2446955002	1449819156
2012510003	1449819164
1838379560	1449819196
5129191875	1449819232
2002274681	1449819241
1538005772	1449819246
1857371252	1449819293
2865992670	1449819326
1170659723	1449819342
1812574295	1449819353
1870120060	1449819359
3194737121	1449819371
1670987801	1449819383
3006082672	1449819389
1418038540	1449819396
5182201177	1449819405
1588732055	1449819406
3686314633	1449819416
2155152394	1449819442
1699601513	1449819493
3802847216	1449819619
1838379560	1449819622
1669416434	1449819624
1296869815	1449819637
1777751073	1449819642
1882276964	1449819663
2672570683	1449819680
5253518080	1449819692
2317544387	1449819723
1232020782	1449819735
2024607810	1449819738
2025555323	1449819793
5695797190	1449819833
5166335513	1449819834
1902903565	1449819842
5223100316	1449819852
1218182570	1449819862
5704086202	1449819880
5509059804	1449819910
1054932502	1449819951
3047739313	1449819957
2006482307	1449819983
1450042262	1449820001
5037886288	1449820024
3213868731	1449820034
2452420152	1449820089
2822687450	1449820112
5041087629	1449820124
1769869494	1449820130
1818794507	1449820135
1765855027	1449820143
1405492354	1449820152
1651849120	1449820175
2574785052	1449820227
2952759551	1449820229
1867425094	1449820278
2724628193	1449820332
1770586354	1449820383
1726300292	1449820422
3552195301	1449820433
5040718957	1449820441
1877382855	1449820487
1777065747	1449820537
5020754234	1449820542
2012970484	1449820543
2012970484	1449820577
1079735287	1449820586
1112933842	1449820589
2032734891	1449820598
1089287783	1449820655
1464177090	1449820730
5593189442	1449820741
5050806860	1449820832
3210612515	1449820836
2246578384	1449820840
1534814990	1449820886
1351031204	1449820898
5691657599	1449820908
5585548419	1449820964
2012577115	1449821019
2104309541	1449821030
2924629375	1449821066
1663989410	1449821109
2270717141	1449821129
1783906547	1449821188
1292174002	1449821241
1904962274	1449821270
3965824815	1449821277
2781776415	1449821285
5614176841	1449821324
3480535750	1449821332
2805732193	1449821418
2164892821	1449821627
1627492145	1449821630
3199446382	1449821715
1752829702	1449821771
1662894224	1449821792
5651857893	1449821862
2874723143	1449821864
1854186090	1449821917
1593711535	1449821964
1929949660	1449821973
2110459944	1449821981
1792347675	1449822116
2610493983	1449822123
2584099752	1449822142
1772778927	1449822149
2502205992	1449822164
1853167295	1449822186
1641127741	1449822341
2277529602	1449822345
1815042033	1449822371
1914663271	1449822378
2797372390	1449822461
1004997207	1449822498
2434575781	1449822547
1633172347	1449822571
1042246702	1449822644
1651160377	1449822689
3886342060	1449822694
1726978882	1449822758
2436781707	1449822779
5439471152	1449822833
1434670513	1449822838
1795871207	1449822871
3305892415	1449822872
1409176697	1449822944
1803810595	1449823034
5533875277	1449823047
3959427135	1449823107
1783813640	1449823120
1390513920	1449823150
1771545105	1449823218
5730633419	1449823327
3235747924	1449823392
1639546670	1449823413
1340646470	1449823491
3364969030	1449823549
1473793110	1449823550
1650293873	1449823564
2028159761	1449823724
1701538501	1449823738
2811438477	1449823789
1310548172	1449823799
5634188502	1449823884
2826518315	1449823907
3576101304	1449823914
2925445907	1449823945
5076019650	1449823991
1849924523	1449823991
1421140994	1449823993
5656590442	1449823995
2045641733	1449824304
2770780737	1449824315
3514499792	1449824490
2645269593	1449824695
2112459364	1449824888
1800644433	1449825052
2003860573	1449825116
5099544754	1449825125
3863418096	1449825390
1701538501	1449825417
2788244842	1449825486
3759216881	1449825537
1893725952	1449825613
3474208044	1449825770
1936352531	1449825856
2902205657	1449826223
1892457530	1449826273
1616430541	1449826455
1437857051	1449826499
2856691690	1449826662
1801340455	1449826670
1748809930	1449826998
1628431657	1449827151
1628431657	1449827201
2510427112	1449827265
5123180298	1449827653
3958331208	1449829432
1685430547	1449829435
2600193630	1449829450
5334314629	1449829589
3056257747	1449829963
2900293821	1449830047
3975549036	1449830066
1788584097	1449830874
3002799101	1449830964
1825975570	1449831407
2239040765	1449831491
2098455447	1449832031
1295407761	1449832886
1745174032	1449833136
2291825187	1449833701
1495137935	1449834040
1335731132	1449834217
1029099957	1449834233
2996089145	1449834621
2488536734	1449835043
5281130564	1449835710
1955637122	1449836804
1971872445	1449837114
2421924422	1449838230
1784163721	1449838938
5562517172	1449839748
1942791920	1449839860
3870566181	1449839864
2033182524	1449839949
5301420472	1449839978
1952766527	1449840053
2270637335	1449840089
1933853043	1449840230
1933060631	1449841113
1769996674	1449842282
1032898557	1449842287
3178091840	1449843042
2991642127	1449844299
1657754114	1449844438
1702681957	1449845807
3727427780	1449846078
3292872572	1449846592
1840259025	1449847519
2717306851	1449848626
5096556302	1449849236
2877426150	1449849448
5393207381	1449857204
5095069633	1449862122
3185504152	1449885552
2648926845	1449887599
2614860200	1449905888
5590675347	1449908799
1686991454	1449913388
1773414324	1449918652
3212960363	1449921560
5489417512	1449923432
5720943441	1449929655
1361437701	1449930022
1550158651	1449998981
3693559772	1450049567
1778422911	1450061684
1029099957	1450061954
2700901632	1450783940
5562517172	1450882552
