1618051664	1448080494
1854175743	1448080531
1210750472	1448080538
2212232771	1448080547
1700764041	1448080549
1911938262	1448080551
1704253895	1448080561
1658769177	1448080586
5346027518	1448080589
2605836564	1448080595
2318380025	1448080596
1272945611	1448080607
5480792265	1448080608
1410577322	1448080609
1809516875	1448080620
1213925802	1448080627
5233311650	1448080631
1777350674	1448080631
1320240187	1448080632
2412062185	1448080632
1781357615	1448080633
5409497277	1448080634
1783153624	1448080635
1789733564	1448080637
1402571141	1448080637
1670421223	1448080639
2724317134	1448080645
2451471170	1448080648
2681432117	1448080651
2024210162	1448080654
1678870181	1448080670
1933330177	1448080673
1794519230	1448080674
1547450990	1448080674
5050916510	1448080678
2154228785	1448080679
2150103500	1448080684
1870020982	1448080685
2127117587	1448080695
2843675420	1448080700
1490935571	1448080700
1991877175	1448080704
2179199283	1448080713
3810297606	1448080714
1730553651	1448080718
1053795423	1448080725
1758773961	1448080731
5481810667	1448080733
1712750532	1448080734
1793563424	1448080734
1497667441	1448080735
1489970920	1448080738
2618266931	1448080740
1766610544	1448080741
1661873982	1448080741
1223398811	1448080745
2213931423	1448080749
1751838137	1448080749
3547018125	1448080755
2796037263	1448080761
1753091525	1448080764
2623692803	1448080766
1901265705	1448080767
1275517283	1448080767
1758793351	1448080770
2688446121	1448080770
1234865357	1448080772
1414095264	1448080772
1740140444	1448080776
1758370891	1448080777
1732899237	1448080777
1881424547	1448080785
1635220702	1448080788
1748217623	1448080789
1492881525	1448080791
1436600821	1448080793
3376747590	1448080795
1829511831	1448080796
2163960277	1448080800
1847225947	1448080802
5713639772	1448080802
1648250057	1448080809
1798916275	1448080813
5012605624	1448080813
2291705102	1448080815
1748157225	1448080820
5593572199	1448080822
2813389091	1448080822
1896000505	1448080835
1819846527	1448080840
2050570583	1448080843
1181848435	1448080846
1305836974	1448080849
1825750391	1448080849
5317724080	1448080866
1963151537	1448080872
2823546640	1448080873
1217474275	1448080873
1224507062	1448080877
1786505790	1448080878
3991906384	1448080881
1784651867	1448080883
1401971914	1448080885
2175782253	1448080888
3286581302	1448080890
1094835580	1448080891
2259536103	1448080891
2657439230	1448080891
1791301855	1448080893
2363756387	1448080895
1110388834	1448080901
2277656310	1448080901
1240437680	1448080904
2135427555	1448080911
1863668134	1448080912
1794717804	1448080918
1744074131	1448080918
1906956172	1448080918
1145920875	1448080922
1262276210	1448080926
1712195664	1448080934
1866347251	1448080934
2806123461	1448080934
1739873433	1448080950
1697374661	1448080951
1937082453	1448080956
2074846880	1448080958
1886436832	1448080959
1634365454	1448080960
2259536103	1448080961
5172288805	1448080964
2608383087	1448080965
1571024937	1448080966
2701211750	1448080968
1212281343	1448080976
1450051535	1448080980
1682827481	1448080984
1848653431	1448080986
1105989411	1448080989
2815876565	1448080990
1652452091	1448080992
1737518367	1448080992
2251889740	1448080993
1760595955	1448080999
1851099815	1448081005
2014431377	1448081007
3678674222	1448081008
5259176435	1448081008
1750003960	1448081016
2403835217	1448081026
1665163352	1448081027
2838174161	1448081032
1963151537	1448081036
1896590114	1448081039
2133380040	1448081040
1689590704	1448081046
2032238607	1448081048
2853899297	1448081049
2451434853	1448081053
5311238595	1448081056
1903742267	1448081058
2246379231	1448081063
2164710804	1448081068
1739997480	1448081069
2266828580	1448081074
5581425654	1448081077
1712785282	1448081078
2694863485	1448081082
1766082750	1448081084
1644218082	1448081088
1140365563	1448081090
1343295451	1448081098
1658156200	1448081100
1426092904	1448081101
2308283873	1448081104
1410359154	1448081106
1656847295	1448081106
5379212136	1448081116
1979131723	1448081116
1877405305	1448081118
2650793283	1448081122
1784410513	1448081128
1652638102	1448081128
2174969567	1448081135
1758528415	1448081139
1797952057	1448081149
1186962305	1448081162
2699878970	1448081165
1420673733	1448081170
1806319284	1448081173
1781291260	1448081179
1689351810	1448081186
2866292440	1448081191
5756215701	1448081191
1074305942	1448081205
1736055471	1448081207
1803743537	1448081211
2816214390	1448081219
2695432314	1448081221
2684353701	1448081221
1246639234	1448081224
5451225510	1448081226
1761573023	1448081227
1771119925	1448081230
1989927125	1448081232
1876459155	1448081233
1257343427	1448081241
1653055994	1448081246
1663145322	1448081252
1084222705	1448081252
2565809155	1448081253
2058363940	1448081253
2487312213	1448081254
1887921195	1448081255
2596177974	1448081259
1487739994	1448081259
1946021112	1448081263
1750787910	1448081263
2072092863	1448081264
2081785477	1448081279
2871100241	1448081280
2595866773	1448081280
3712403815	1448081283
1629429860	1448081284
1735254814	1448081301
3214046607	1448081308
2500986994	1448081308
1001796940	1448081309
1373283792	1448081317
2219330700	1448081318
2619591495	1448081323
1869730453	1448081328
1405330044	1448081334
2511838444	1448081337
1558555104	1448081338
1403888403	1448081340
1650876460	1448081344
1004249394	1448081346
1761538150	1448081348
3702836700	1448081362
1732163472	1448081363
1407978964	1448081370
3279391832	1448081371
1795840737	1448081382
2106629681	1448081386
2483649737	1448081386
1992073251	1448081389
1957233203	1448081390
3187077327	1448081391
1495195963	1448081398
2041840054	1448081398
2812611637	1448081402
1648060003	1448081414
2436926755	1448081420
1646359303	1448081422
1569967793	1448081423
1861580442	1448081426
1829174844	1448081432
2576908265	1448081434
1433473213	1448081438
2208726011	1448081440
1761289347	1448081444
1536896915	1448081450
1574782793	1448081455
1173831803	1448081456
1647990353	1448081457
3829197723	1448081458
1431054471	1448081464
2182219130	1448081467
1404800455	1448081473
5508879284	1448081479
1213551201	1448081496
1363226304	1448081496
1752698584	1448081496
1622235451	1448081508
1563648365	1448081516
3905916047	1448081522
5742212063	1448081526
1169970413	1448081536
2586239814	1448081540
5037858803	1448081541
1855310221	1448081545
1965201797	1448081547
1422510662	1448081551
1467356725	1448081557
1155822794	1448081560
2398305283	1448081565
1157883037	1448081567
3052667547	1448081575
1482984297	1448081588
5713704597	1448081591
1772899840	1448081592
1251721464	1448081594
5150095597	1448081595
1835727762	1448081611
1986955841	1448081611
3777049653	1448081615
2029739795	1448081627
1072500893	1448081631
1414205313	1448081632
1987082983	1448081634
1782681807	1448081638
2995522565	1448081642
1770961754	1448081642
1771616307	1448081644
2538182744	1448081658
2952508695	1448081663
2158360367	1448081670
1011188714	1448081683
1624401940	1448081693
5742340176	1448081696
2587236972	1448081716
2290846783	1448081717
1798761781	1448081718
1251410333	1448081719
2815427720	1448081720
3866399913	1448081727
2457714062	1448081731
1869327391	1448081740
1420849630	1448081744
2209863580	1448081746
2685271072	1448081755
1900991781	1448081755
2553058454	1448081763
2130061255	1448081766
2387448274	1448081768
2183749940	1448081769
2549776744	1448081775
2269950015	1448081785
1334734741	1448081808
3501749405	1448081808
1401805260	1448081812
2674853574	1448081817
1228016545	1448081830
5033794397	1448081836
1791112344	1448081844
2421480904	1448081848
1221334250	1448081848
1868719057	1448081850
1742403603	1448081860
2723663500	1448081862
2136554115	1448081863
1576321594	1448081870
1798260015	1448081871
1076433443	1448081879
1787501405	1448081880
1899345605	1448081882
50793999	1448081884
2247654585	1448081891
1866837471	1448081906
1868065861	1448081917
1733697410	1448081917
1237486315	1448081949
1891145085	1448081950
1685173355	1448081954
2374953687	1448081962
1289027635	1448081983
1910929133	1448081988
1821920447	1448081995
1976239067	1448081996
1761160177	1448082005
1191735220	1448082023
1763253410	1448082024
1766070487	1448082027
2881570234	1448082032
1898646463	1448082039
2816842523	1448082047
2722661915	1448082049
1797280704	1448082054
1401031091	1448082057
1258337652	1448082059
1954187827	1448082061
1761613311	1448082061
1775058965	1448082077
1779346145	1448082077
2447783627	1448082084
3193352891	1448082085
1083408515	1448082129
2164498840	1448082131
1707534163	1448082136
1830123150	1448082148
2684569483	1448082148
1324307571	1448082162
1696142433	1448082166
2803074925	1448082183
1736399787	1448082192
1829464883	1448082197
2868227090	1448082207
2635569250	1448082210
1493496673	1448082211
5433263140	1448082233
2076079700	1448082234
1980217227	1448082239
2159224124	1448082245
3185480732	1448082250
1774769754	1448082254
1897458731	1448082262
1766638540	1448082264
1650499775	1448082275
1652930204	1448082289
1705943831	1448082290
1276883124	1448082293
1420085262	1448082294
1764057130	1448082303
1343295451	1448082314
2142247603	1448082320
1628346785	1448082324
1680533355	1448082333
1781816634	1448082345
2371676460	1448082353
2733492781	1448082359
3072367743	1448082363
1746846074	1448082368
1782662115	1448082376
1685661375	1448082378
1322648402	1448082384
1454560380	1448082387
1974469967	1448082396
2067920755	1448082400
1758905513	1448082402
5261888348	1448082411
1919148155	1448082411
1340873914	1448082417
2830354190	1448082428
3122028257	1448082430
1880597634	1448082436
1669764762	1448082436
2706426184	1448082439
1757901283	1448082442
1747299091	1448082452
1794017430	1448082461
1237701555	1448082465
2723808523	1448082469
5715127418	1448082482
5642457204	1448082485
1685571273	1448082486
1778471201	1448082490
2623881207	1448082495
1967640767	1448082502
1846442333	1448082509
1876650807	1448082522
2326202691	1448082524
1730514905	1448082528
2029438617	1448082528
2463091075	1448082538
1911495942	1448082550
2780201277	1448082551
1086139135	1448082561
2256297320	1448082579
3201738595	1448082608
1661764605	1448082613
1722033764	1448082613
5280166917	1448082626
3184629083	1448082626
3171282450	1448082638
3479790804	1448082670
1407509125	1448082679
2461988711	1448082701
1761012484	1448082712
1464715551	1448082712
3407506322	1448082715
2348848690	1448082716
3933040517	1448082723
1769212407	1448082741
2365698282	1448082746
1812574295	1448082756
5232163430	1448082756
1240455843	1448082757
2282853825	1448082762
2625975977	1448082766
1786117125	1448082773
1620112941	1448082803
1308660837	1448082821
1047754324	1448082822
3832172777	1448082829
1878861072	1448082856
5289789453	1448082859
1848634261	1448082880
1838322503	1448082890
1639446473	1448082899
1912515113	1448082936
1865125881	1448082945
1829464883	1448082950
1834068830	1448082958
5517942298	1448083020
1615955747	1448083028
1630477680	1448083069
1756888261	1448083069
5720943441	1448083070
1775733291	1448083080
1168903185	1448083083
2422985357	1448083089
1501680734	1448083091
3810496204	1448083099
1406876215	1448083113
5707168841	1448083156
1653004741	1448083173
5272590405	1448083201
2690235144	1448083216
1880447930	1448083222
5720943441	1448083223
1549185332	1448083228
2351099361	1448083234
1788376181	1448083250
1737739775	1448083254
2388311865	1448083269
1691652192	1448083294
1677793882	1448083311
2303146341	1448083332
1678453174	1448083362
1819489271	1448083368
2213678454	1448083374
3125827441	1448083395
2199282900	1448083399
1901195690	1448083446
2251921667	1448083457
2174748005	1448083500
1988125947	1448083610
1979131723	1448083643
1096989213	1448083648
2643718062	1448083650
2509408114	1448083652
3482597362	1448083652
2548661150	1448083663
1891246423	1448083666
2182864995	1448083704
1707027110	1448083708
5690991549	1448083710
1065957721	1448083714
2791772765	1448083722
1650287851	1448083778
1347218690	1448083813
5747131003	1448083816
1854584637	1448083823
2198092650	1448083854
1855355850	1448083864
2476625990	1448083875
1284704621	1448083889
1406880504	1448083892
1868375645	1448083896
1738054750	1448083915
1809010430	1448083924
1857887010	1448083925
2686593580	1448083926
1932160551	1448083928
1662828937	1448083965
1261531020	1448083995
2789567930	1448083997
1936973592	1448084005
2098176473	1448084016
2267287885	1448084020
1868375645	1448084033
2084289727	1448084042
5096210628	1448084042
1437150860	1448084070
1391523911	1448084078
2387821221	1448084079
2690390711	1448084103
3192268732	1448084132
2678637497	1448084163
2954276517	1448084190
3812081534	1448084239
1462933201	1448084255
1274196955	1448084283
1400626284	1448084284
5189270921	1448084300
2033200354	1448084307
1483272675	1448084309
1709514967	1448084316
3085004754	1448084344
1746844643	1448084375
2338177524	1448084407
1032898557	1448084411
1936264611	1448084419
1948127141	1448084442
2510842664	1448084463
1891744385	1448084466
1692207777	1448084482
1598899642	1448084487
1729858404	1448084489
1167182783	1448084495
2171505774	1448084498
3185071282	1448084515
2620138374	1448084539
1962338405	1448084544
1814681974	1448084548
1652930204	1448084553
2025627557	1448084566
1495469994	1448084589
2339817243	1448084629
3199397263	1448084631
2413878161	1448084654
2480239134	1448084703
1989349171	1448084707
1657037710	1448084765
1401003280	1448084767
2660857623	1448084773
1672064962	1448084780
1495469994	1448084781
2721332531	1448084853
1996095627	1448084943
2022507367	1448084946
2108338554	1448084954
1411860073	1448084959
2280989300	1448085010
1683979261	1448085035
1294966095	1448085139
1400652840	1448085190
1406278680	1448085229
1497014440	1448085237
1835469861	1448085273
1423787865	1448085307
1824180754	1448085317
1650083562	1448085330
1818721903	1448085394
3266794005	1448085459
2161707254	1448085460
1668830731	1448085482
1642017537	1448085484
1780020181	1448085489
1658243947	1448085520
1921759235	1448085535
1670987801	1448085547
5733210569	1448085636
1088343803	1448085650
1659858180	1448085679
1234774684	1448085679
1102113554	1448085680
3334423064	1448085704
1250996204	1448085743
1653052025	1448085798
2603216935	1448085831
1427275292	1448085851
1415974812	1448085923
3895419055	1448085943
1406597313	1448085945
1879807083	1448085985
1859636904	1448086039
1906392933	1448086040
2170420690	1448086074
1891636502	1448086080
1269285350	1448086122
1806430874	1448086150
1492718855	1448086273
1495158337	1448086274
2316725723	1448086300
1952863775	1448086311
1639299722	1448086341
1744191387	1448086363
2766978213	1448086400
1231169392	1448086422
2508808763	1448086433
2806440691	1448086486
1206109060	1448086517
1678542912	1448086558
2823172420	1448086586
2924815101	1448086661
1865467474	1448086728
2316326965	1448086729
1944293175	1448086730
1960490365	1448086745
1648492863	1448086871
5204015196	1448086899
1477438912	1448087102
2594259834	1448087155
2874824370	1448087204
1336434950	1448087265
2290603630	1448087268
5510214082	1448087389
1924557537	1448087435
2104265552	1448087592
1838284934	1448087600
2616979513	1448087622
3276423850	1448087750
1992319547	1448087876
1731141821	1448088077
1682747184	1448088088
1662957707	1448088099
1882574454	1448088174
2330347735	1448088180
1060791803	1448088193
1419617281	1448088301
1692753382	1448088318
1870156803	1448088354
1106416435	1448088423
1884622374	1448088437
5405669924	1448088475
2037838943	1448088505
3237191990	1448088558
1831972970	1448088634
1460183184	1448088675
2541139682	1448088729
1303268225	1448088978
1833907833	1448088989
1256807463	1448089008
1408588822	1448089023
1891279131	1448089077
1852071544	1448089139
3619114812	1448089149
1778739135	1448089180
1493154585	1448089274
3165912697	1448089520
1756630001	1448089530
272104064	1448089530
2116099384	1448089671
1726796257	1448089880
1216025173	1448090022
2169191795	1448090059
2056489621	1448090132
1992985082	1448090164
2824748704	1448090281
2785815847	1448090369
1990045271	1448090384
5483837672	1448090479
2263446434	1448090541
5256909806	1448090753
1496878971	1448091023
3168281913	1448091222
2460755814	1448091236
1313192535	1448091383
1718478584	1448091631
1356164322	1448091784
2758669851	1448091861
1797872337	1448092121
2864433924	1448092236
2318028647	1448092249
2002674207	1448092263
2676018224	1448092351
2205176505	1448092498
1646966053	1448092802
1732515120	1448093020
2824304532	1448093022
1769183214	1448093246
1256541792	1448093407
1528250204	1448093618
1943338360	1448094067
1403081720	1448094128
1894534495	1448094208
5459700747	1448094356
3157342150	1448094477
1804317137	1448094504
2948209024	1448094773
5149326855	1448094795
2665914731	1448094798
5067109769	1448094839
3906129077	1448094889
3667227471	1448095131
5150285863	1448095264
3045678905	1448095267
5461420222	1448095318
1815210827	1448095629
1456364313	1448096070
1404960394	1448096173
2972060300	1448096269
2972060300	1448096367
5601575818	1448096444
5126405812	1448096456
2925792562	1448096505
2972060300	1448096653
2972060300	1448096666
2493838365	1448096797
1308336264	1448096895
2930329334	1448097344
1047849511	1448097376
1882343343	1448097447
1881058731	1448097666
1960014203	1448098012
1017985247	1448098086
1549092207	1448098237
1554313097	1448098474
1842827187	1448098847
2089280094	1448098932
1656589967	1448098955
5604969146	1448099073
1598490993	1448099165
1733941564	1448099267
2642272943	1448099538
1410235754	1448100480
2152557595	1448100953
3152343470	1448101291
1305440407	1448101409
1878385413	1448101480
1887705365	1448101644
2868674210	1448101701
5671382458	1448101825
1887705365	1448101859
1767941355	1448102240
1781418412	1448102341
3118554515	1448102435
1235579605	1448102742
1871327682	1448102945
1504891251	1448102954
2089685801	1448103196
1961296711	1448103626
2122204567	1448103669
2603598772	1448104429
1618785455	1448104816
3754768071	1448105536
1922983055	1448105553
1272790921	1448105682
1397343784	1448105865
2791746873	1448106064
3193714932	1448106643
1489605957	1448108300
2255163752	1448108736
2856850095	1448109323
1900813345	1448109513
2021861393	1448109785
1816287640	1448110397
3756554160	1448110673
1712725041	1448110729
3046027111	1448110915
2035604784	1448111566
5280717961	1448111959
3014635185	1448112335
1170587521	1448113113
1899935801	1448115097
2865716334	1448115345
1733357470	1448115978
3835627580	1448119455
1713917400	1448120202
5357936690	1448120676
3563246660	1448121558
1537396952	1448123887
5095544036	1448136000
1408917182	1448146014
3212050951	1448148616
3110174147	1448148707
2299597814	1448149074
2299597814	1448149136
2584471900	1448149526
2258049675	1448151066
1677313402	1448152440
1840285864	1448155935
1252688573	1448156126
1411813125	1448159527
3194026623	1448160770
1251215244	1448161226
1443989460	1448162452
1434638595	1448168165
1352960524	1448171834
2817207002	1448182275
1761588773	1448184241
2672176397	1448200758
5361794054	1448204121
1865530342	1448206858
1426046582	1448234733
2530121442	1448241410
2018892900	1448246101
1448070090	1448253692
1650711207	1448260681
1302263233	1448272997
3988272525	1448276421
2065310541	1448322245
5565180417	1448325288
1037428131	1448383948
2260641884	1448535394
3110174147	1448772451
1843976255	1448772606
2205944855	1448849933
