1642591402	1448154250
1911114863	1448154291
1668010741	1448154307
2468540155	1448154310
1938489154	1448154311
2009966437	1448154322
2534983020	1448154330
2736831785	1448154331
3863679651	1448154331
5694614146	1448154345
5519467853	1448154347
1102161760	1448154350
5099341661	1448154354
5082175766	1448154363
2695285873	1448154377
3517495714	1448154384
1376432213	1448154385
2676437611	1448154394
2939852317	1448154428
3209648190	1448154436
3625849853	1448154439
2665329083	1448154447
5323254491	1448154456
2824724414	1448154474
5655317449	1448154502
1903543937	1448154504
1198443664	1448154530
1823734504	1448154533
2152063727	1448154575
1864295515	1448154599
2813101584	1448154648
5698557616	1448154655
5327566012	1448154659
2859631362	1448154695
3224749273	1448154718
5664157478	1448154720
2630911800	1448154746
1266240352	1448154746
2785251951	1448154758
5614399131	1448154774
3597972324	1448154780
3994861822	1448154808
5261940506	1448154843
1573677497	1448154844
1798115711	1448154844
5170348347	1448154892
5534660653	1448154988
1878131602	1448155025
2026024305	1448155057
2790189567	1448155081
2717926967	1448155098
1056490797	1448155106
1154955310	1448155110
2216134734	1448155140
1846109322	1448155154
1781629822	1448155164
1767114143	1448155237
2091248804	1448155246
2916386731	1448155258
1655315654	1448155261
1627810462	1448155293
5690328995	1448155299
5489962784	1448155328
2184737493	1448155331
1854743504	1448155332
2119241814	1448155373
3958448251	1448155380
1932218255	1448155397
5236432291	1448155526
2736907345	1448155533
1677257833	1448155582
5107711726	1448155600
2340962635	1448155605
5159081843	1448155615
2058238951	1448155672
1701347767	1448155678
1518732902	1448155688
1693259883	1448155700
2698103890	1448155710
1564157805	1448155756
1640905393	1448155769
2037257265	1448155775
3949551045	1448155783
1962965923	1448155783
5176368496	1448155835
1673656277	1448155840
5130157292	1448155849
1903875813	1448155865
1680954192	1448155872
5767675652	1448155881
1814406163	1448155918
1863128462	1448155952
2016208395	1448155975
5173610500	1448156009
1671960531	1448156080
2253347161	1448156084
5729805287	1448156088
1789375801	1448156099
1115534354	1448156128
2097568495	1448156130
1724313400	1448156154
1832831690	1448156158
2829361824	1448156162
5250085218	1448156216
1900223465	1448156218
5443383244	1448156227
1300085380	1448156228
3164647160	1448156245
1912794855	1448156246
1569237935	1448156260
2057670223	1448156320
5451767121	1448156424
2188192264	1448156445
2931824225	1448156498
3180071011	1448156549
3213692521	1448156566
5734447447	1448156580
2718696855	1448156587
3181264742	1448156647
1271099122	1448156660
1141735855	1448156665
1796890884	1448156682
3234203250	1448156695
1839912081	1448156733
3227706301	1448156734
5379289521	1448156738
1415012984	1448156742
1679356344	1448156758
1194381330	1448156802
2758783122	1448156934
1657703210	1448156939
2528246632	1448156957
1812574295	1448156959
1776956925	1448156966
1898326164	1448156967
2159698653	1448156976
2693563461	1448156994
1700035450	1448157009
2836250837	1448157073
1966847181	1448157087
1804430510	1448157136
2603216935	1448157202
5713752084	1448157204
2450884660	1448157219
2089713601	1448157299
1178477793	1448157314
1589647445	1448157324
2092122387	1448157348
1263077904	1448157403
2203282600	1448157431
2155925820	1448157442
1858334822	1448157457
5409369600	1448157468
1717610084	1448157481
5668982353	1448157498
1739513087	1448157543
2218381197	1448157620
2460414764	1448157654
3105975441	1448157666
1751562110	1448157739
2400753617	1448157740
3169934813	1448157769
2170997333	1448157805
1844534913	1448157815
1975065475	1448157947
3772438852	1448157953
5251656839	1448157967
1681074744	1448158092
1883122402	1448158340
3639969840	1448158400
5133992233	1448158491
5343057834	1448158887
1825664957	1448158889
2719292134	1448159057
1657143150	1448159301
1244362051	1448159320
5693122704	1448159376
5690931868	1448159624
3880758786	1448159677
3279477377	1448159691
5187864915	1448159714
1986662171	1448159716
2060785187	1448159764
3074194651	1448159771
1925200097	1448159836
2581927730	1448159916
1796303821	1448159973
2474752987	1448160072
1866887770	1448160104
1765642230	1448160146
5677508479	1448160196
5305241761	1448160250
1677662724	1448160282
5666227703	1448160291
2175540127	1448160354
3211102070	1448160388
2736419751	1448160463
1659818055	1448160480
1799763832	1448160490
3788505673	1448160554
5474848174	1448160561
1774403342	1448160662
2710680291	1448160736
2752596977	1448160835
2289886811	1448160895
2301674862	1448160929
1733986353	1448160951
2249231517	1448161004
1739256711	1448161088
1492830464	1448161197
2004150161	1448161227
5230920060	1448161271
3953737076	1448161309
2747303077	1448161366
1181860912	1448161479
1742019857	1448161515
5074836360	1448161572
3854723255	1448161644
2989962234	1448161665
2103692430	1448161685
5360906545	1448161761
1670357523	1448161769
3095623127	1448161777
1358893855	1448161798
2011113582	1448161870
2307583813	1448161873
1647878082	1448162038
3242313362	1448162115
1657590997	1448162120
2823367330	1448162207
5376661693	1448162259
2971637815	1448162365
1840729494	1448162422
1742863070	1448162448
5509581662	1448162530
2739194043	1448162579
1627506583	1448162618
3247459495	1448162664
5734318912	1448162712
1573246521	1448162837
2608393273	1448162842
1788194001	1448162877
1356137865	1448162994
5668979496	1448163166
1871693750	1448163219
5647796313	1448163320
5672491441	1448163383
2701817142	1448163407
1419153581	1448163413
5468246290	1448163483
1950494172	1448163633
1777554607	1448163774
1922024067	1448163852
5312913826	1448163906
3219707332	1448164122
2790600962	1448164166
1716311704	1448164205
1627058667	1448164407
1834284742	1448164495
1576388494	1448164542
1869908114	1448164636
1706274245	1448164760
1427864321	1448164763
5697784586	1448164876
1402366681	1448164922
1844632497	1448164987
3204446800	1448165109
5456923447	1448165110
5485086171	1448165114
5178089912	1448165224
5732621534	1448165607
5154686465	1448165653
2035423041	1448165885
2554805961	1448166032
2439509921	1448166041
2673192695	1448166135
1645934194	1448166295
1017144087	1448166580
5018744925	1448166692
1114331715	1448166923
1649670037	1448167059
2960763217	1448167092
1785372870	1448167629
2462835091	1448168003
2321175331	1448168716
1252510467	1448168845
5178828954	1448168851
5703541802	1448169257
2124540440	1448169820
5151378100	1448171554
1597372532	1448172149
1896346302	1448172287
5207050122	1448172658
1196741050	1448172799
2343499125	1448173598
3165155941	1448174083
1764718971	1448174741
5534000838	1448175025
1597592071	1448175330
5221506601	1448175347
1009257801	1448175401
2624375650	1448176399
3961098931	1448177753
5705348400	1448177878
1751540424	1448177997
2190378295	1448178965
1791335542	1448179534
3221192943	1448179799
3207538910	1448180439
1596628982	1448180802
2643708193	1448181730
5712875518	1448182272
3299563073	1448182480
5627923549	1448182620
5195628353	1448182703
2000910227	1448185354
1789844597	1448185691
1729136604	1448185913
5677255173	1448187429
1727735641	1448187898
5747225996	1448187928
2045387365	1448188024
5265090462	1448189931
1666377101	1448190707
5669105302	1448199685
3613144343	1448199746
5600454026	1448199955
5743329852	1448200645
1778101281	1448201795
2338712992	1448203016
5699323696	1448203958
5748182225	1448204949
1370475491	1448209188
2058630170	1448209424
2557897202	1448213681
5719146579	1448232703
5726033897	1448233279
5744976127	1448234684
3976929692	1448234694
2252923837	1448239980
5669105302	1448240028
1627616224	1448243676
1861514512	1448243810
5323475439	1448249780
5331138787	1448250657
5744793359	1448263877
5627923549	1448266743
5679486842	1448280387
1913978770	1448302002
1846512605	1448332317
1784203207	1448339015
1891681863	1448369023
5751757871	1448418546
1966251687	1448505056
5753802969	1448516200
2760883193	1448527799
