2328516855	1447123685
2805394022	1447123698
1667178250	1447123715
1585310531	1447123726
5577804268	1447123734
1632709034	1447123746
5738453484	1447123746
1012722170	1447123751
1078657314	1447123754
5509549377	1447123758
1811591187	1447123762
5713516556	1447123787
2579336842	1447123790
1745871593	1447123791
5058578963	1447123793
5491650341	1447123797
5133426008	1447123797
1862375657	1447123802
1687512431	1447123802
2264336313	1447123807
5365804100	1447123810
5336390092	1447123827
1747649980	1447123831
5585382745	1447123848
1862375657	1447123849
3964274164	1447123854
2134947590	1447123870
2835918032	1447123871
1649670037	1447123874
2084273971	1447123881
2967279755	1447123891
1687793794	1447123892
1418515322	1447123899
3676007834	1447123900
1497259341	1447123905
1661574582	1447123910
1668285003	1447123911
3616645802	1447123917
2696044050	1447123923
2177959445	1447123934
1968075004	1447123944
1804179183	1447123949
2627477115	1447123971
3824117007	1447123983
2178851732	1447123990
5612221972	1447123990
1911591150	1447124008
3224245772	1447124020
1689393053	1447124020
1752509617	1447124023
2662582534	1447124024
5492797492	1447124059
5671951550	1447124064
2462184135	1447124072
5714573079	1447124078
2979483465	1447124101
1887581257	1447124109
1693582421	1447124115
5703298081	1447124117
5076183710	1447124120
1277780511	1447124121
1221275274	1447124124
3858479333	1447124127
1628489060	1447124129
5255021874	1447124132
3305295663	1447124135
1681577333	1447124159
5692741047	1447124168
2125756600	1447124172
2880531362	1447124173
1875301013	1447124176
1760542722	1447124181
3975079095	1447124182
3224245772	1447124189
3646281507	1447124194
3689609485	1447124206
5608713397	1447124217
5028611825	1447124231
2062204527	1447124236
2987073672	1447124264
2142647450	1447124278
1919546593	1447124282
5510567239	1447124293
1780021887	1447124295
3947471189	1447124295
1405759702	1447124306
2611745437	1447124337
1935043342	1447124345
2426100240	1447124350
3106812265	1447124357
1927932711	1447124367
1357894255	1447124374
5392487380	1447124380
1935944663	1447124381
1945124915	1447124393
1828588795	1447124400
1790312437	1447124413
2921958775	1447124421
2094636725	1447124427
5547740444	1447124428
5747641066	1447124429
1167188971	1447124431
5558750878	1447124446
1629722057	1447124453
5725380753	1447124458
1733683772	1447124470
1074834501	1447124473
2329267931	1447124476
2332582400	1447124482
2309980427	1447124486
1853370043	1447124489
1756320455	1447124490
2648359244	1447124497
1955871881	1447124498
1249670445	1447124512
1834882555	1447124519
2142647450	1447124519
3830376257	1447124521
5379264439	1447124528
3881324489	1447124534
2203355000	1447124589
2484912091	1447124608
5623065584	1447124617
1434290455	1447124626
5667984592	1447124628
1802514452	1447124629
2470500395	1447124647
5330465329	1447124650
3003417781	1447124650
3231819564	1447124660
2098250032	1447124676
1903932373	1447124709
3423722420	1447124712
5214076778	1447124719
5415202239	1447124727
3211123144	1447124730
1790772843	1447124743
1402692380	1447124776
3855594554	1447124788
2974466165	1447124799
2974466165	1447124808
3909382920	1447124808
3187898897	1447124809
2974466165	1447124825
5500678592	1447124828
2974466165	1447124831
5199547124	1447124856
2974466165	1447124868
5520688276	1447124869
5537118746	1447124948
1660742672	1447124949
3301150921	1447124961
2499653137	1447124966
2974466165	1447124971
3211710521	1447124990
5540954531	1447125001
2065268104	1447125042
2633729610	1447125057
5218198569	1447125063
1157122692	1447125064
1275086697	1447125091
3787126342	1447125092
3612060127	1447125093
1877312774	1447125142
1959744823	1447125171
2305129367	1447125182
5070756530	1447125189
5622351712	1447125196
1764209713	1447125210
5577160770	1447125225
1758623003	1447125234
3206674780	1447125275
2301501902	1447125278
3494349301	1447125287
2997635981	1447125305
1564019125	1447125365
1300750002	1447125367
1836442742	1447125370
3025961755	1447125384
1496438664	1447125385
2237210045	1447125407
1709425160	1447125419
2817259910	1447125446
1790911765	1447125505
5727209440	1447125509
1784178264	1447125526
2528228363	1447125529
5012855646	1447125548
1630085305	1447125553
1187327167	1447125586
1810572842	1447125596
1400652955	1447125596
1854389301	1447125641
1984076701	1447125642
1228151340	1447125660
3219893670	1447125760
5521672189	1447125784
1849848445	1447125784
2116968374	1447125819
1865515333	1447125872
1231057983	1447125880
2685020263	1447125898
2800245142	1447125907
5252070415	1447125909
3188949103	1447125910
2560988177	1447125935
5742890468	1447125945
3102119734	1447125969
2645905643	1447125974
1697241354	1447125987
1639518185	1447126003
2299597814	1447126012
2698702783	1447126058
1615440402	1447126077
1426556555	1447126086
2405340425	1447126088
2634432897	1447126102
2405340425	1447126129
1926666445	1447126175
1809339805	1447126190
1678440287	1447126202
5635538117	1447126224
3257932995	1447126267
1853241552	1447126272
2676363651	1447126275
2857811674	1447126313
1758328405	1447126327
5644304687	1447126360
1877179875	1447126371
1700951381	1447126454
1216260507	1447126479
3886652445	1447126527
5383567360	1447126528
1735882701	1447126543
1259201172	1447126567
3314368323	1447126570
1582114312	1447126571
5718316619	1447126585
1960035641	1447126601
2596588041	1447126606
1792702427	1447126626
1892432347	1447126626
1991351114	1447126646
2858905710	1447126649
3845348911	1447126651
2095432332	1447126655
3257932995	1447126662
2645905643	1447126663
1854472357	1447126665
2512945020	1447126679
2595964530	1447126696
3152107130	1447126696
5067919140	1447126738
2652542630	1447126742
1962100711	1447126761
1681606392	1447126761
2368582907	1447126773
1653076903	1447126785
5208389247	1447126785
1758503923	1447126786
3128040443	1447126793
3156054361	1447126795
5340717365	1447126808
1924738303	1447126817
2728064700	1447126823
3499292402	1447126830
2481889781	1447126831
3814916248	1447126847
1900972027	1447126865
1793598110	1447126866
5578003096	1447126866
2505677344	1447126867
1974177154	1447126867
2917464307	1447126871
2023334217	1447126884
5170954690	1447126904
3910713196	1447126905
1734777590	1447126915
2278801030	1447126925
5634840892	1447126925
3057165651	1447126929
2254525504	1447126937
3183623430	1447126943
1646291713	1447126965
3936608528	1447126974
5518564085	1447126978
2797897871	1447126982
2508732032	1447126998
2413086622	1447127002
2810259201	1447127006
2734475960	1447127008
2193873952	1447127009
1930564784	1447127011
1883819290	1447127019
2613023433	1447127045
1896659695	1447127049
1779743852	1447127050
1744517610	1447127068
1746183410	1447127069
1312683317	1447127111
2654675691	1447127125
5698749440	1447127130
5633141573	1447127132
2857277424	1447127154
1970661423	1447127158
1918834690	1447127159
5297658085	1447127192
2953840737	1447127197
2656501802	1447127203
3253486367	1447127203
5536830046	1447127203
2703329751	1447127215
1136093815	1447127233
2792708150	1447127234
1804339173	1447127241
3218036347	1447127251
2109838955	1447127259
2450069107	1447127274
5425676019	1447127284
3121273754	1447127310
1988749671	1447127326
5679399281	1447127333
3209678071	1447127334
5736477662	1447127348
1825719227	1447127348
5630849477	1447127359
2981377293	1447127360
5592724863	1447127364
2661863221	1447127376
1407187474	1447127386
1211281692	1447127386
1895571803	1447127389
5657759886	1447127420
1643398985	1447127421
2716361341	1447127438
1765092982	1447127447
3624867045	1447127454
5220406710	1447127455
2641496911	1447127456
2662365560	1447127460
1883311080	1447127466
1659267523	1447127494
1418515322	1447127506
1779866862	1447127544
1972710181	1447127585
3236671642	1447127609
1825719227	1447127625
3095293853	1447127638
5208605691	1447127639
2450778680	1447127672
3923429126	1447127689
2029051551	1447127694
2435799462	1447127696
2435799462	1447127709
1847445885	1447127716
3690852307	1447127751
1821720012	1447127752
5349536344	1447127757
1920906732	1447127758
1925814367	1447127762
3731122964	1447127806
5280175604	1447127816
1814731194	1447127827
1751465945	1447127832
5234868733	1447127841
2315655415	1447127843
1800881581	1447127845
2787525710	1447127887
3820721735	1447127897
2972448492	1447127897
1948665302	1447127904
1253994634	1447127917
5611360309	1447127917
1597366144	1447127952
1302548795	1447127958
3730776935	1447127963
1403530912	1447127978
1705304693	1447128013
1271885342	1447128028
3199410551	1447128029
5311187411	1447128030
1673914487	1447128059
1084158082	1447128059
1957038980	1447128066
2594517390	1447128085
3227329853	1447128149
1887461902	1447128204
5593325653	1447128234
5210791826	1447128267
2041917143	1447128268
5582721888	1447128274
1814547400	1447128308
2274697114	1447128345
1746073754	1447128397
2662373783	1447128406
2647344131	1447128461
2685213051	1447128462
3255195002	1447128465
1647148411	1447128473
5245353172	1447128488
5724185974	1447128511
3514588950	1447128511
5347912568	1447128520
1043846901	1447128543
1497051862	1447128560
1861841970	1447128580
1998461912	1447128585
2321506255	1447128585
5736143195	1447128616
5347912568	1447128624
1734430753	1447128626
1730375790	1447128651
2511369261	1447128653
2322942210	1447128659
5056229870	1447128671
1670783493	1447128680
3810684899	1447128699
1235239827	1447128700
1457749987	1447128702
3317939797	1447128723
3281152935	1447128725
5747508117	1447128753
3148957932	1447128756
1739852447	1447128767
2065093307	1447128780
5454465195	1447128792
5466110565	1447128798
2832141242	1447128803
1803585782	1447128809
2480462632	1447128809
5282297930	1447128822
1985306110	1447128831
3170265425	1447128837
1807409344	1447128875
5239541626	1447128924
2597907162	1447128931
3686312200	1447128934
1406166785	1447128966
1780326511	1447128983
1541575700	1447128992
2596083300	1447129041
2559782037	1447129056
1724146774	1447129058
1761022321	1447129123
3192803412	1447129158
1463549995	1447129170
5646621325	1447129190
1667933451	1447129191
1780962613	1447129299
5725680219	1447129336
2053138807	1447129349
3239398635	1447129356
2815546387	1447129396
1774937554	1447129403
5025357454	1447129413
1321579582	1447129417
3590264222	1447129433
2367972431	1447129434
2083875571	1447129446
3740121431	1447129453
3713562084	1447129466
5708264147	1447129489
1939750862	1447129498
2480153835	1447129517
2067874803	1447129543
1925930493	1447129560
1959210547	1447129564
2693622473	1447129589
5704880712	1447129596
1952760971	1447129602
5243647865	1447129619
1868528844	1447129637
1375792753	1447129708
3139790541	1447129721
3139790541	1447129733
3604739942	1447129738
5698301589	1447129754
2197546765	1447129758
5623448615	1447129779
5472822805	1447129822
3311916891	1447129846
2195820170	1447129847
3172997715	1447129856
5658772497	1447129857
5550076089	1447129883
5548943128	1447129913
5103370314	1447129935
1848576771	1447129950
2283136974	1447129966
5711955457	1447129984
1789645562	1447130004
2524071542	1447130071
3276422955	1447130109
1905401434	1447130118
1840171525	1447130208
1764427572	1447130216
2005684043	1447130230
1449983694	1447130271
2918194012	1447130284
5583794595	1447130287
2629416642	1447130303
5249253869	1447130304
1667287544	1447130342
2280542912	1447130392
1576829795	1447130401
1900884495	1447130425
3073515067	1447130441
1988751395	1447130465
1960785875	1447130466
1192624257	1447130490
2407060814	1447130520
5498795911	1447130534
2393573572	1447130553
2610255701	1447130556
1790879811	1447130605
3840992567	1447130635
1047023445	1447130672
3816785439	1447130712
1732635870	1447130725
2726351413	1447130731
2681539711	1447130744
2163112265	1447130760
1727635390	1447130761
2269054471	1447130797
1690452444	1447130828
2001264163	1447130853
3164661712	1447130869
2597900780	1447130877
2695597041	1447130928
1660138775	1447130930
5652819899	1447130957
5303197082	1447130960
3664061270	1447130986
1248449662	1447130990
5137731959	1447130999
1407509125	1447131000
1570509100	1447131011
2552034994	1447131048
2260385583	1447131066
2141832974	1447131098
5329824419	1447131108
3255123031	1447131116
1762500962	1447131119
2915307863	1447131137
1103491757	1447131148
5748958491	1447131156
2759417757	1447131222
1999787413	1447131278
2917843225	1447131279
5015368710	1447131315
1459222453	1447131335
1581246473	1447131356
1739986073	1447131373
2457714062	1447131400
1765615274	1447131442
2036072307	1447131485
2279537760	1447131497
2097389401	1447131498
1587723285	1447131550
2759417757	1447131556
3214900190	1447131599
5000155798	1447131630
2690990691	1447131641
1863300660	1447131675
1640688864	1447131692
3285782914	1447131700
3564702637	1447131726
1805019700	1447131745
1730347162	1447131758
1688886677	1447131773
2286710025	1447131775
1926200001	1447131788
3928062774	1447131811
2344809437	1447131822
1706474133	1447131823
2711295447	1447131886
1820209301	1447131917
1978435335	1447131918
5428527223	1447131936
1991372377	1447131971
1905496920	1447132007
1892979215	1447132031
5056270812	1447132051
2073478951	1447132082
5658846366	1447132277
2260385583	1447132319
1658645412	1447132357
1301262181	1447132470
1784540920	1447132564
5316273078	1447132618
3048197790	1447132635
2762910314	1447132672
2374864310	1447132735
1770149677	1447132754
2691321762	1447132771
5038877697	1447132782
2454267123	1447132825
3199127520	1447133026
1103491757	1447133050
1914339975	1447133069
1848584892	1447133072
2548361137	1447133086
1851404274	1447133205
1392792162	1447133206
3745454271	1447133236
1929745975	1447133247
1900873447	1447133276
1953311701	1447133312
1074719383	1447133403
5095493740	1447133404
1851749115	1447133425
1014613117	1447133462
5578920235	1447133507
1903332203	1447133527
1901344460	1447133538
2617813237	1447133578
1626615177	1447133645
5436223737	1447133680
3304117673	1447133713
1904438911	1447133778
3304117673	1447133859
1443877555	1447133872
1688886677	1447133873
5671589955	1447133874
3898798802	1447133898
2435187861	1447133914
1779225207	1447133930
1688886677	1447133972
5666916914	1447134059
1852631885	1447134070
5108315778	1447134183
1773641895	1447134254
2082748391	1447134279
1635097237	1447134286
1646775827	1447134299
3206506852	1447134351
1947073917	1447134388
1810474430	1447134396
1963016001	1447134444
2319981973	1447134474
1885876212	1447134507
1792192162	1447134619
3006026733	1447134630
1646215457	1447134707
1439318577	1447134712
2959182072	1447134745
5527215128	1447134758
3308793655	1447134822
5482654530	1447134825
3272821	1447134863
3243254923	1447134964
5204985574	1447135039
1995885622	1447135063
1859469280	1447135095
1789588701	1447135105
3972758323	1447135215
5119357322	1447135222
2302956353	1447135320
2501207681	1447135362
3303347873	1447135382
5605538240	1447135405
1992255315	1447135497
1598623570	1447135561
2127279633	1447135612
2534598834	1447135736
1910356024	1447135849
2301841012	1447135959
2682134037	1447136133
5327390472	1447136150
2627278637	1447136158
1910439580	1447136249
2659204081	1447136283
2088384311	1447136632
3423722420	1447136733
1794325805	1447136735
1965237745	1447136965
2098758073	1447136991
5380773163	1447137136
1000931914	1447137628
2951125101	1447137657
1743518165	1447137714
5060149637	1447137714
3375311402	1447137716
1980637471	1447137767
2706047821	1447137865
2683960491	1447137915
1911434837	1447138008
1954400717	1447138021
5659342739	1447138110
5181727915	1447138141
1706223687	1447138202
5075650427	1447138251
3800219680	1447138277
1832658924	1447138300
1889738385	1447138339
3736499044	1447138362
3227192173	1447138494
5539875844	1447138522
2637132697	1447138563
5628986148	1447138564
1964178941	1447138702
2510969123	1447138745
1860899524	1447138803
1419172372	1447138807
5271095387	1447138859
2056117727	1447138884
1893451894	1447138890
2131410680	1447138909
3782950374	1447138930
2832448441	1447138934
2177931975	1447138969
1797091504	1447139032
3807310286	1447139164
2493592183	1447139179
3918988444	1447139201
2482810680	1447139227
1893489274	1447139227
5668944637	1447139286
3039146457	1447139304
3060860650	1447139326
5590660198	1447139334
5500481320	1447139343
2886510884	1447139356
5527194154	1447139358
1865799341	1447139405
5227770461	1447139409
5577484515	1447139465
2841880411	1447139486
5620833999	1447139490
1908805691	1447139510
5153533695	1447139533
5237458443	1447139593
2640709050	1447139602
1017874351	1447139605
2501916985	1447139635
1644493551	1447139652
1714508864	1447139681
2088270331	1447139718
5654091330	1447139757
2056087145	1447139762
5627054425	1447139771
5108185695	1447139804
1852464015	1447139822
1431042152	1447139869
5616044255	1447139875
5144595367	1447139964
3108865217	1447139990
5399947711	1447140040
3263052142	1447140081
1977407911	1447140119
2042977347	1447140128
1446879637	1447140134
2646503997	1447140141
2671976604	1447140146
5177088395	1447140172
1892489942	1447140175
2638330734	1447140226
2535871363	1447140247
2312848301	1447140281
1918834690	1447140298
1168582940	1447140307
5474457178	1447140347
3227369301	1447140378
2691371961	1447140386
3185306150	1447140405
2140085665	1447140421
2722648844	1447140442
2651667010	1447140459
2785108324	1447140479
5125904828	1447140489
3806412719	1447140511
2108905815	1447140565
1286482007	1447140578
2034544691	1447140580
2051193464	1447140602
5118473684	1447140650
3935961372	1447140789
5501718920	1447140813
2882559590	1447140888
3209401022	1447141039
5746533025	1447141108
2557125762	1447141125
3959200657	1447141204
5212386392	1447141319
2104901082	1447141352
1977691101	1447141358
1295598945	1447141387
2325141164	1447141400
1990355413	1447141407
1759015781	1447141449
3564168304	1447141478
1418210453	1447141485
2238091564	1447141488
2010346644	1447141498
2610580457	1447141512
2466776750	1447141547
2033813523	1447141636
1743630824	1447141651
1973031657	1447141694
3949704240	1447141769
5642538499	1447141778
2446515961	1447141778
1419560177	1447141885
1065521777	1447141899
2109303412	1447141929
5702613669	1447141968
1462891190	1447141977
2817704812	1447142012
3947027208	1447142105
3205515072	1447142114
5750499827	1447142165
1735902494	1447142182
5719734220	1447142183
2622708133	1447142244
2081030797	1447142256
1820259662	1447142309
1198918874	1447142318
3069103803	1447142360
2610624925	1447142387
5403167780	1447142463
1669971020	1447142511
5678491038	1447142541
2621598985	1447142619
2482810680	1447142621
5237458443	1447142658
1843618917	1447142690
2026603043	1447142695
5639675055	1447142698
3914534500	1447142737
5243964322	1447142824
5515304215	1447142853
3312431161	1447142892
5515304215	1447142932
2659985787	1447142966
1918032000	1447142982
2387123504	1447142997
1794906641	1447143059
2972288335	1447143068
1342597293	1447143385
2141011855	1447143406
1976993515	1447143412
5700144317	1447143619
5324212712	1447143709
3816327737	1447143787
5235271840	1447143811
1708963920	1447143877
3870509559	1447143947
3594804260	1447143948
1770228435	1447144023
1956251707	1447144216
5321751488	1447144406
2056561661	1447144420
2096806727	1447144859
1988751931	1447144862
2726432701	1447144949
1677639262	1447145052
3202209682	1447145151
1682747184	1447145328
2507984324	1447145383
1829475287	1447145433
2823983154	1447145498
1752573490	1447145558
2153623965	1447145560
5626641387	1447145567
2823983154	1447145623
5577971952	1447145627
2911421055	1447145657
1934165521	1447145701
2797325442	1447145898
2733440407	1447146150
5548267426	1447146169
5175690192	1447146245
2818770150	1447146269
2951068877	1447146508
2489506151	1447146521
5650603310	1447146522
1990822820	1447146729
2653467563	1447146877
5260616154	1447146937
1604466704	1447146938
2306955847	1447146959
2429066210	1447147100
5153431276	1447147163
1988602094	1447147223
2057867590	1447147342
1988549513	1447147368
3400511132	1447147550
5334418315	1447147728
1643995960	1447147791
2094963527	1447147842
3950505769	1447147949
3493892842	1447148000
2488536734	1447148222
2028228237	1447148462
5371436890	1447148754
2691321762	1447149092
2792708170	1447149147
5099980966	1447149458
2188343593	1447149496
2859751152	1447149532
3137096744	1447149667
2392286134	1447149678
2375363832	1447149916
2712542213	1447150066
2552112572	1447150155
1881833770	1447150643
5510359077	1447151030
1201731947	1447151374
3899996781	1447151792
3071573961	1447151802
2095037067	1447151818
2069550127	1447152000
2649704271	1447152032
1834369727	1447152164
5509549377	1447152176
5604896144	1447152386
2307928215	1447152566
1345599533	1447152629
3872557062	1447152665
2616360197	1447152843
2165480607	1447152905
2788615872	1447152921
1148726401	1447153090
2489506381	1447153174
2428677465	1447153182
5490749373	1447153197
1423107687	1447153244
2535292082	1447153516
1155323380	1447153759
1988549513	1447154041
2112483271	1447154230
2128427731	1447154309
2720162922	1447154378
1837388917	1447154390
5687717472	1447154696
3217952467	1447154931
1748084660	1447155000
2145362162	1447155500
2417783955	1447155636
1906204904	1447155938
1223364040	1447156192
2250932504	1447156348
2146885660	1447156408
3154965954	1447156418
5705022727	1447156486
5537449180	1447156651
3096457823	1447156795
1924071644	1447157015
1314154460	1447157159
2137562687	1447157294
2855028905	1447157462
1151170593	1447157636
3971027425	1447157838
2937338274	1447157847
5537148955	1447157939
2580807531	1447158000
1800592343	1447158043
1807431720	1447158108
1985382517	1447158294
3816388804	1447158294
5580938348	1447158379
3738354567	1447158486
1965759304	1447158733
3108346603	1447158744
2164548744	1447158852
2723303084	1447158915
5275104185	1447158995
2324131681	1447159213
2127279633	1447159290
1745262915	1447159747
3174189431	1447160123
5478535438	1447160278
3471518920	1447160343
1830992093	1447160424
3136608503	1447160509
5116353849	1447160696
5725382920	1447160729
5124658262	1447160736
2656008981	1447160876
1156739470	1447161066
5502750148	1447161342
3210609442	1447161419
5533828194	1447161497
5012237784	1447161515
5506137603	1447161712
2109385457	1447161751
5539834024	1447161889
5024350181	1447162015
3029793580	1447162127
2190593937	1447162141
5580861590	1447162161
1136138884	1447162447
3514280645	1447162467
1567849301	1447162484
2769608824	1447162509
5632485708	1447162542
2137012987	1447162604
1789866503	1447162685
1892094764	1447162845
2253113487	1447162851
1296647145	1447163041
5720726444	1447163101
2823939242	1447163248
5517696220	1447163264
1201731947	1447163538
2060853481	1447163616
2566268941	1447164037
5251731475	1447164226
2577403653	1447164757
2532101592	1447164995
5239516455	1447165170
2011749061	1447165178
3371137434	1447165842
1798007324	1447165866
2958941272	1447166030
5587027238	1447166212
5210774902	1447166239
2629062574	1447166307
3989508858	1447166398
3881432235	1447166426
5496523970	1447166717
1043981122	1447166724
1925979077	1447167094
2812794584	1447167345
2818041584	1447168118
5500968804	1447168145
5342887099	1447168419
5342887099	1447168467
5519191598	1447168616
5669752918	1447168939
5543128552	1447169105
2720074961	1447169248
5500968804	1447169256
1965953811	1447169733
5555624794	1447169927
3194384610	1447170415
2297723702	1447170971
2953376860	1447171355
5143012624	1447173321
5322359969	1447174208
5322359969	1447174983
5582062129	1447175109
1747283745	1447178097
5581499235	1447189829
3635938872	1447194350
2157271672	1447196431
1169888465	1447196607
33774777	1447196750
5079945072	1447196754
2731107233	1447196821
2979586905	1447196916
1169888465	1447197319
2990257390	1447197466
2437075287	1447197493
1662151880	1447197495
2186765825	1447197519
1681495542	1447197682
2984806153	1447197879
1326289394	1447198141
3708237851	1447198392
5509568576	1447198743
2813328232	1447199078
1773511302	1447199213
1244568701	1447199264
5520542962	1447200334
1893159435	1447200347
2267600232	1447200400
3300435230	1447200551
5532567616	1447200816
1651706312	1447200852
1686556110	1447200854
5719690229	1447201076
2747004013	1447201078
5560353192	1447201175
5285289045	1447201308
5672077757	1447201432
5500481320	1447201485
2099437882	1447201509
5012810625	1447201559
2339275135	1447201783
5607962982	1447201832
3495839201	1447201926
1812613335	1447202122
2958829812	1447202203
2804736224	1447202388
2615065782	1447202395
5551860289	1447202443
3922709537	1447202584
1657981321	1447202632
5305225159	1447202800
2639943243	1447202807
5277594902	1447202868
3910658901	1447202941
3747836344	1447203003
5657464900	1447203061
5628629108	1447203135
5620446813	1447203260
5303034457	1447203321
5093986324	1447203537
5577843026	1447203758
2690140925	1447203792
2715067803	1447204003
2754973673	1447204048
2797381022	1447204538
3283743007	1447204610
2512581733	1447204673
3425299020	1447205136
5137338359	1447205421
5645004017	1447206159
2299213525	1447206406
1817478094	1447206571
5550058859	1447206621
3486207583	1447206824
5645004017	1447207095
1793263040	1447207369
2611755421	1447208422
5523861009	1447208696
1105539074	1447208984
5603258095	1447209739
2735861430	1447210096
2776695352	1447210704
5517696220	1447212919
3953461052	1447213253
5653257200	1447213691
2611745753	1447214116
5685892626	1447215198
2948614925	1447215354
3992194906	1447215453
5230496728	1447216367
2713834752	1447216726
2085222847	1447219146
5679465066	1447221738
5679465066	1447222048
3167297680	1447223780
2792708174	1447224217
1567546471	1447224275
5535454111	1447224587
3839397801	1447225269
2801420310	1447225558
5667216121	1447226101
2412474185	1447227064
1270480111	1447230593
5595493072	1447230712
5407495578	1447232399
5397585058	1447232682
2050768331	1447233178
2676973304	1447234401
5506617453	1447236977
3858195699	1447240741
5479108086	1447240894
5500798654	1447243291
5563938207	1447246177
5583721992	1447248241
2708178781	1447250874
5489702164	1447251939
5746533209	1447253039
2475851273	1447254971
2696401670	1447256998
3854935952	1447257426
2801776613	1447262156
1964696551	1447263569
3918367580	1447289183
2592753280	1447290586
2652233482	1447293001
5496847770	1447293736
5541822398	1447293780
2753280487	1447294129
5496847770	1447294253
2931534424	1447296309
2116996115	1447296586
3017025311	1447297113
5386542556	1447299189
2643979084	1447299844
5397585058	1447300222
2713834752	1447301697
2246582475	1447303169
1676404653	1447304565
5210232659	1447306783
2091523542	1447310578
5361450244	1447311018
5641938169	1447314045
5570873288	1447314447
5353417884	1447315953
5012810625	1447316295
1879402884	1447316884
1926118735	1447317129
5353417884	1447317373
2772034077	1447318009
5536639238	1447318153
3210964740	1447318430
5397585058	1447318743
2064671285	1447319041
3306983441	1447319272
5352669760	1447321595
5352669760	1447321974
5124658262	1447322733
5719734220	1447323463
5516389849	1447324204
5246293404	1447324323
5607083040	1447333026
5542939741	1447334841
5642884587	1447337619
3969957257	1447341672
3190385051	1447341743
5680581355	1447371637
1963107763	1447373426
3220758380	1447378300
5579111928	1447380249
1034402707	1447380480
5578033145	1447400707
5124658262	1447403465
5660535434	1447413198
1811117525	1447420776
2403344725	1447482525
3777996333	1447505488
5508415830	1447508747
5710351403	1447529155
2408634377	1447555979
5703894488	1447586296
5680211127	1447599806
3356924360	1447657041
3485302747	1447660169
5678437944	1447664226
3502795421	1447811613
1977223345	1447928366
5526031162	1447928466
1531404357	1447936420
3971478115	1447938083
2313659300	1447949712
1761618135	1448016930
1892241874	1448105809
5246120026	1448111537
1419198875	1448235892
2433582110	1448360262
2341385121	1448517190
5353417884	1448888647
