1974576991	1448111427
3311388885	1448111456
2998789141	1448111480
2915735565	1448111491
1736180514	1448111492
1790116667	1448111496
2482058594	1448111501
5196985107	1448111507
2629765813	1448111507
3305363443	1448111509
2535026074	1448111516
1280146120	1448111555
2996429341	1448111556
3143817452	1448111556
1685911635	1448111563
5591218547	1448111564
2572624347	1448111571
1876064655	1448111585
5132898226	1448111586
3793745414	1448111609
2430024957	1448111615
1802020077	1448111625
2557155457	1448111627
3877140617	1448111633
1221546495	1448111634
2360542684	1448111642
5352639215	1448111645
1722143221	1448111659
2348664824	1448111662
1675445954	1448111663
3907844696	1448111671
5493783401	1448111677
2330017653	1448111693
1585247773	1448111696
1399655117	1448111699
1723171525	1448111699
5065853780	1448111709
5340473554	1448111711
5316942460	1448111722
1681548344	1448111748
3282230031	1448111752
2090473950	1448111759
5347924925	1448111782
1221462687	1448111784
1465431317	1448111799
1711649821	1448111817
1195007413	1448111863
5342762727	1448111868
1853834312	1448111875
1326499094	1448111877
1829749452	1448111877
1461788277	1448111894
2969326124	1448111895
2797785770	1448111898
3033155955	1448111945
1968460953	1448111946
1756830501	1448112036
2207121924	1448112045
1899712957	1448112058
1899712957	1448112067
1955315783	1448112068
5369419087	1448112077
1805047227	1448112099
2257485193	1448112164
3906166133	1448112256
3962518271	1448112256
1009984351	1448112274
2088880667	1448112340
3836225566	1448112347
2898962111	1448112385
1791477155	1448112432
1541451954	1448112498
2401641801	1448112511
5140120878	1448112558
2301669194	1448112626
1881670192	1448112651
2416527642	1448112690
1579509727	1448112752
5556375890	1448112769
3854858623	1448112820
2708556385	1448112853
1795223712	1448112911
5711830846	1448112971
3554213851	1448113029
1144313620	1448113036
2554278291	1448113083
3857078324	1448113160
1873801121	1448113188
1848630293	1448113199
5545906127	1448113231
2142257021	1448113358
1829130514	1448113382
5079805736	1448113384
3196411270	1448113424
1913468141	1448113437
3941319292	1448113538
2601009154	1448113594
2142257021	1448113612
2041334883	1448113620
2305141475	1448113699
3708237851	1448113705
2121797384	1448113708
2525400672	1448113762
1777970633	1448113872
1983661037	1448113968
5015760699	1448114003
1769104500	1448114085
2303379863	1448114156
3019036927	1448114305
2975436414	1448114335
3544967893	1448114371
5680990322	1448114513
1096531055	1448114527
2663297943	1448114723
2761665984	1448114916
2445878217	1448115043
2213612930	1448115063
3064949897	1448115144
3901339337	1448115163
5324083626	1448115306
2283866212	1448115440
2151104365	1448115499
1658010030	1448115595
5604071829	1448115744
2805927554	1448115759
2495597447	1448116049
3317331967	1448116109
5555145186	1448116124
1583954440	1448116209
2936456097	1448116324
1961642915	1448116519
2595379205	1448116619
2791068233	1448116779
2276967644	1448116849
1765890420	1448117386
2392538755	1448117783
3633170587	1448117821
3269315930	1448117882
1224131715	1448117999
1765890420	1448118143
2034217303	1448118645
5255072068	1448118665
5697756722	1448118886
1908731681	1448118959
1510375893	1448119500
2789468237	1448119569
5476649192	1448119725
1962162961	1448120059
3894221709	1448120311
1445449893	1448120560
5713506690	1448120593
1842995817	1448121275
3133732467	1448121333
5493783401	1448121868
2594418407	1448122570
1839143122	1448124355
1462361105	1448125073
3736944362	1448125476
1719363112	1448126485
2493450820	1448127550
3020319093	1448127673
1710816707	1448128337
1832619141	1448129740
2890376274	1448129915
2674422603	1448132432
2055896177	1448149126
2315364353	1448151290
2750399721	1448151838
3065089827	1448153974
1768670281	1448155329
3656293121	1448160113
5313843274	1448161145
1803954555	1448162229
5232582026	1448169205
5522141391	1448182713
5304879423	1448183466
5342496191	1448184228
1010745675	1448185810
1426086491	1448195201
1908731681	1448202008
5457457130	1448204244
2097484244	1448205927
5605310669	1448206732
2265522881	1448242712
2843092560	1448265110
