2287681313	1448269143
1912888151	1448269167
1907666513	1448269169
2635323735	1448269181
2599800921	1448269197
3289012623	1448269211
2849172907	1448269336
3012307565	1448269340
5393305704	1448269353
3208297560	1448269368
5217990151	1448269399
2713838277	1448269417
3884881762	1448269433
5683413559	1448269438
5507881131	1448269479
5542232352	1448269484
1931182231	1448269553
5723147979	1448269563
5622081886	1448269589
5370301978	1448269612
3217474491	1448269668
2057328761	1448269708
3296654751	1448269736
2299456173	1448269872
3919040427	1448269933
5614429184	1448270021
5656127905	1448270043
5611701220	1448270046
1970141513	1448270057
3436986700	1448270075
3956673688	1448270082
5752707964	1448270089
2562283377	1448270090
3956673688	1448270133
5650607583	1448270163
5399639370	1448270192
2635787973	1448270204
5352415131	1448270218
3175380471	1448270228
3275403305	1448270319
1870755242	1448270332
2976002803	1448271584
5114234362	1448271594
2375346054	1448271681
5445599774	1448271682
5591532043	1448271688
5641923866	1448271694
5682732741	1448271818
1898412860	1448271830
5547249713	1448271830
3770080571	1448271835
5161188725	1448271863
5727007993	1448271872
5738341071	1448271880
5618215364	1448271883
5608720985	1448271902
2587782877	1448271920
5331690585	1448271936
2394479032	1448271945
5047377814	1448271972
5121523915	1448272011
3214191022	1448272027
5431578409	1448272030
5557407573	1448272125
5110986157	1448272126
5506878891	1448272127
5308985226	1448272158
3184498187	1448272177
5192289701	1448272181
1102530815	1448272189
5678626024	1448272213
3856625151	1448272258
5564477967	1448272285
5359972175	1448272306
5601986409	1448272327
5238518330	1448272327
5238402626	1448272332
3284674875	1448272333
3912051590	1448272360
5667164122	1448272393
3297944550	1448272396
5247098005	1448272403
3789176743	1448272404
5502355375	1448272427
3294748195	1448272430
5272126100	1448272436
2871150155	1448272458
1260077507	1448272463
5669506082	1448272472
5394717439	1448272474
3171811732	1448272497
5593814663	1448272549
2514105350	1448272561
5255472963	1448272568
5737218408	1448272611
3888273124	1448272614
3901161475	1448272623
5069094183	1448272631
5175393842	1448272631
2007062237	1448272672
2722739157	1448272712
2728011814	1448272722
5615819865	1448272745
5056175886	1448272749
5319600513	1448272758
5641265055	1448272814
5641508787	1448272845
1781431843	1448272849
5505219596	1448272910
3648541813	1448272940
2906559057	1448272944
1339165964	1448272966
5634333043	1448273005
3109883395	1448273082
3985404356	1448273093
5187821961	1448273100
3969065696	1448273115
3723122985	1448273154
1039550947	1448273155
5591596778	1448273190
1864365387	1448273252
5533599554	1448273274
5655674951	1448273310
2902518693	1448273326
3164104974	1448273332
2573289387	1448273371
1984140281	1448273406
2929499465	1448273415
5675055042	1448273444
5714773148	1448273540
3749825044	1448273659
5065774625	1448273729
5498809976	1448273756
5339435622	1448273839
5648076567	1448273938
5207733289	1448273984
1823205543	1448274128
5583784248	1448274257
3895829974	1448274371
2647867027	1448274429
5594421952	1448274765
5613156132	1448274909
5713041524	1448274913
5506222200	1448274968
3774500614	1448274991
2503156000	1448274997
3173067547	1448275067
3251696922	1448275115
2159209107	1448275254
5635220651	1448275574
5279331242	1448275679
5701530772	1448275981
5320742043	1448275998
5542084483	1448276097
5359925985	1448276280
3243852381	1448276439
1829851567	1448276470
1686722871	1448277039
5369396764	1448277229
1033380851	1448277381
5690441567	1448278180
5247959494	1448278365
5227528881	1448278746
5644937480	1448278941
5401344943	1448278997
2341330593	1448279010
5702552720	1448279046
5332818382	1448279053
3911893876	1448279206
1203122447	1448279302
2947845825	1448279437
5156154676	1448279601
5514011070	1448279809
3868044673	1448279826
2163018944	1448279899
5546525237	1448279908
2995027852	1448280325
3811247375	1448280511
5744407058	1448280742
2302664130	1448280940
5255888587	1448281174
5550055086	1448281361
2728374291	1448281809
3221604470	1448281933
2200852977	1448282027
3298463951	1448282792
3966891497	1448282964
3195392884	1448283119
5370332877	1448284107
5242949472	1448284279
5756967132	1448284413
1658523082	1448284478
5669620350	1448286159
5543461885	1448286461
3843078739	1448287479
5147928745	1448289187
2332008297	1448290210
3277317162	1448291581
5549474230	1448294061
5311264975	1448294221
3221795875	1448295734
5271836320	1448296580
5515207953	1448297936
3991101300	1448319602
5658513954	1448322401
2653527582	1448324658
5333860866	1448325822
5672724342	1448325911
3436986700	1448332748
2248359461	1448336082
1901399822	1448337134
3994219803	1448343633
3208297560	1448354034
2604525745	1448356061
5574756782	1448357956
5709725210	1448359261
2686045070	1448360259
5421933393	1448360662
5700536618	1448362101
3866458646	1448368688
5481840507	1448374795
5711239046	1448426065
2374865331	1448442379
2129657855	1448462874
5617735225	1448774957
2686045070	1448941112
5361201187	1449369737
