1344360230	1447999226
1374969065	1447999271
3309565850	1447999294
1791435515	1447999367
5022326273	1447999371
1685176432	1447999404
3045175971	1447999513
2801478655	1447999520
2651652551	1447999527
2397533204	1447999583
5300547715	1447999620
5764506082	1447999624
3911420285	1447999684
3820404088	1447999739
5738047651	1447999863
3444406352	1447999907
2955403855	1447999981
2100143192	1448000003
5766304188	1448000003
1727078167	1448000024
3803425222	1448000055
5265004256	1448000075
3535264273	1448000113
1751984281	1448000130
3156347624	1448000164
3484943953	1448000176
5613815006	1448000303
3665486395	1448000333
3285685581	1448000343
5540934447	1448000744
1251507111	1448000785
3878204329	1448000915
3187907011	1448000960
5104508338	1448001026
2400985511	1448001191
3052878215	1448001274
3895671183	1448001340
1835368062	1448001476
1637877542	1448001538
5675528556	1448001580
2937997441	1448001812
5282375847	1448001838
2938625165	1448002048
3203135363	1448002140
1846333684	1448002471
3865611315	1448002510
3101617043	1448002758
1813743380	1448002800
3564258815	1448002955
2671744241	1448003005
5492839944	1448003229
2625493871	1448003349
5234019514	1448003373
1881673735	1448003687
5040803845	1448003760
1917151733	1448004089
1801118664	1448004119
5136408929	1448004152
2099335344	1448004357
3508626694	1448004707
1645438203	1448004858
2997553054	1448004899
5746005936	1448005362
5549974307	1448005392
5767461239	1448007338
2131483857	1448007380
5184384736	1448008536
5667919962	1448008780
3875138979	1448008848
3384754020	1448009132
1761778450	1448009150
1141527240	1448009541
1741696354	1448009777
5173118538	1448012072
3509180823	1448012085
3803448488	1448012447
2369197850	1448013323
2266719295	1448013760
2714090201	1448015029
2833151552	1448015453
2860884850	1448015668
1641955162	1448016555
3697872824	1448017991
3109546581	1448019024
5444039263	1448019536
5631780505	1448019691
3012497833	1448020060
5636124778	1448020350
5621872741	1448020685
2639343525	1448020791
3257906485	1448020907
5545329634	1448020987
3161596223	1448021525
5363047684	1448024034
3386682662	1448024171
2126255622	1448025262
2944260331	1448025998
2268412974	1448026788
1770558764	1448027235
3817273826	1448028131
3188157654	1448028878
1093621735	1448029387
3309999121	1448030183
3625990153	1448030703
5423060475	1448030824
1599310562	1448031404
5752396439	1448032777
2162915452	1448032780
2162915452	1448032860
2753532377	1448033870
3829722548	1448034029
3448209044	1448034355
1965243555	1448035693
5643948298	1448036691
1586573105	1448037438
2785931824	1448038249
2866965244	1448038507
1815860770	1448039770
1751204065	1448039962
3518160137	1448043641
1863244413	1448060532
3258894704	1448061977
5604292267	1448065823
1791569335	1448066948
3267103214	1448067919
2885425630	1448068686
3201075677	1448068849
2680427342	1448069048
5721813161	1448071035
3248786225	1448071427
1509791717	1448073423
2475808085	1448073638
1466400002	1448073808
3547172813	1448075144
1858435384	1448077441
2929130175	1448079252
3871474380	1448080160
5522985838	1448088128
3636306791	1448093121
5734636674	1448094505
3684004843	1448099551
3291117393	1448101612
1879437013	1448101927
3219922107	1448110625
2702448322	1448119174
3931720409	1448119628
3285141890	1448120626
5324855969	1448121524
1771094540	1448122147
1056944297	1448122594
3315938481	1448123096
2652989575	1448123319
1559457527	1448127938
1790575913	1448157661
5461003002	1448159723
2273320767	1448167008
3781714093	1448177350
3037701880	1448177677
2456526330	1448183990
3248244794	1448193798
5182437428	1448253520
2264392297	1448266912
5502050230	1448374964
1891619367	1448395715
5061898625	1448412392
5547841806	1448427456
5770896997	1448466522
3292769263	1448466739
5714729250	1448520154
5525759929	1448775584
3891200698	1448780808
2643889583	1448888823
1767904600	1449023431
5742735762	1449074910
5355207929	1449412310
5338653991	1449576761
3645329004	1449936149
5723094263	1450061035
5685005974	1450086127
1959220350	1450153371
2831065537	1450686379
5544129257	1451205472
5457311625	1452622854
