2482557597	1447686334
2262915291	1447686353
2261141701	1447686355
5654652119	1447686358
5514306202	1447686359
3906502896	1447686361
1798475495	1447686362
2722998674	1447686362
3290636460	1447686369
3612914041	1447686369
3545404321	1447686371
5338183532	1447686371
1876630650	1447686373
5518789082	1447686374
5147781702	1447686382
1922163725	1447686384
1902941597	1447686384
2932431375	1447686387
2623214463	1447686394
2698135263	1447686396
3179730961	1447686400
5459690062	1447686401
5556434670	1447686403
2702871284	1447686408
1802029054	1447686410
5635302863	1447686411
1881306417	1447686411
1344730204	1447686412
5658261448	1447686415
2586205871	1447686421
3951015544	1447686426
2412425141	1447686427
2492935170	1447686428
3312918041	1447686428
5601975917	1447686430
2206514474	1447686430
3742332534	1447686435
5750490755	1447686437
3303611062	1447686438
1827683843	1447686446
2890347823	1447686446
1773074897	1447686449
3980486553	1447686450
5510967364	1447686450
2010893221	1447686450
2515188004	1447686451
3536205737	1447686452
3616615470	1447686454
1810134803	1447686456
3199062811	1447686459
1762769952	1447686462
3524263854	1447686463
5522900692	1447686463
3255705090	1447686465
3817012195	1447686468
1853693403	1447686469
5454980965	1447686469
3553519570	1447686470
2317339301	1447686471
3182562737	1447686472
3632091064	1447686473
2337233804	1447686479
2732520803	1447686484
2425668171	1447686486
2169832661	1447686491
5719718394	1447686497
2714589301	1447686498
5666710858	1447686499
1640729603	1447686503
1809038430	1447686503
1801067862	1447686505
5230910080	1447686510
2860958984	1447686513
5412964285	1447686513
5107055020	1447686518
1783809913	1447686519
3751252781	1447686524
5537516628	1447686524
3196862713	1447686525
5726357891	1447686527
3615156295	1447686527
2598718121	1447686530
5635302863	1447686532
1789884121	1447686532
1991841251	1447686535
2913106703	1447686538
2629237347	1447686539
5324622538	1447686540
2029212743	1447686540
1798797221	1447686544
5156004133	1447686546
1867973633	1447686550
1766589894	1447686551
2592403973	1447686552
3049859361	1447686554
2370664355	1447686560
5128214336	1447686569
5625339820	1447686569
1867915134	1447686572
3708377297	1447686574
3968056173	1447686577
2720326771	1447686578
1773452901	1447686579
3753128393	1447686580
5020312063	1447686580
3503398515	1447686583
1802450297	1447686583
3212647863	1447686585
2457795500	1447686585
5241768321	1447686592
2438013472	1447686593
3532944265	1447686595
1772906985	1447686595
3097378995	1447686595
5067389743	1447686598
3675786014	1447686599
3849573867	1447686599
5690729621	1447686603
2620986725	1447686604
3911856992	1447686609
5016309445	1447686609
1764174433	1447686610
1632206814	1447686611
3853499110	1447686612
3707304633	1447686615
5266867368	1447686619
2274398323	1447686619
3527571835	1447686619
2364593343	1447686623
3224572681	1447686625
5340696909	1447686626
2149240051	1447686627
5664099573	1447686631
5238148552	1447686632
1843242842	1447686633
5354871102	1447686635
2830819022	1447686637
3475310864	1447686640
3108557245	1447686641
5181151057	1447686642
2264173912	1447686642
2927662945	1447686643
3943170278	1447686647
3126288575	1447686649
2397489430	1447686651
5604704410	1447686651
5113411759	1447686651
3911309881	1447686652
1770057505	1447686655
1801192643	1447686659
1792537497	1447686660
2183613457	1447686661
5444082107	1447686663
5234766627	1447686664
5708669310	1447686665
2883491541	1447686676
5646473712	1447686678
5610053935	1447686681
5647824542	1447686683
1661089655	1447686683
2827646171	1447686683
2723119045	1447686684
1770057505	1447686685
3970324244	1447686685
1918511940	1447686685
1769422824	1447686687
5597736396	1447686687
1015751767	1447686694
1783599650	1447686695
3970324244	1447686695
2268720684	1447686700
2776549091	1447686701
3197330000	1447686702
3917311338	1447686710
3157055221	1447686711
3873854612	1447686713
3805577689	1447686714
5428366850	1447686715
2882545820	1447686717
2005100095	1447686717
3917311338	1447686717
1727627357	1447686718
2521593760	1447686723
3227559132	1447686726
2130337962	1447686726
3239636790	1447686727
5709986308	1447686728
2282637625	1447686728
2806260663	1447686731
5571717925	1447686731
5318633871	1447686732
3148450892	1447686734
2456429250	1447686736
1707065985	1447686737
1696169280	1447686739
1762547150	1447686743
5196808572	1447686745
5157156056	1447686754
5265099869	1447686754
2483169271	1447686755
5402771523	1447686757
3382402930	1447686766
2806287102	1447686770
3303963362	1447686772
5111336084	1447686773
1751382093	1447686774
3186790584	1447686775
5755220602	1447686776
1784703802	1447686781
2310790852	1447686782
2354688511	1447686783
2803727812	1447686787
5732502080	1447686793
1786699184	1447686794
2465849133	1447686794
1725218137	1447686798
1693060307	1447686803
5514931039	1447686809
3189135851	1447686814
3942692561	1447686817
5167618499	1447686819
3401344274	1447686820
1809070502	1447686821
2875464362	1447686822
1764882147	1447686824
3859893711	1447686824
5712771591	1447686827
5742891525	1447686829
3961282408	1447686831
5066354592	1447686835
1934503754	1447686842
1932041827	1447686847
2933575770	1447686848
1691766554	1447686850
2331006892	1447686850
2131498180	1447686856
5384696285	1447686864
5571741192	1447686864
5113127057	1447686864
5750375146	1447686871
1737286572	1447686876
2995062764	1447686879
5534036626	1447686882
2874874110	1447686883
2272896897	1447686883
1882310111	1447686886
2684625992	1447686890
1914523662	1447686892
1766718793	1447686898
5563685856	1447686898
2419605780	1447686912
3504506643	1447686912
1715156307	1447686915
5714256035	1447686915
5469660473	1447686916
1930095427	1447686918
5645071727	1447686919
3619848954	1447686920
2412106271	1447686927
2180334050	1447686933
2438013472	1447686934
2122119077	1447686934
3518028130	1447686952
3993825068	1447686961
5231754215	1447686965
3315628864	1447686970
5090111489	1447686974
1879500255	1447686979
1770919995	1447686984
2367667597	1447686985
5670974465	1447686990
3970324244	1447686995
5537890222	1447686996
2317013390	1447686999
3629432340	1447687000
2708130392	1447687002
5039334947	1447687006
2672409771	1447687006
2027941937	1447687009
5664099573	1447687012
2319593254	1447687012
2681800932	1447687016
1987539257	1447687020
5279285978	1447687021
1801164305	1447687025
3558561861	1447687028
2608306755	1447687033
3708375307	1447687036
3905876378	1447687037
2396771151	1447687041
5702944692	1447687041
1892958463	1447687042
2277824221	1447687054
5034519148	1447687055
5467998694	1447687057
2410889965	1447687057
1688541980	1447687061
5285012231	1447687064
2057430553	1447687068
5034847393	1447687073
1862513832	1447687073
3784512954	1447687074
5700551265	1447687090
1820555710	1447687093
2580547317	1447687095
2657829692	1447687101
5023904729	1447687104
3990908002	1447687109
5295922658	1447687110
1902991587	1447687113
1735628484	1447687118
3750646204	1447687120
1750692974	1447687121
1774523147	1447687122
3030633672	1447687122
5659229787	1447687123
3246011737	1447687126
2023357263	1447687127
3639145350	1447687128
2268720684	1447687131
3150782333	1447687134
5519301265	1447687139
3642668041	1447687140
1886955852	1447687140
5229927097	1447687141
1935244515	1447687142
1987588115	1447687143
5076697050	1447687144
1016011357	1447687144
3196108064	1447687144
5593886657	1447687147
5649075280	1447687151
5339086672	1447687151
5702655063	1447687154
1745432727	1447687159
5640480856	1447687163
5085460210	1447687166
1823114707	1447687168
5363682102	1447687169
2612722924	1447687176
5506197118	1447687184
1820721635	1447687185
2794655180	1447687196
3809835360	1447687202
1775310412	1447687203
5326996080	1447687204
1825608081	1447687206
1794426477	1447687209
5585285739	1447687209
1804660815	1447687217
5491042873	1447687226
5315405064	1447687227
1927615477	1447687235
1827490734	1447687237
3133841801	1447687239
3717338590	1447687240
1684666663	1447687245
2876570692	1447687247
2370324405	1447687250
2780511697	1447687251
1748953805	1447687257
5136987549	1447687258
3484575412	1447687261
1828086362	1447687262
3964677289	1447687266
3903596851	1447687266
3083838975	1447687268
5045836035	1447687270
2804869361	1447687274
3161052152	1447687276
5688506257	1447687281
5017346159	1447687282
5565450929	1447687293
3903382659	1447687294
3032953260	1447687296
3514866821	1447687316
3285558461	1447687330
5294322008	1447687331
5142457750	1447687331
5715957805	1447687333
2862218620	1447687333
3867119611	1447687335
1906062341	1447687346
3034396434	1447687346
2338594832	1447687349
5569366193	1447687357
2864330460	1447687365
5499937302	1447687367
2637242107	1447687368
3957236146	1447687372
3190778370	1447687376
2701195585	1447687380
3537289625	1447687380
1810462314	1447687380
1780813143	1447687380
1808611084	1447687389
5446864588	1447687389
5049677434	1447687392
5267421351	1447687393
5069158437	1447687396
2966949793	1447687404
5175028298	1447687408
5346208644	1447687426
2060744374	1447687428
2821923153	1447687434
1952891167	1447687441
5695448094	1447687452
2862218620	1447687454
2360207347	1447687455
2875291607	1447687462
3797037555	1447687463
1759207303	1447687465
3152372854	1447687473
2671370290	1447687478
2757180234	1447687479
2260497013	1447687479
2797334530	1447687481
2023525245	1447687484
3890067827	1447687498
5211415447	1447687507
5596048586	1447687515
2923816313	1447687522
3342556182	1447687524
3682008432	1447687540
1822677151	1447687549
2421446084	1447687552
1784755050	1447687552
5754110663	1447687554
3977845620	1447687557
3690723413	1447687558
3648431605	1447687558
3196108064	1447687559
5080820351	1447687565
5587239885	1447687569
2839262560	1447687580
3447776210	1447687595
2265068114	1447687605
1844003814	1447687633
5746421691	1447687645
1797028550	1447687646
5333915284	1447687651
1823081155	1447687656
5494144060	1447687657
5453100754	1447687659
5698173476	1447687659
2164390127	1447687661
1888875621	1447687666
5745047196	1447687669
2216750993	1447687670
2726140645	1447687680
1880784810	1447687689
2569491191	1447687691
3825732144	1447687703
2649033870	1447687711
5597174480	1447687715
1784505165	1447687717
3991451177	1447687719
3879222027	1447687721
2034249963	1447687722
3045090473	1447687731
5290082770	1447687742
5605075290	1447687773
5247188701	1447687774
3280138632	1447687776
1881190992	1447687776
2437151872	1447687787
2976859957	1447687799
2708704211	1447687801
5228984635	1447687804
3477823930	1447687825
2680057901	1447687833
1788176530	1447687848
3994100675	1447687856
5229085422	1447687858
1675109957	1447687861
3004225201	1447687869
5516552222	1447687870
5336684312	1447687873
5690488634	1447687890
2385662773	1447687893
3088537047	1447687898
2465837145	1447687917
3512259577	1447687917
1744502370	1447687935
2536132241	1447687939
5040075908	1447687945
5054458930	1447687955
1931034241	1447687966
3243171822	1447687967
5069916548	1447687974
1734793353	1447687981
5668023589	1447687981
1792775460	1447687983
1807271290	1447687995
2458591361	1447687998
1703451101	1447688010
2260497013	1447688024
2434762524	1447688029
1723087387	1447688035
2260497013	1447688042
3802542677	1447688058
5491338081	1447688066
5650997588	1447688072
3844082194	1447688074
2753536391	1447688076
3847232238	1447688078
1662419760	1447688094
2360088690	1447688101
1826226813	1447688101
2319130130	1447688103
5266802231	1447688105
5757104959	1447688118
2143244094	1447688119
2779356007	1447688123
1905983995	1447688124
1651217017	1447688148
3735194411	1447688151
2991347632	1447688159
2873578700	1447688160
3037168664	1447688169
2177073350	1447688171
5671829174	1447688172
1709078853	1447688173
1900863863	1447688183
5512199112	1447688196
2526234995	1447688200
3196013594	1447688213
5709575215	1447688227
2632607364	1447688235
5620557806	1447688238
3315750871	1447688270
2727389245	1447688270
5359691089	1447688283
2393878020	1447688288
2969905252	1447688299
2115364127	1447688306
1954993181	1447688306
5113020699	1447688310
5712070760	1447688314
1739280777	1447688319
2857438960	1447688326
5268275964	1447688328
1935981262	1447688331
2653587034	1447688348
2179406112	1447688354
5625384406	1447688354
1794255475	1447688357
1583809783	1447688362
3752771685	1447688368
3175639977	1447688395
5463558067	1447688397
2675261214	1447688397
1771570364	1447688400
1739546785	1447688400
5202014990	1447688401
1894363564	1447688413
1909954721	1447688421
5234046995	1447688422
5639886147	1447688423
1775828193	1447688423
3045242820	1447688426
5496547236	1447688434
2517995810	1447688447
1745225333	1447688449
2953085442	1447688453
3225207264	1447688461
2987480611	1447688464
5464968065	1447688477
5540101144	1447688514
2724069782	1447688545
1991141773	1447688556
5268706867	1447688565
2815486927	1447688571
2123849711	1447688585
3044686275	1447688586
5674307632	1447688624
3776921792	1447688625
1931189690	1447688629
3626871591	1447688629
1894363564	1447688630
2808075745	1447688643
2271902642	1447688653
1839409897	1447688665
2311828650	1447688666
5142565912	1447688667
3050323927	1447688686
3954283291	1447688689
3798721072	1447688691
2149293213	1447688694
2334102390	1447688699
3687177942	1447688716
3812213443	1447688717
5634731167	1447688722
1774064374	1447688724
1870224804	1447688732
3901664189	1447688732
1758277207	1447688756
2437231681	1447688786
5147326571	1447688794
3822168735	1447688803
1784532114	1447688806
3962221345	1447688826
3145891040	1447688882
3299986442	1447688889
3636272807	1447688894
3021356047	1447688903
1347859111	1447688933
5757104959	1447688953
5093335427	1447688961
2604805037	1447688962
1822833717	1447688967
1984412985	1447688983
3793843365	1447688993
1336536382	1447688995
5446811182	1447689001
5544134435	1447689005
2164250822	1447689021
5544134435	1447689039
2256866867	1447689040
1797533054	1447689045
1772347383	1447689054
2693982201	1447689057
5658511136	1447689071
2271464754	1447689090
5497139017	1447689133
3177547182	1447689171
2959441453	1447689193
1774906714	1447689208
2787454432	1447689222
3265082474	1447689234
5759289441	1447689244
5046701128	1447689253
2338008923	1447689254
5350087360	1447689263
2415357043	1447689273
5625671151	1447689291
3159034961	1447689306
5481761305	1447689323
2951306354	1447689392
1870855014	1447689394
5394993649	1447689409
3232799620	1447689415
5029221953	1447689417
5172476250	1447689446
1964106071	1447689451
5603271722	1447689477
1858757122	1447689495
5146047109	1447689500
2411208410	1447689500
5050078552	1447689507
3932465321	1447689510
1842878382	1447689513
3300697462	1447689528
5303596595	1447689546
2197891810	1447689548
1841005595	1447689561
5506095057	1447689579
1235241093	1447689594
5402420887	1447689648
2610395363	1447689657
1841387663	1447689694
1811099061	1447689701
1650893204	1447689722
1991415412	1447689730
2786781904	1447689740
1752532542	1447689760
3828224634	1447689777
2835920804	1447689809
1856731304	1447689832
3962198812	1447689843
2423899523	1447689950
3985343743	1447689955
5512831791	1447689958
1774948417	1447689988
2082720191	1447690019
2186284035	1447690032
3262371164	1447690035
3547159690	1447690055
2886425343	1447690059
1470499233	1447690064
2581589294	1447690069
1764411390	1447690073
5584774167	1447690081
5017348733	1447690101
5495698554	1447690110
2873891660	1447690111
3990315458	1447690114
1765615451	1447690131
2138059333	1447690148
1854074747	1447690189
1736761937	1447690194
3776824051	1447690215
2344332760	1447690276
5664099573	1447690305
5116226197	1447690319
5503347187	1447690346
5296616274	1447690352
2897186860	1447690369
3762563640	1447690392
3986607097	1447690424
3986622759	1447690429
2350744163	1447690460
2966387185	1447690469
2279508875	1447690493
2741598567	1447690495
5498233039	1447690519
1888037072	1447690539
3166845061	1447690540
2754884885	1447690554
2786704022	1447690559
3986622759	1447690589
5703155549	1447690633
1258859662	1447690652
1766989620	1447690691
3169367102	1447690696
5128576971	1447690709
3242547882	1447690715
5348144672	1447690720
3847748971	1447690779
5436913858	1447690788
3935222770	1447690795
1757324193	1447690811
5648149519	1447690822
5664099573	1447690859
5201768202	1447690862
1671812263	1447690864
2081422813	1447690878
3197130763	1447690965
3189135851	1447690999
5450518522	1447691002
5093335427	1447691004
2976470692	1447691036
2279562771	1447691074
5698464621	1447691098
5695401939	1447691125
1863527332	1447691158
5392325705	1447691204
3626594374	1447691247
3645664382	1447691276
1878307197	1447691365
3082201041	1447691399
3925522506	1447691399
1927261625	1447691411
5466356957	1447691424
5285355352	1447691431
2069054895	1447691464
3036578653	1447691518
2438137444	1447691555
1890826934	1447691657
5201951934	1447691703
5594674194	1447691821
3700058721	1447691854
3516412833	1447691887
5504122257	1447691950
1837496442	1447692106
5343732650	1447692124
5129006919	1447692158
3177143345	1447692272
5602864748	1447692298
2100995733	1447692324
2161681523	1447692493
5645930038	1447692516
2506141862	1447692525
2670233851	1447692635
1985044345	1447692745
2166799194	1447692753
3211834761	1447692790
2824647820	1447692867
1769689453	1447692870
5281322713	1447693055
1772032437	1447693090
3873085893	1447693175
1979924241	1447693176
5688668437	1447693247
1851285702	1447693317
1822729650	1447693317
1838717527	1447693595
2132571270	1447693638
1765950745	1447693754
2393402381	1447693803
2315480623	1447694121
5476970176	1447694136
5054719733	1447694210
3205679470	1447694458
5568782437	1447694472
2883133241	1447694528
1433798783	1447694584
2877540282	1447694830
2338416175	1447694883
3383832224	1447694889
3699619843	1447694901
1678325221	1447695106
1883381637	1447695419
1896551735	1447695635
2500307942	1447695727
2827410942	1447695973
1822770994	1447696289
2109711080	1447696559
1819764023	1447696767
1835026757	1447696785
5546176767	1447696874
1490133997	1447697601
2942842764	1447697607
5102128796	1447697940
1748242743	1447698296
3557518374	1447698331
5702624663	1447698593
5703119520	1447699880
5681817297	1447700223
1736085991	1447700326
3562798890	1447700509
5514980404	1447700618
5669013356	1447700621
2208695052	1447701107
1746160090	1447701216
3567739283	1447702318
1898403530	1447702781
2310926162	1447703059
1750336201	1447703687
5702624663	1447703784
5053279164	1447704005
2760025421	1447704845
5683367913	1447705232
1910401011	1447705914
5529475341	1447707327
5529475341	1447707574
3413775342	1447708268
3971303781	1447709350
2231595127	1447710180
3178698020	1447710414
1785476723	1447710639
5637595854	1447710733
5320933844	1447710858
1886934227	1447711424
5208935095	1447711504
3719788681	1447711789
3184872464	1447711998
3635932900	1447712073
3607027011	1447712247
1813048793	1447712265
5121015635	1447712431
1787607030	1447712449
5399596276	1447712452
1736208932	1447712537
2681628971	1447712655
5519529233	1447712698
1905784977	1447712737
5091678322	1447712884
3562039570	1447713002
2368659744	1447713109
5444974709	1447713165
5507262271	1447713196
2140546582	1447713217
3049693252	1447713246
1780708977	1447713337
5461620607	1447713450
3603645384	1447713552
1842713513	1447713616
5444974709	1447713712
5732756901	1447713848
2276172862	1447713880
1935999247	1447714064
3887193470	1447714119
3286380290	1447714140
3816282133	1447714163
2216550641	1447714180
2935715445	1447714209
1784085160	1447714275
3557616173	1447714297
5238837496	1447714368
3199865990	1447714407
1914491105	1447714426
2160204327	1447714460
5049256200	1447714482
1753102345	1447714525
2381213777	1447714549
3684335937	1447714705
5100508834	1447714861
2101491775	1447714903
2661576310	1447714951
5123562509	1447715018
5278037327	1447715108
5273237189	1447715160
3278021023	1447715178
1781094405	1447715227
2933892233	1447715459
5234069697	1447715459
5311416998	1447715610
5311416998	1447715672
1847691274	1447715776
2887245705	1447715785
2683046311	1447715812
2958697647	1447715834
1805977475	1447715835
3126429067	1447715922
2861087202	1447715963
3487225583	1447715965
5343120910	1447715969
3540872203	1447715993
5450623186	1447716019
3157060247	1447716083
5151216321	1447716147
2583580952	1447716153
3178334210	1447716226
5682062236	1447716276
3830052724	1447716303
5382563910	1447716313
5752405703	1447716332
2741598567	1447716343
3152326431	1447716382
3584710893	1447716389
5408143450	1447716455
3152326431	1447716571
3100403693	1447716621
1352913222	1447716660
5438469869	1447716668
2131645877	1447716788
2423402660	1447716863
3845369817	1447716878
3259975630	1447716889
3920710274	1447716959
2995209850	1447716979
2008413491	1447717055
3152326431	1447717070
2729247893	1447717190
2760876021	1447717428
1779633877	1447717446
3157292845	1447717538
1937545337	1447717570
2299137890	1447717571
5559381600	1447717591
1804455755	1447717626
5625617519	1447717648
5319112773	1447717667
1937545337	1447717691
5292423047	1447717718
1824938591	1447717722
5283234490	1447717902
2820082122	1447718098
5173712319	1447718348
2882329130	1447718351
2792863415	1447718377
5666031889	1447718426
1940282983	1447718523
2372954335	1447718561
1751405052	1447718626
2131722123	1447718680
1777597535	1447718683
3631206760	1447718919
3701576843	1447719073
2188103514	1447719141
2953088351	1447719168
2261434522	1447719193
2161067201	1447719318
2629376501	1447719349
3942479763	1447719413
2751490741	1447719424
2262845323	1447719494
3612465950	1447719588
5538673770	1447719656
1789219191	1447719677
2899200634	1447719704
3851579421	1447719710
5023790477	1447719729
5100228820	1447719776
2106353534	1447719837
2651480480	1447719966
5538106038	1447720110
5281971841	1447720171
5396973316	1447720274
5551312363	1447720499
1571731215	1447720522
3126806853	1447720745
2808075745	1447720823
2458330167	1447720904
5079550781	1447720985
3005348765	1447721229
1042629484	1447721299
1759306741	1447721502
1846838367	1447721514
5499932231	1447721611
1560668204	1447721914
5728623248	1447722127
3802807613	1447722365
2349574180	1447722564
1808133182	1447722633
5602309746	1447722709
5191812206	1447722832
5321321398	1447722897
2642574285	1447723244
3193619515	1447723534
2918054592	1447723680
5552158456	1447723746
3713367631	1447724743
3204649347	1447724873
1684369903	1447725293
2268730702	1447725361
2879974381	1447725508
2907614885	1447725737
2545067814	1447725786
5135098112	1447725995
2261305050	1447726432
1748561342	1447726493
5202777534	1447726598
5494304331	1447727902
2733002777	1447728025
1798888055	1447728145
3944168845	1447728381
1052439467	1447728474
2984071813	1447728593
1946447752	1447728636
1992926937	1447728675
2753890771	1447728846
5107118468	1447729117
1798408940	1447729753
5374926230	1447729822
5631606592	1447731275
2706670644	1447731398
1780619191	1447731808
3754812665	1447732458
3962137605	1447733175
3134797600	1447733348
5233729523	1447733359
3257118630	1447733366
2036597505	1447733428
1833325790	1447733511
3967131274	1447733674
2410686143	1447733764
5550672407	1447733781
3700526130	1447734024
3270341143	1447734071
2773415943	1447734160
5652213213	1447734339
5352559889	1447734417
3281724080	1447734754
5723157206	1447735033
3798494555	1447735181
3306979630	1447735541
5340993389	1447736019
5592563696	1447736076
2009132947	1447736294
2525841570	1447736384
3918428709	1447736864
3209271984	1447736900
2129534281	1447736933
5055851784	1447737243
5490038997	1447737348
1827800671	1447737941
5042974051	1447737971
3194774093	1447738135
2003708937	1447738466
5591958135	1447738683
2390809582	1447739278
3113235345	1447740640
3889827305	1447740661
5350254380	1447740981
5401547182	1447741396
2845062730	1447741406
5323965851	1447741450
1873132680	1447741615
3157346093	1447742100
5473006140	1447742647
1864736754	1447743015
2265011984	1447743752
3844388359	1447743871
5505259222	1447744299
2420843862	1447744433
1799302113	1447744602
2680144663	1447744999
1868394122	1447745039
2967046680	1447745773
5232642107	1447746408
2884545210	1447746443
5152884384	1447753706
2658683931	1447753771
1630605843	1447754173
2778766415	1447754543
5484505004	1447754651
5034439393	1447756133
5034439393	1447756937
5262688673	1447758357
2290163687	1447758809
3291578912	1447760018
3256622350	1447760299
1937990170	1447761490
1989327910	1447761812
3929297178	1447761911
2920318187	1447762472
1933475941	1447765280
5587163120	1447766158
2230996874	1447767543
5241539352	1447767941
3293030360	1447768273
5698729592	1447768347
5698729592	1447768416
2714858693	1447770180
1801420275	1447770180
5698729592	1447770787
5264557234	1447771597
2652523493	1447772103
1769209432	1447773265
2835920804	1447774116
2303638762	1447775862
2261797627	1447778979
1662504043	1447779632
2630919705	1447780092
5499892495	1447796953
1774304302	1447802154
3800525319	1447805263
3642702284	1447805377
2234640323	1447808376
1835653273	1447808888
1663064374	1447840713
2271663217	1447845450
1831772260	1447848960
2651251725	1447851103
2858004092	1447856717
5698729592	1447858438
1883139907	1447869864
1958613433	1447895316
2559140913	1447935868
5247589132	1447940325
3132701553	1447953252
3219610272	1448001403
5073088000	1448018174
5254820369	1448127064
3964258271	1448202293
2707895793	1450334945
