3200498577	1448172003
2957615327	1448172025
5745663852	1448172083
1842060905	1448172147
5755989602	1448172169
3145062603	1448172178
5745615424	1448172196
5604927016	1448172197
1738453633	1448172212
5709932948	1448172255
5646133590	1448172277
2271995865	1448172279
1662980817	1448172301
1914705743	1448172308
3836507612	1448172357
1660481337	1448172391
5699022346	1448172393
5768375723	1448172494
2056490102	1448172583
5662860616	1448172650
1662078912	1448172703
5751943852	1448172881
1203267734	1448172899
5685963783	1448173002
5417469500	1448173022
5475363316	1448173111
2610442393	1448173231
5745469486	1448173410
1641470735	1448173495
5752433452	1448173503
5626307901	1448173586
5704878014	1448173624
5196302055	1448173645
5703154468	1448173984
2138571094	1448174021
1864608720	1448174038
5699318042	1448174086
5737865360	1448174223
2145683431	1448174336
2410219233	1448174402
1849888967	1448174461
2143200570	1448174472
2730293763	1448174738
5675889809	1448174770
1768910390	1448174849
5711647028	1448174991
5768472461	1448175090
5351375719	1448175240
1841984395	1448175259
1804145684	1448175340
3203926871	1448175344
5751724411	1448175888
1856022274	1448175911
5221291198	1448175938
5390559957	1448176066
2546344164	1448176091
5752304727	1448176301
5671841833	1448176571
5751727301	1448176730
2922845761	1448177038
2197433157	1448177207
5371574283	1448177227
5584793355	1448177250
1512286751	1448177425
1661454025	1448177451
1934126750	1448177506
5754050131	1448177679
5459478371	1448178213
2123095003	1448178294
3477680987	1448178310
5663746698	1448178609
5718469399	1448178722
5748558607	1448178863
3799303222	1448178932
3941864324	1448179019
5709857472	1448179184
1699723201	1448179220
2522326027	1448179301
2464426164	1448179448
2306713361	1448179678
2371938575	1448179732
1883893740	1448179764
2907307653	1448179939
5669728311	1448180048
1850951743	1448180271
3883532810	1448180316
1854512941	1448180381
2461732071	1448180725
5709844099	1448180798
5390936107	1448181433
5713348064	1448182501
5743475162	1448182518
5718083854	1448182571
3837397301	1448182748
2788304164	1448183152
1976938931	1448183455
5664254790	1448183917
3711164453	1448183948
1999059715	1448185759
3345849504	1448186256
3812751939	1448186556
5291084993	1448187146
3705936923	1448187215
1243678790	1448188228
1773942447	1448188383
3227114963	1448189071
2331338911	1448189446
1661212062	1448189669
5751832594	1448189833
2980478361	1448189891
5267015268	1448189936
1640225650	1448190377
5417134167	1448190550
2681049092	1448190590
2551052264	1448190826
5768513066	1448192929
5684361940	1448193915
3774376905	1448196162
1784697992	1448196728
3316005457	1448196749
5245935269	1448197543
1915360391	1448198030
1768909014	1448202784
5208351061	1448204093
1883893740	1448204884
2705324457	1448207028
5713543109	1448209640
5713387983	1448222239
5699401425	1448236208
3494333975	1448242293
5500678398	1448248987
2786506032	1448250510
1609679643	1448251133
5429779261	1448256192
1799166541	1448256792
2722374061	1448263319
1567314890	1448266455
2068967471	1448275622
5511809449	1448280577
1772245094	1448338678
5752627802	1448359642
3308662607	1448378612
2235726633	1448387403
5270334126	1448495749
5595627181	1448545333
1685990282	1448679767
5592552337	1449286454
