2656274875	1449807623
2665704061	1449807648
1839656752	1449807648
1846925503	1449807656
2326263565	1449807660
5080030359	1449807664
3869591833	1449807666
5730173246	1449807667
3885232839	1449807669
2696951941	1449807677
2537655273	1449807679
1778558765	1449807679
2613575337	1449807684
1787039927	1449807686
5670867463	1449807687
3266715932	1449807691
1813447613	1449807691
5515015009	1449807694
5702957883	1449807697
2503972480	1449807700
3946434934	1449807700
1679639307	1449807703
3517304015	1449807705
2424454490	1449807707
5215936659	1449807708
5754688613	1449807709
1677105737	1449807715
3033171217	1449807719
2125010353	1449807727
5299054366	1449807727
3896608340	1449807728
5027492097	1449807735
3143920291	1449807738
2954231503	1449807740
1003917132	1449807745
1694911435	1449807746
5629365877	1449807746
5774922609	1449807746
2532992180	1449807746
5113396122	1449807746
1415086827	1449807752
5563234873	1449807753
3511763325	1449807753
5270182753	1449807755
1362226425	1449807755
3837496583	1449807755
3857078324	1449807758
2346545264	1449807759
3401576430	1449807761
1628412603	1449807761
3213957534	1449807761
5154683272	1449807767
3196390553	1449807767
2964160224	1449807768
3006238255	1449807768
5282376542	1449807769
2459635097	1449807771
1924953790	1449807771
2296585362	1449807772
5588339665	1449807773
5149196899	1449807779
3990779914	1449807781
5760202043	1449807791
1178683292	1449807792
5127478238	1449807792
1680038614	1449807792
3919934546	1449807792
1968018977	1449807796
2438017562	1449807804
1917353927	1449807806
2180827511	1449807809
1843185580	1449807809
5736214899	1449807811
3434340754	1449807814
3583831255	1449807815
3834638192	1449807817
2943397477	1449807818
2339299744	1449807818
3109574291	1449807824
1352552884	1449807824
5736214899	1449807827
3154337932	1449807827
5783089318	1449807828
2702423533	1449807834
2210347511	1449807835
5177434386	1449807835
5652291685	1449807836
3772467737	1449807837
2975386415	1449807845
1775302647	1449807847
2240657873	1449807848
1719412625	1449807848
2256921267	1449807852
2882047714	1449807855
5608569903	1449807856
5737106350	1449807861
2052163881	1449807862
1911221911	1449807867
2281447267	1449807867
3177953632	1449807870
5690247504	1449807875
2915990775	1449807877
1635893447	1449807879
5505582151	1449807880
2472922885	1449807884
2478072585	1449807885
5709737454	1449807888
2619845110	1449807890
2099249445	1449807890
2609910160	1449807891
3929856770	1449807902
5770456404	1449807906
5660379120	1449807906
2419140627	1449807907
2784560340	1449807908
2712273081	1449807912
3895522763	1449807917
2649762111	1449807918
1661529875	1449807921
2924153191	1449807923
5768368436	1449807923
5748934917	1449807926
2646103155	1449807926
5270449467	1449807927
2380748211	1449807937
5727841195	1449807947
1178572685	1449807952
5727939491	1449807954
5444399844	1449807957
1406497962	1449807962
1586727187	1449807962
3518184731	1449807970
3182579587	1449807975
2821469570	1449807977
2170827180	1449807979
1007762953	1449807979
3009935052	1449807990
2902631612	1449807994
2469541344	1449807996
2207510615	1449807999
3865452946	1449808002
2749012817	1449808002
2068692060	1449808004
2812494532	1449808007
3860011449	1449808008
5322900048	1449808008
1933912803	1449808017
3926880826	1449808019
5754290392	1449808024
1743775682	1449808024
5733285455	1449808037
1760338941	1449808037
5662531390	1449808038
5664994749	1449808046
2204105703	1449808046
5628295459	1449808051
3036183270	1449808058
1637526420	1449808059
5344631916	1449808061
2568499040	1449808061
3777174132	1449808064
2715972537	1449808066
1949099141	1449808080
1527228463	1449808082
3925292829	1449808086
5634215615	1449808091
5578512375	1449808096
2242962887	1449808099
2575665223	1449808101
1201596142	1449808101
3595574675	1449808103
3027495492	1449808106
2696431233	1449808106
5524483505	1449808107
1396444680	1449808111
3478665425	1449808111
1451915770	1449808116
3934702182	1449808116
3176023311	1449808117
2205620034	1449808133
2135884277	1449808137
1812981891	1449808148
5697584423	1449808153
2879976227	1449808158
1841816942	1449808165
5788918899	1449808178
5663460797	1449808184
2619593307	1449808185
1904789291	1449808185
2285569455	1449808187
1843476360	1449808188
5054052890	1449808189
5311929870	1449808206
5450444281	1449808217
5704769241	1449808219
5773715029	1449808224
1105148625	1449808228
2356298087	1449808231
3265451612	1449808233
2507715387	1449808241
5444764229	1449808248
1620506343	1449808255
3124611827	1449808259
3158160674	1449808263
5187234839	1449808273
2032429937	1449808282
5546030103	1449808286
5156329112	1449808286
3137262393	1449808294
1221385891	1449808297
2409525930	1449808301
1797577402	1449808307
1783913330	1449808307
2945763242	1449808307
2806106500	1449808311
3866547767	1449808314
5585543590	1449808315
1750267454	1449808317
2996142023	1449808319
1908475791	1449808323
5703637468	1449808330
5660241425	1449808344
5635255424	1449808347
2773899355	1449808349
5745138250	1449808362
5505892876	1449808363
3780895625	1449808368
2877412282	1449808378
3053551021	1449808381
1697148862	1449808381
2021089373	1449808390
5069976034	1449808393
2022223844	1449808402
5289754541	1449808403
2760538980	1449808406
5092406295	1449808408
5665808016	1449808412
3929120662	1449808434
2105166837	1449808436
3822453937	1449808448
2105166837	1449808463
2941037437	1449808464
5054845252	1449808465
1219292323	1449808474
1085370000	1449808475
3266268597	1449808480
3303907895	1449808487
3306746583	1449808488
5239167722	1449808492
2824737015	1449808506
2598689183	1449808510
2829804950	1449808516
5052957414	1449808526
3110271713	1449808526
1736948843	1449808529
1834614117	1449808536
1757251761	1449808537
1821423843	1449808538
5756885241	1449808540
5447520098	1449808542
2695735524	1449808552
5136870456	1449808552
3479606057	1449808555
3537020300	1449808557
1984452647	1449808563
2930992437	1449808566
1730761160	1449808568
3214343704	1449808573
5241338470	1449808579
1842025361	1449808593
1938222840	1449808596
2648301940	1449808600
3011489063	1449808602
2880243775	1449808602
3244124002	1449808610
1839274187	1449808611
2836004885	1449808621
2437727967	1449808623
5182085035	1449808629
3963438827	1449808640
3014056997	1449808642
1916354620	1449808650
2800402331	1449808650
2374938150	1449808657
2174960233	1449808660
1571240651	1449808676
1573481943	1449808678
5533374657	1449808693
2413027205	1449808696
1159861000	1449808706
1892592753	1449808706
5598627198	1449808712
2155368313	1449808718
1580090917	1449808721
5454553838	1449808728
3243608582	1449808733
5538387758	1449808736
5458722339	1449808740
2702873727	1449808747
2672395714	1449808750
3828728327	1449808753
5559911884	1449808755
3514134572	1449808761
2195640172	1449808764
2718621464	1449808765
2209133940	1449808770
2986126205	1449808771
2126366542	1449808772
5728851430	1449808782
1869908635	1449808790
3205845893	1449808794
3287807592	1449808823
5711656989	1449808834
2257631224	1449808837
3994055277	1449808837
3326383922	1449808845
1742898037	1449808851
2845112244	1449808851
5024092977	1449808860
5582964061	1449808870
2557196377	1449808871
1933280744	1449808873
1856707947	1449808876
1795552981	1449808896
1408937281	1449808920
3469661884	1449808925
2403909834	1449808931
1864576120	1449808934
3302676805	1449808938
2198796240	1449808939
5231312085	1449808954
2551156867	1449808957
2281843391	1449808958
2036853852	1449808958
3132411095	1449808984
2742338695	1449808987
5359270016	1449808997
2686020471	1449809000
1594692781	1449809006
2675577671	1449809008
2680914305	1449809010
2739960621	1449809017
2177016104	1449809027
3174584373	1449809037
5754702523	1449809049
2204719767	1449809050
5600722549	1449809051
2634885321	1449809059
1799594601	1449809061
2657278193	1449809070
2733647330	1449809071
3003947022	1449809094
2167150183	1449809116
3208982673	1449809128
2498373751	1449809132
2788480997	1449809135
3949831809	1449809140
1650967685	1449809175
2037618133	1449809178
5162906681	1449809178
2123225252	1449809179
5085547742	1449809184
2541839745	1449809190
5271165116	1449809191
1203552617	1449809198
5352996464	1449809203
2709752830	1449809206
3225734890	1449809213
3536854620	1449809214
2983648720	1449809216
1870287744	1449809230
3898442399	1449809236
3480816504	1449809249
5647884907	1449809250
1424390047	1449809261
2584073463	1449809271
2783852901	1449809273
2182895080	1449809286
3895419055	1449809289
3471130434	1449809292
2805375294	1449809295
1803913695	1449809305
2975337634	1449809310
1731952370	1449809326
2518963832	1449809326
1624109895	1449809328
2507235893	1449809354
2781672885	1449809369
1046508653	1449809369
5660490741	1449809371
1672882151	1449809371
5346388225	1449809373
2132091664	1449809375
3019244052	1449809387
2097389401	1449809396
2653432053	1449809412
2765792655	1449809414
1577940132	1449809425
3857363357	1449809438
1959528361	1449809448
3679339572	1449809454
3030217443	1449809460
1842596571	1449809463
3086328647	1449809478
3978359702	1449809487
2695706185	1449809487
2805445955	1449809490
3198340073	1449809500
3184181237	1449809500
5544646133	1449809509
1421779903	1449809510
5097815277	1449809515
5516419295	1449809536
2742173547	1449809539
1791389681	1449809542
3178713920	1449809548
5328291680	1449809548
1818680057	1449809554
3780426227	1449809581
5564740567	1449809597
1146675781	1449809615
2282032287	1449809622
1610996641	1449809625
1442389275	1449809632
1812574295	1449809633
5680221678	1449809644
5226789986	1449809677
1586048563	1449809685
2083906241	1449809710
1745037372	1449809718
3906517353	1449809721
5592802477	1449809721
1969888341	1449809722
1767913594	1449809725
1846359244	1449809727
2868544177	1449809734
2133477603	1449809740
2790297145	1449809750
5399599691	1449809765
2829282277	1449809765
5299339442	1449809765
5241388122	1449809769
1772136911	1449809817
5723876677	1449809819
3353329792	1449809820
1788233762	1449809831
1764981004	1449809832
1278828291	1449809838
2984096244	1449809856
3038686872	1449809863
1959725717	1449809887
2682541322	1449809889
5045710981	1449809895
2013532717	1449809902
1035457442	1449809906
5464109916	1449809910
3451258430	1449809913
1053795423	1449809913
5370075547	1449809917
2672590155	1449809918
2639277430	1449809918
2395819941	1449809943
5591183823	1449809946
1824746572	1449809946
2390355967	1449809951
1298509995	1449809954
5747583586	1449809997
2787210712	1449810006
3057982655	1449810046
2059601442	1449810063
5200029942	1449810076
5375799520	1449810077
2986384085	1449810116
3065352237	1449810127
2142336330	1449810127
1293285244	1449810179
1792142203	1449810180
1101807033	1449810188
3757679664	1449810220
3709070567	1449810225
2681750125	1449810225
1866696207	1449810228
2351060101	1449810281
1657481771	1449810302
2672687873	1449810344
5574951133	1449810348
3401842172	1449810372
2268681353	1449810381
1573267852	1449810405
3903676609	1449810465
5653852508	1449810477
5749018841	1449810497
3801195251	1449810507
1196380982	1449810511
1827580805	1449810516
3609032033	1449810538
2406821102	1449810581
5785138311	1449810623
5671409302	1449810628
5706942002	1449810690
1758789113	1449810695
2833733605	1449810711
5585616490	1449810739
5319574326	1449810746
2348827524	1449810753
3612605543	1449810763
5074317136	1449810782
5342075347	1449810793
1629249102	1449810811
2806761251	1449810816
5711647295	1449810825
2144822397	1449810829
5391468738	1449810847
5509878274	1449810861
5556477844	1449810869
2043058675	1449810910
2705682003	1449810918
5259346647	1449810938
1768949925	1449810975
3616379940	1449810994
5018930924	1449811043
5036503970	1449811044
1672027602	1449811083
3325354234	1449811097
5111212398	1449811112
2348451343	1449811119
3719929680	1449811159
1808516475	1449811187
5503369648	1449811202
1260021244	1449811225
5772325270	1449811236
3877732307	1449811275
2819074325	1449811300
1645084280	1449811303
1093287367	1449811327
2525973281	1449811352
1993162100	1449811369
3739908052	1449811371
3098185897	1449811378
5664099180	1449811383
5287274830	1449811396
5105438250	1449811420
1677074622	1449811448
1790748083	1449811521
5125350500	1449811527
3923763903	1449811611
3887092068	1449811625
2963906837	1449811627
5637833190	1449811630
2647572194	1449811711
3817059348	1449811783
5348615048	1449811819
1798729654	1449811832
5606860765	1449811858
5614705818	1449811879
3757468451	1449811881
2989962234	1449811886
5608762602	1449811886
1819578995	1449811915
1862677584	1449811951
5051439603	1449811974
3284021371	1449811997
5172227834	1449812027
3224403375	1449812117
3194801454	1449812175
5728734322	1449812176
5331902278	1449812206
1895623191	1449812210
2720993073	1449812215
5071661170	1449812256
2239982652	1449812299
5316324827	1449812364
2480880704	1449812386
1832453421	1449812390
3989941199	1449812392
2709704414	1449812405
1770682324	1449812411
3004393265	1449812440
1837190411	1449812452
2622467055	1449812463
5131413945	1449812470
5305416005	1449812478
2197572250	1449812489
2031698741	1449812502
1679555473	1449812515
5323731427	1449812537
3741631813	1449812543
1743561742	1449812598
3131521495	1449812611
3978262599	1449812614
2615715027	1449812631
3677018274	1449812635
5643692739	1449812668
3176438267	1449812693
2331475275	1449812706
5260577600	1449812722
2720192314	1449812730
1245780372	1449812731
5683859391	1449812778
2147061781	1449812806
3274665512	1449812829
3842670948	1449812868
3172205597	1449812899
2672601103	1449812933
1149927204	1449812942
1351760477	1449812981
1210801290	1449813007
3397204300	1449813018
5345576737	1449813116
5475022006	1449813121
5667249020	1449813180
5105087193	1449813191
1858383784	1449813226
1752209602	1449813309
3169588710	1449813310
3200396112	1449813315
3862581425	1449813334
3948767742	1449813344
3929271829	1449813385
5545445398	1449813410
3901838563	1449813492
2948141240	1449813557
2683260317	1449813629
2728354637	1449813638
2713943694	1449813648
5702076763	1449813693
5779155057	1449813708
5040336931	1449813742
3177521024	1449813780
5623652125	1449813881
2942474333	1449813967
5022873337	1449814013
2420135387	1449814068
1440459397	1449814070
5335555260	1449814084
5535343235	1449814131
3516915803	1449814184
3030217443	1449814192
2144093544	1449814231
3215323503	1449814318
3198668361	1449814332
2151748611	1449814337
3855364065	1449814373
1144744025	1449814461
5512780641	1449814502
1666381704	1449814513
5035944985	1449814600
5259433482	1449814610
2549487550	1449814682
2002124463	1449814688
5635853650	1449814689
5619021031	1449814762
1967260231	1449814765
5631209628	1449814789
3129436741	1449814804
2074561827	1449814839
3901276080	1449814878
5260759664	1449814893
1438800207	1449814927
1162536945	1449814934
5028644713	1449814941
5743548546	1449814959
3771205037	1449814977
3025918615	1449815006
3070098323	1449815110
3949990200	1449815174
3105103093	1449815247
2560159450	1449815252
5537788366	1449815265
2676205580	1449815329
3963104245	1449815338
3928767081	1449815614
2413836290	1449815626
2470107734	1449815674
1852121163	1449815676
3951860546	1449815680
2602001107	1449815691
2170196220	1449815758
5041811652	1449815796
1910170164	1449815934
2706469933	1449815936
5074408900	1449816030
3305852087	1449816136
3279171287	1449816186
2102683001	1449816254
2073651351	1449816322
3876792928	1449816331
2708865284	1449816357
1907875130	1449816450
3045165411	1449816614
2673836940	1449816753
1897673655	1449817003
1254609697	1449817155
1995970533	1449817255
3623615317	1449817308
2187135811	1449817459
3905630872	1449817474
1617971570	1449817488
2549517357	1449817606
3205455305	1449817743
5038939461	1449817784
1725897287	1449818043
3460212964	1449818244
1221070207	1449818276
3155412512	1449818314
1003080421	1449818395
3716948122	1449818410
5368266408	1449818598
5264375781	1449818706
5101387585	1449818801
3717676562	1449818896
2659107227	1449818926
2097030944	1449818978
3930502551	1449819072
2437252455	1449819099
5556558892	1449819343
1106440791	1449819400
1690692163	1449819443
3738434923	1449819519
1144927127	1449819664
2307393644	1449819742
2964169533	1449819773
3709631324	1449819857
3227380705	1449819872
3844650989	1449819908
5639783662	1449819909
3165297125	1449819984
2164849937	1449820157
2380640225	1449820273
5561108767	1449820325
5713270024	1449820326
1418253624	1449820343
5042794052	1449820365
5388250485	1449820696
2166849844	1449820754
1400663904	1449820807
3816561150	1449820922
3749469855	1449821142
1269374815	1449821155
1962757434	1449821505
3479631715	1449821844
2648301940	1449821981
3841502106	1449821999
2968813583	1449822074
3175512401	1449822168
1165278845	1449822599
5285396200	1449822735
5731504657	1449822957
1673472707	1449823122
3799712606	1449823135
3303897574	1449823322
2996276517	1449823451
2093209427	1449823752
2811263812	1449823818
2274557072	1449823824
3178986124	1449824068
1114195752	1449824271
1808103922	1449824287
3580019507	1449824316
1082454871	1449824345
5682235221	1449824514
3672293717	1449824599
3912436709	1449824639
3707205340	1449824903
3315999444	1449825026
5541505031	1449825054
2177163353	1449825180
5339888115	1449825695
2363191075	1449825770
3278633307	1449825983
5329502508	1449825999
1045709915	1449826083
3278633307	1449826089
5508351120	1449826297
2752160420	1449826510
5602769808	1449826599
2847503052	1449826720
5099544754	1449826819
2455778541	1449827081
3938709579	1449827737
2745148953	1449828253
2693940192	1449828353
2012962887	1449828438
5231747065	1449828570
3676446771	1449828726
5692405766	1449829386
5789714548	1449829589
5627900899	1449830591
3499370747	1449830866
2843452385	1449830876
1875150603	1449831206
3662435065	1449831304
5683383032	1449831766
5683519778	1449832898
5275346051	1449833151
2713864992	1449834343
2836255602	1449834426
3919402094	1449836005
3905275245	1449836276
2208606500	1449836364
2451757882	1449837406
3900498898	1449837940
3866117246	1449837975
2980541477	1449837976
1989033893	1449838037
1989170453	1449838193
5758465567	1449838216
5758712456	1449838654
1917423493	1449839270
2721266967	1449839560
5635439716	1449839567
1737271705	1449839776
1297286605	1449840792
3039078244	1449841050
3171484922	1449841099
2125317865	1449842488
1948178821	1449842812
1544247257	1449843705
3616265640	1449843896
3674330384	1449843940
5553879734	1449845078
3371137434	1449845177
5187195626	1449845636
3307488285	1449847037
5193321825	1449847191
1929914243	1449847308
3957518918	1449847469
5718747777	1449848047
2474517791	1449848334
3696870763	1449850161
5570327592	1449850708
1025905435	1449874960
2443850732	1449876400
1033463434	1449877025
3930257664	1449880698
2989214311	1449880740
5062219073	1449884180
3335420080	1449891592
2311376764	1449892988
3896964216	1449893903
2615605665	1449894886
3568207541	1449894952
2763552131	1449895010
5124186952	1449895104
5659515925	1449897419
2345301320	1449897512
2568089405	1449898806
5063895718	1449899844
5028894513	1449907330
5511641317	1449907762
2974933254	1449912490
5785626026	1449916903
1764149393	1449918942
1003184204	1449920821
2735434213	1449921666
1659273977	1449923609
2954103552	1449927995
1893752365	1449933065
5339191071	1449934548
3933886992	1449958128
3576141200	1449968710
2755696282	1449982500
5303425358	1449983294
5026793498	1449984195
5235867533	1449984798
2681078501	1449988980
5530220254	1449990941
5644004118	1449992621
2792958414	1449992692
5680237450	1449992742
5783399013	1449992800
3093967033	1449992850
2916540900	1449992992
2517306914	1449993050
2018951377	1449993329
5776584197	1449994108
1710086012	1449995143
5361015542	1449995281
5776844027	1449995807
1670111270	1449995905
5318918358	1449997312
1793056050	1449998448
2175056134	1449999139
5178040542	1450001222
1180793181	1450001807
5447497262	1450003134
5448954970	1450004654
5570710314	1450008211
5105289262	1450008254
2697024742	1450009820
5682376443	1450012057
2249921607	1450012619
3198021547	1450012696
5562923778	1450014440
5067381630	1450014678
5278366496	1450016663
1994487125	1450020159
2110758923	1450021138
2482141941	1450027380
1338998335	1450052336
3313051055	1450058058
5448812368	1450064422
3996245879	1450065401
5350042894	1450065466
5768555767	1450065715
5539148792	1450070344
3286534145	1450071269
2090152527	1450074702
1355243152	1450086405
2710637937	1450194302
1688097554	1450266312
5700561471	1450312625
3173106884	1450324724
5130643819	1450800749
3575976455	1450840863
2838207784	1450865151
5432549541	1450922612
1727734864	1450951407
3193014085	1450965489
2080543775	1450965527
2133665514	1450965578
3048188590	1450965582
5768333747	1450965979
5768327561	1450966000
5768151968	1450966017
5768335854	1450966049
5768150239	1450966065
5768336070	1450966109
5769860234	1450966127
5768141715	1450966161
5767937814	1450966180
5768132106	1450966200
5767921000	1450966219
2557179134	1451271304
