1618051664	1448689644
5408371271	1448689665
5547463008	1448689669
5698919767	1448689679
5672775688	1448689681
1588732055	1448689690
5098396699	1448689703
5334608097	1448689707
3199418933	1448689715
1652168955	1448689721
1403323275	1448689728
2398372367	1448689736
2472100102	1448689761
5485909854	1448689769
2332964327	1448689784
2138148705	1448689795
1861549474	1448689807
2042306962	1448689822
1168903185	1448689830
5745651004	1448689832
5734666397	1448689862
1682267751	1448689887
2006005904	1448689893
1516688997	1448689896
1710810174	1448689898
3684289837	1448689900
1945729341	1448689920
2283362670	1448689924
1651430985	1448689934
1968608795	1448689938
1766638540	1448689978
1721720943	1448689993
2086060165	1448690002
1647720821	1448690008
1062427413	1448690013
2563912582	1448690016
2973557274	1448690020
1638630570	1448690029
2048893893	1448690038
3732147737	1448690057
1757809323	1448690100
2706469933	1448690104
1647720821	1448690109
1221334250	1448690128
2001891655	1448690135
1825938771	1448690190
1276789105	1448690198
1762819635	1448690218
1857510732	1448690231
5306606037	1448690234
2150715265	1448690261
5517818471	1448690263
1252859921	1448690266
5480764998	1448690281
3957005977	1448690289
2473861825	1448690309
1816459807	1448690315
5580780475	1448690315
2691900223	1448690324
1720823835	1448690332
1974633625	1448690339
2138827007	1448690348
5408723090	1448690387
1593633120	1448690406
5586389531	1448690440
3547970417	1448690449
1821829845	1448690464
2330337152	1448690488
1423551251	1448690493
2134384910	1448690500
2540436150	1448690514
2097982047	1448690557
5286194899	1448690560
2460667561	1448690573
5510281138	1448690586
1835950965	1448690590
2245669134	1448690630
2311014691	1448690645
1015090134	1448690657
2696144070	1448690670
5750653963	1448690694
1804536522	1448690726
2315303017	1448690759
1768997300	1448690774
3075221283	1448690877
1179941637	1448690902
1681463584	1448690919
3098979750	1448690956
3188247442	1448690958
3923971202	1448690969
1421804340	1448690986
3108093641	1448691011
5270442884	1448691027
3318097141	1448691043
1757901283	1448691063
1912154423	1448691096
1063815617	1448691175
1772400295	1448691179
3481891224	1448691182
1996683395	1448691186
5656024084	1448691250
5122886758	1448691433
1763094262	1448691457
2836534640	1448691480
3847375840	1448691485
1825938771	1448691489
5578787518	1448691495
2163583002	1448691532
2540187460	1448691559
1490083472	1448691571
1807695293	1448691576
2608393305	1448691592
1005223987	1448691615
3262929424	1448691627
3809771440	1448691655
3195148202	1448691720
1622576630	1448691763
1774995997	1448691771
1166753073	1448691780
1057619495	1448691783
1657401571	1448691802
1825938771	1448691820
5096210628	1448691935
1970079337	1448691941
2588129884	1448691984
5763584477	1448692108
5177649729	1448692121
1628368407	1448692160
2866502981	1448692166
2114921233	1448692220
2023539605	1448692329
1797630503	1448692361
1825938771	1448692406
1305318000	1448692436
1902777873	1448692649
1013897204	1448692696
2161243971	1448692730
2250334310	1448692766
1914854025	1448692782
2239147271	1448692833
3165587342	1448692850
5561108767	1448692899
5100155610	1448692946
2175349781	1448692952
5100155610	1448692976
1285117922	1448693059
1747821421	1448693310
1164363697	1448693332
1761605994	1448693348
1632749205	1448693358
3845049387	1448693360
5132138997	1448693372
5132138997	1448693398
2293589461	1448693406
2008867975	1448693418
2178314817	1448693430
3961249940	1448693469
1676978980	1448693561
1154304765	1448693586
1796374633	1448693609
3482007842	1448693650
3100282633	1448693653
3917399564	1448693811
1680165751	1448693872
2498308233	1448694012
2199732095	1448694031
5131594707	1448694241
2300749305	1448694247
2366903945	1448694327
1740370632	1448694364
2091922303	1448694364
2096527905	1448694484
1343618603	1448694513
5161180247	1448694520
1850734314	1448694606
1890979901	1448694815
2147471755	1448694840
1431290581	1448694853
2428851264	1448694971
1963051607	1448695152
3025786337	1448695156
1933699402	1448695234
1846263691	1448695586
1810858440	1448695616
5738603271	1448695691
5443925986	1448695756
5768186432	1448695852
5509106184	1448696093
2134134727	1448696131
2436845313	1448696298
3253966787	1448696526
1616430541	1448696597
1889045671	1448696772
3287872390	1448696963
2427962532	1448697004
1826597291	1448697153
2946908971	1448697286
3355228550	1448697305
1889045671	1448697425
3943363789	1448697478
2303786740	1448697806
1734001115	1448698032
1723316222	1448698083
5438337576	1448698180
2812367901	1448698192
1802238382	1448698208
5384934820	1448698292
1888474821	1448698687
1637052241	1448698910
3354687110	1448698989
2349077391	1448699057
5589604719	1448699654
2470401064	1448699777
5645450667	1448699781
2627127517	1448699932
1654307674	1448700015
2594423817	1448700092
3932271898	1448700115
2902264857	1448700116
3122467534	1448700252
2208509463	1448700568
1519080345	1448700864
1690121124	1448701542
1686716284	1448701574
2731039265	1448701580
3038217730	1448701615
3038217730	1448701636
3126687175	1448701704
1704408663	1448701840
1910791662	1448701887
3254814175	1448702204
1731141821	1448702886
2972215833	1448703458
2271640662	1448703743
1998817643	1448704294
1658399430	1448704948
2355710223	1448705268
1669752950	1448705475
5501690932	1448706852
1603025820	1448707427
1779342363	1448708073
2814696633	1448708607
3986713746	1448710369
2348897214	1448710435
5037858803	1448710636
1874894390	1448710816
5310768760	1448710890
2705462180	1448711772
2550708063	1448712541
5619376649	1448712989
1990247305	1448714359
2827105091	1448715021
2215098533	1448721427
1824783164	1448722630
1660127815	1448722743
2451353555	1448724754
2851512124	1448726905
1741876394	1448727227
3236795310	1448728763
3062365691	1448738745
3280401953	1448740873
2588029787	1448760388
1821729732	1448762201
1636732640	1448763432
1636732640	1448770186
2590338377	1448793217
5124050871	1448795655
3221408822	1448820089
3249435392	1448843301
1752685232	1448853080
3891259514	1448859255
1646424873	1449066488
5489417512	1449131191
5400283946	1449265609
