1220291284	1447509887
3576208552	1447509906
1346845270	1447509907
1709117740	1447509908
3310755493	1447509910
1740920843	1447509913
1736418432	1447509914
2234255773	1447509919
2623438537	1447509920
1652545623	1447509921
1700755360	1447509923
2465417855	1447509926
1687779113	1447509931
5362568261	1447509932
1686101151	1447509934
1752086591	1447509936
1913606157	1447509938
3695002037	1447509939
5308288664	1447509940
5370383833	1447509947
2607813771	1447510362
1969451591	1447510363
2676323317	1447510367
3236054954	1447510377
1828327831	1447510377
1724097700	1447510380
1706482640	1447510381
2150224495	1447510387
1656154351	1447510388
1912627933	1447510392
2145672427	1447510402
1691057725	1447510404
1847967445	1447510406
2135745673	1447510406
1922466115	1447510406
2821741621	1447510409
1070413763	1447510411
2646175522	1447510412
1832799277	1447510413
1886297437	1447510414
1728612151	1447510415
1785153525	1447510419
1822687247	1447510432
2804350762	1447510440
5626167758	1447510443
1837410680	1447510448
2865931594	1447510449
1739776221	1447510451
2872927640	1447510454
2000658117	1447510457
1744207803	1447510461
3120010160	1447510474
1919133715	1447510477
2923043882	1447510480
2441804045	1447510490
5075594847	1447510493
2196303462	1447510498
1692302237	1447510501
1059737781	1447510514
1750366791	1447510518
1114037014	1447510525
1644914385	1447510528
1686486941	1447510529
1516097877	1447510534
2135929313	1447510538
1717427015	1447510543
1904437651	1447510545
2137835207	1447510548
1279132563	1447510549
2449884134	1447510550
1931137373	1447510552
1738156671	1447510554
2698202991	1447510557
1763022964	1447510570
1265528640	1447510574
1883517321	1447510574
2994160101	1447510574
5540445944	1447510576
1292500644	1447510576
1723981753	1447510577
1770049327	1447510587
2620389393	1447510592
2548714984	1447510592
1782930977	1447510593
1048757665	1447510599
2009061037	1447510600
1973908243	1447510601
3898268762	1447510602
3545397021	1447510606
1678321462	1447510607
2870899394	1447510611
2652974953	1447510616
1850471572	1447510616
1894761535	1447510620
1678473727	1447510621
3254857023	1447510621
1871652524	1447510622
2710795742	1447510626
3267277283	1447510626
2480604177	1447510630
2384545280	1447510630
3615546512	1447510638
2131460804	1447510639
1706889491	1447510644
3158553667	1447510647
2099906541	1447510648
2259418985	1447510659
1650169137	1447510667
1661344153	1447510670
2130611027	1447510673
1711612500	1447510677
3762393573	1447510679
1774248705	1447510683
3072530977	1447510684
1219343933	1447510687
1739592673	1447510691
3464108320	1447510691
3147520857	1447510692
1737244140	1447510697
1736902162	1447510699
1921430830	1447510701
2484969395	1447510702
2695464701	1447510702
2294134503	1447510710
2680619861	1447510723
1799020541	1447510733
2102083293	1447510737
1822384017	1447510737
1621782054	1447510738
1804217367	1447510739
1700761484	1447510743
1848373853	1447510743
1770934281	1447510744
2721057161	1447510747
2394576535	1447510757
1734218892	1447510758
2789320341	1447510763
1346497092	1447510767
1732266951	1447510775
2721500527	1447510780
2052072484	1447510781
1654683682	1447510789
2312816843	1447510794
2170785560	1447510800
1764297244	1447510802
1585224955	1447510805
1904539330	1447510806
1850824721	1447510812
2062310941	1447510815
2176317425	1447510820
1232300132	1447510821
1572439620	1447510826
3791820474	1447510837
2529424745	1447510846
2349513402	1447510846
5307290096	1447510846
2517573465	1447510847
1076765565	1447510853
1971054234	1447510858
1698112947	1447510858
1757743585	1447510859
1822979915	1447510864
1919345141	1447510866
1795197625	1447510871
1794120051	1447510880
2464930824	1447510886
1619549014	1447510890
1432785844	1447510898
1458940234	1447510900
1156295581	1447510902
1799917204	1447510902
1839550091	1447510911
2907758017	1447510917
1802117235	1447510917
2017351701	1447510918
1799434054	1447510918
1234307377	1447510931
2486334321	1447510940
2421326681	1447510951
2949924532	1447510953
1593340882	1447510955
1881676053	1447510956
5436459986	1447510958
1854119333	1447510960
1907402133	1447510960
2514282331	1447510961
1808340795	1447510970
1761913695	1447510971
2146369933	1447510974
2302502307	1447510985
1747499303	1447510987
5581557345	1447510996
1908854467	1447511000
1804043883	1447511007
1131952161	1447511017
1077526735	1447511019
1323376003	1447511025
1903986517	1447511029
3191466982	1447511031
2772386233	1447511040
2749673811	1447511041
5332187792	1447511051
2718312630	1447511054
1980114281	1447511060
5189984793	1447511063
2944302097	1447511065
2460491141	1447511069
2106327402	1447511070
1665437907	1447511071
1879647782	1447511082
2068335507	1447511085
1765994442	1447511087
1871553430	1447511088
1902261632	1447511089
1863139755	1447511090
1978842253	1447511091
2214971524	1447511092
1918777275	1447511093
3213913862	1447511100
1810948080	1447511103
2250733494	1447511104
2663435401	1447511107
1730987625	1447511109
3160402622	1447511128
1690156064	1447511129
1674429155	1447511132
1975369712	1447511145
2272101444	1447511147
1352448320	1447511155
1771931722	1447511156
3044931852	1447511169
1212744124	1447511171
1792775460	1447511174
1834276965	1447511181
1740160700	1447511189
1707706314	1447511191
3307058230	1447511206
1767085507	1447511212
2393500927	1447511213
1734146600	1447511213
2471987177	1447511226
1686521072	1447511227
2709328751	1447511233
2707378861	1447511237
2163036867	1447511243
1737775814	1447511244
1844082534	1447511245
2286256202	1447511251
2036173297	1447511262
2526541442	1447511266
2712290383	1447511268
1736760832	1447511268
2213055931	1447511274
2262648520	1447511275
1930971281	1447511289
1837046975	1447511294
1923691353	1447511296
1924632792	1447511299
1727100221	1447511311
1723546511	1447511314
1287795192	1447511316
1407128014	1447511319
1664092601	1447511337
1641489771	1447511338
2425864533	1447511347
2473472451	1447511349
1805296843	1447511359
1801237403	1447511361
2949354984	1447511365
3106147603	1447511377
1713566990	1447511387
2166502433	1447511387
1794414122	1447511394
1323630885	1447511399
2879632511	1447511405
1792373627	1447511407
1790223385	1447511409
2685913475	1447511421
1862809630	1447511429
1291710315	1447511436
3088562874	1447511437
1912329167	1447511445
2242920970	1447511446
1862289114	1447511448
1291710315	1447511458
2429542715	1447511459
1378060537	1447511472
3182684007	1447511475
5725450151	1447511476
2824731521	1447511479
1745995165	1447511480
2936836131	1447511482
2408061051	1447511487
1960899253	1447511493
1887471870	1447511498
2340051381	1447511505
1420105704	1447511510
2467424402	1447511512
1773014220	1447511513
1841126772	1447511525
1711597802	1447511528
1898850147	1447511547
3474270870	1447511549
1577672290	1447511556
3749052672	1447511565
1922501220	1447511570
2423352782	1447511573
1914160912	1447511584
3806911342	1447511593
2815764025	1447511601
1309136003	1447511605
2249895110	1447511612
1898850147	1447511622
1748233252	1447511633
2436163265	1447511638
5729192522	1447511642
3511885300	1447511653
5284295080	1447511653
1961699337	1447511660
1655410842	1447511663
1440802301	1447511670
1822394693	1447511678
1889649070	1447511689
2323637602	1447511697
5175113682	1447511702
1790628185	1447511713
2817001441	1447511721
2848579325	1447511735
1134600607	1447511742
1956038811	1447511745
1716561840	1447511749
1788109981	1447511755
1787064814	1447511757
1013782900	1447511757
2287099820	1447511759
5079361640	1447511764
1941187765	1447511776
1226570822	1447511777
2664597673	1447511783
2297982150	1447511803
1704582672	1447511804
1767649771	1447511807
2106691623	1447511818
3645744502	1447511820
1742316455	1447511826
1977227357	1447511829
2231406833	1447511833
1503604002	1447511848
1948329461	1447511848
2364338827	1447511868
1863806374	1447511869
2315893120	1447511875
2083259932	1447511878
2089004771	1447511886
3267310212	1447511887
1912055995	1447511889
1677722640	1447511889
2041204462	1447511895
2130485072	1447511898
1671992561	1447511898
1729194090	1447511899
2199767265	1447511899
3002620242	1447511902
1182091987	1447511910
1644613435	1447511919
2497911724	1447511920
1681074744	1447511924
1688235997	1447511926
1933569162	1447511932
1854071383	1447511936
2050855892	1447511938
2076234005	1447511939
2208364935	1447511952
1557175902	1447511956
1613196847	1447511961
1703541967	1447511968
1774242690	1447511975
2465801283	1447511989
1894221312	1447512010
2008309591	1447512012
1737082833	1447512021
2162934583	1447512022
3804842503	1447512022
1791245653	1447512032
2059797487	1447512038
2252546141	1447512044
1685030594	1447512049
3616622295	1447512060
1836753310	1447512070
2122097223	1447512072
1733480250	1447512084
2530828600	1447512089
5750234528	1447512105
1707578974	1447512111
2483766233	1447512114
1875738267	1447512115
2477585510	1447512143
1914043783	1447512151
2242624152	1447512154
1147838171	1447512168
2132764313	1447512171
1704552554	1447512175
5020318801	1447512177
1757235241	1447512178
1926013453	1447512202
1808915467	1447512210
2596159467	1447512217
1823339384	1447512228
3163643590	1447512229
3145744833	1447512231
1780883171	1447512236
3174109334	1447512240
1775317765	1447512244
1739261950	1447512248
1748120275	1447512249
2528789870	1447512254
1241138942	1447512256
1758639513	1447512269
1695923907	1447512275
1846771703	1447512288
1686409334	1447512289
3262154013	1447512295
1787585063	1447512298
1964050487	1447512306
1866025784	1447512312
2428073677	1447512330
2012497497	1447512348
2402831362	1447512350
2106468840	1447512355
2384837250	1447512356
1146452430	1447512359
2685610367	1447512370
1758104967	1447512371
3264802882	1447512375
1771932452	1447512386
2518172582	1447512391
5172471907	1447512397
1799097533	1447512398
3882837842	1447512400
1891132111	1447512404
3440872470	1447512408
2060927395	1447512413
2694506073	1447512423
2645397163	1447512428
1952613785	1447512442
1626154500	1447512460
2669338501	1447512463
1877995245	1447512466
1741534413	1447512473
3316525511	1447512477
1857695074	1447512480
1620403423	1447512482
2724529685	1447512509
1862943142	1447512522
1977053507	1447512524
2243196931	1447512538
2287825510	1447512546
1728197635	1447512555
3005698547	1447512561
5015316827	1447512569
2656923103	1447512578
2875937244	1447512584
1611407550	1447512592
3029932081	1447512603
2412710657	1447512607
2113686174	1447512610
1752433812	1447512615
1224941670	1447512617
5022107805	1447512626
1877084921	1447512630
1661173033	1447512630
1415526667	1447512634
1679284491	1447512636
1794576141	1447512650
2406827717	1447512664
1793907315	1447512678
1802758937	1447512685
2131698350	1447512692
1766798074	1447512697
1443764767	1447512704
2360961722	1447512705
1659368512	1447512706
2749905111	1447512712
2456224184	1447512724
3787264735	1447512729
5559034193	1447512748
2213098607	1447512749
1949639775	1447512767
1815219643	1447512770
1843945817	1447512771
3122576591	1447512786
3228346612	1447512789
1670965980	1447512789
1403000597	1447512800
3084386801	1447512808
2769513755	1447512814
1910207874	1447512815
1698661984	1447512853
1884877814	1447512854
1702617934	1447512856
1807040373	1447512859
1870419227	1447512875
1745325117	1447512876
1686401200	1447512881
1804564550	1447512886
2625058891	1447512892
2199210641	1447512895
1695293733	1447512895
3948544945	1447512900
1815372264	1447512903
2127195262	1447512907
2499682561	1447512907
1996767675	1447512914
1671797001	1447512918
1880533541	1447512924
1273373242	1447512932
1597609480	1447512938
1852506391	1447512939
1262987495	1447512942
5103867807	1447512943
2854993572	1447512957
5351473337	1447512975
1456256811	1447512975
2271893977	1447512978
2262427970	1447512981
1807947022	1447512989
1847776425	1447512993
1216881072	1447512994
2271340783	1447513012
3191376087	1447513020
2262415972	1447513034
1906629451	1447513039
2403207200	1447513050
5300156452	1447513051
1288317990	1447513056
3203033744	1447513061
3820924765	1447513062
1049570305	1447513062
1930394285	1447513067
2116287245	1447513067
1763779621	1447513074
2287071067	1447513082
3388121622	1447513084
2644998483	1447513105
1796813493	1447513111
2583586604	1447513112
3046826017	1447513127
1794416477	1447513127
2508437572	1447513144
2087687250	1447513147
1744384043	1447513161
1791272410	1447513161
1605621507	1447513193
2647388010	1447513212
1701629182	1447513225
1279803877	1447513227
2331337713	1447513235
1881707060	1447513239
3235539712	1447513240
2209363441	1447513241
5025801618	1447513255
2281901612	1447513260
1736234452	1447513264
1835580204	1447513273
1779965104	1447513278
2322402621	1447513282
1347432763	1447513292
1810695254	1447513294
1839144980	1447513321
1986910523	1447513332
1764168177	1447513333
2589309842	1447513342
1829694733	1447513352
1752708893	1447513352
2126728777	1447513353
1685961760	1447513356
2630683325	1447513371
1847503237	1447513393
2124922235	1447513405
1707432345	1447513409
1910118403	1447513415
2459464884	1447513423
1861902564	1447513439
2996542253	1447513444
1751018760	1447513470
2300168013	1447513493
5674210571	1447513519
3904384867	1447513525
1913338815	1447513533
1773030350	1447513535
1845579765	1447513541
1860332604	1447513546
1838046122	1447513553
1637983131	1447513553
1680203182	1447513558
1651807331	1447513566
1790137464	1447513569
1420316693	1447513574
2311748150	1447513586
1763228650	1447513620
1781780367	1447513628
2740351131	1447513642
1934748971	1447513648
1606238217	1447513683
1813716140	1447513692
1825917682	1447513706
2128592703	1447513708
1851072634	1447513720
2291077831	1447513734
2133561520	1447513736
1746831397	1447513741
5242060105	1447513748
1741141871	1447513759
1776881537	1447513767
2412726425	1447513805
1808197050	1447513805
2634316827	1447513809
1852109377	1447513826
1776971885	1447513836
5071812124	1447513868
1794101947	1447513873
1622001082	1447513885
1579855771	1447513935
5242856719	1447513961
3833562953	1447513967
2064490817	1447513977
1300363281	1447513978
1778295895	1447513979
1665485233	1447513986
3815887387	1447513994
2746939467	1447514002
2773116125	1447514003
1676309980	1447514011
1245457343	1447514032
2958186490	1447514036
2766551737	1447514043
1251074400	1447514047
2942792197	1447514048
1769841104	1447514090
1927157180	1447514130
2434628691	1447514136
2829320710	1447514139
2643865995	1447514160
1751870484	1447514201
1633514524	1447514207
3007880545	1447514215
1624361547	1447514221
2306163601	1447514224
1736493511	1447514231
1729784385	1447514231
1968293903	1447514256
2328044873	1447514267
1953432353	1447514294
1840836742	1447514301
3309541737	1447514303
2632247881	1447514312
1692682060	1447514329
2118050880	1447514347
1759310511	1447514348
3288388253	1447514406
2766472911	1447514424
1578088342	1447514425
1620373115	1447514429
2073150013	1447514443
2328044873	1447514451
2201741522	1447514452
2196232745	1447514465
2389530135	1447514496
5344127144	1447514501
5306861103	1447514514
1197221550	1447514518
1702733852	1447514518
2106219611	1447514556
1851224565	1447514557
5213258029	1447514558
1913280451	1447514558
1277170925	1447514561
1917449274	1447514563
1801803331	1447514570
1222713382	1447514589
3235735674	1447514596
1801793870	1447514597
1316178764	1447514618
5363712151	1447514621
3975586919	1447514639
2921474750	1447514644
2931870147	1447514655
1795012244	1447514655
1662092032	1447514659
5648581492	1447514681
1730520332	1447514686
1709390713	1447514694
1851866072	1447514699
2385530987	1447514707
1308153633	1447514712
3050501957	1447514723
5714479051	1447514733
2419262185	1447514737
2409479697	1447514738
2311756351	1447514750
1243313931	1447514770
1824324752	1447514780
3880030891	1447514791
2100992342	1447514793
2451362650	1447514815
3922289331	1447514816
5601588461	1447514819
5503871700	1447514825
1824512551	1447514848
3750434717	1447514851
5658903851	1447514854
1783991534	1447514859
2310378592	1447514863
2682675475	1447514864
1679623500	1447514867
1921481645	1447514878
1897177874	1447514880
1819665592	1447514891
2310378592	1447514891
1864217450	1447514894
5722685273	1447514896
2046489967	1447514898
1885066473	1447514906
2871037427	1447514907
1694706515	1447514909
2127998047	1447514915
1871608001	1447514916
1787505403	1447514923
1108357763	1447514925
2551417761	1447514927
2678503171	1447514930
1056853745	1447514933
1428530374	1447514938
1789582575	1447514946
1248508847	1447514946
2450379794	1447514947
1950492243	1447514951
5706116115	1447514964
1906343593	1447514968
1784153755	1447514970
1657273304	1447514973
2002643130	1447514979
5607479172	1447514989
1935197785	1447514995
2948671375	1447514999
2308950050	1447515009
2255459381	1447515010
2723794474	1447515015
1867062862	1447515020
1794429370	1447515026
1803874585	1447515027
1237686451	1447515030
3003775745	1447515041
2520415543	1447515044
3177344091	1447515047
1899950721	1447515051
2775501575	1447515059
1109952060	1447515059
1788809383	1447515064
1748384987	1447515078
1913156863	1447515086
2024925781	1447515088
5747772954	1447515088
5192007895	1447515095
1958016920	1447515100
1782086017	1447515107
5243980637	1447515129
2215186897	1447515140
3898512329	1447515142
3903094213	1447515142
2030548015	1447515148
1969095741	1447515151
1770971567	1447515158
5158151337	1447515160
3403405834	1447515168
1602431394	1447515173
5029622643	1447515174
1022702665	1447515176
2492063297	1447515178
2840873665	1447515185
2615766563	1447515186
1354425365	1447515198
1763552273	1447515202
1562073325	1447515211
3023169263	1447515213
5686117167	1447515218
1847789130	1447515220
1879616434	1447515221
2710795742	1447515221
1629383015	1447515222
3191727593	1447515229
1760136287	1447515230
1768103050	1447515236
1907500693	1447515236
2652665625	1447515236
1781374565	1447515241
1674209891	1447515241
2035544180	1447515241
5747048383	1447515254
1417905050	1447515256
5748934656	1447515257
2883151107	1447515258
2707630924	1447515265
5320013873	1447515271
5725990218	1447515272
3935019336	1447515274
1868393793	1447515277
5755291872	1447515279
1762562034	1447515282
2751484757	1447515284
1797853213	1447515289
2401011857	1447515294
2345080071	1447515296
1902139704	1447515305
5030604747	1447515305
3917178849	1447515308
2412181203	1447515309
2317802617	1447515311
2155781865	1447515311
5688777540	1447515312
1794992593	1447515314
1970064035	1447515328
3077211814	1447515335
1772482964	1447515337
1979574310	1447515337
1835757644	1447515342
2079234475	1447515346
2164211393	1447515347
1911195497	1447515351
5642230380	1447515352
1885286651	1447515356
2207485954	1447515360
5079077066	1447515362
1868296100	1447515383
2587266970	1447515384
2670672813	1447515391
3139234065	1447515392
3261959275	1447515395
1938347893	1447515397
3170180282	1447515402
5698109720	1447515418
1843437503	1447515422
2283345073	1447515429
5524343396	1447515432
3668040517	1447515451
2362209040	1447515453
5189821344	1447515458
5239482593	1447515461
3158071460	1447515463
1792075533	1447515468
2435371240	1447515469
1728943091	1447515473
5675053557	1447515480
1861888433	1447515482
2101376091	1447515488
2008739851	1447515497
5139583244	1447515503
1681470960	1447515505
2795631201	1447515509
5443268016	1447515518
2358659917	1447515519
1262664071	1447515525
1631413927	1447515525
1714300263	1447515527
3197418732	1447515533
3949594149	1447515537
1988581297	1447515558
3942535872	1447515562
5316177422	1447515563
1795056510	1447515568
2552681422	1447515570
5754023485	1447515583
3205891103	1447515602
1920911770	1447515609
5519456702	1447515611
2338564900	1447515615
2354988541	1447515622
1904683282	1447515622
3443315654	1447515623
3819942501	1447515631
2818738492	1447515634
5289872183	1447515635
1861595804	1447515639
5745921457	1447515641
1337906230	1447515645
2663991261	1447515651
2301898950	1447515660
2910643291	1447515661
1775714917	1447515663
5426022774	1447515666
1862707731	1447515673
1657594602	1447515676
2133505691	1447515681
1661606847	1447515688
2290078154	1447515688
2964904390	1447515691
2731677551	1447515691
5587559570	1447515696
2422630072	1447515697
3627181755	1447515703
1684600981	1447515707
1908215955	1447515728
3685583427	1447515730
2050708057	1447515735
1791784124	1447515736
1715187682	1447515738
1840443265	1447515739
2087548121	1447515749
3438509692	1447515750
2250488592	1447515751
1952703057	1447515752
1830492211	1447515753
3087287963	1447515761
2772908213	1447515768
2212074503	1447515768
3808025968	1447515769
1921447871	1447515774
1211768973	1447515775
1902554593	1447515777
1662505842	1447515778
1777449272	1447515790
2557361003	1447515794
2650247611	1447515799
1905058955	1447515800
1790991361	1447515800
3957303416	1447515804
5027157430	1447515805
5530495503	1447515805
2002781563	1447515816
1731873410	1447515818
1908290937	1447515820
1257076970	1447515821
1148614827	1447515840
1737755141	1447515842
1745703171	1447515844
2896183110	1447515846
1966580413	1447515856
2881295700	1447515856
2857381980	1447515864
2590816514	1447515871
2648653601	1447515876
3288792243	1447515880
1771649233	1447515897
3255458942	1447515906
1744337097	1447515907
1786901917	1447515908
2542284552	1447515914
1890362472	1447515915
3892222596	1447515917
1877539551	1447515918
2200229417	1447515921
5414839221	1447515923
1872770960	1447515928
1166926642	1447515934
1942334887	1447515934
3209808483	1447515942
2018183490	1447515945
5425877891	1447515952
3608942011	1447515954
1583518244	1447515959
1694744661	1447515985
2364745985	1447515989
2709073915	1447515990
2480086181	1447515991
2196898014	1447515993
1758701651	1447515997
2155299762	1447516001
3148164644	1447516003
2588029787	1447516006
2349924567	1447516014
1377425041	1447516017
2517164695	1447516018
1265964074	1447516023
2184378254	1447516028
5712217367	1447516029
2645432631	1447516033
1727365794	1447516041
2474257114	1447516042
1801418174	1447516043
1840275083	1447516044
2760383457	1447516048
1923281380	1447516050
2102223540	1447516066
1894182067	1447516070
1839528172	1447516071
1826038541	1447516077
5207076469	1447516085
2791892720	1447516086
3686807164	1447516088
1573572454	1447516097
1885228491	1447516103
2631255131	1447516109
3300502303	1447516110
2043864531	1447516115
1736359992	1447516134
1738242215	1447516136
2612418124	1447516141
1892254813	1447516143
1822935961	1447516144
5400545430	1447516147
1715758987	1447516155
5490034333	1447516156
1912279485	1447516166
5686639012	1447516171
5647940752	1447516178
5642100099	1447516182
1658825955	1447516200
1233471254	1447516207
1649697487	1447516209
2215220430	1447516213
2395815625	1447516213
1779125090	1447516221
2622783393	1447516226
2136181367	1447516226
1768290984	1447516227
2697600151	1447516229
1805392577	1447516239
2369395887	1447516240
3621434082	1447516245
1862847680	1447516259
1456578574	1447516269
3974811354	1447516270
1962834403	1447516287
1786353072	1447516293
1097930894	1447516299
1873321450	1447516301
3773609372	1447516303
2896183110	1447516309
2357873752	1447516309
2769807703	1447516314
2322642472	1447516319
1004370130	1447516319
3292924431	1447516331
1776766423	1447516331
1773176354	1447516339
1905612941	1447516355
2681794650	1447516374
1854703924	1447516375
1789850775	1447516384
2810443942	1447516385
3120091547	1447516392
3067708807	1447516401
5677360757	1447516404
2152394050	1447516404
2179078407	1447516416
1725104913	1447516435
2664911224	1447516442
3631473677	1447516442
2261977435	1447516449
5749981686	1447516457
2206003471	1447516466
3776995854	1447516468
1849834732	1447516475
1725062431	1447516479
1874100363	1447516479
1241090731	1447516482
5558572900	1447516484
1880682463	1447516488
1341281622	1447516489
5682787344	1447516494
1733060884	1447516497
1884953932	1447516497
5692966553	1447516498
5747846134	1447516504
1722734203	1447516506
2193265527	1447516508
1731612503	1447516509
2136377762	1447516510
3177927830	1447516511
1283103727	1447516519
1958395140	1447516537
1088176912	1447516538
1747189687	1447516543
5174308564	1447516550
5390331887	1447516561
2445368515	1447516566
5390331887	1447516568
2245328745	1447516596
5243627674	1447516599
2074820701	1447516611
1474289121	1447516615
5640201852	1447516616
1751055434	1447516617
3305525287	1447516618
2304991433	1447516623
5674513443	1447516630
1780179583	1447516635
1861408260	1447516642
1886346675	1447516652
2722628523	1447516653
2022612927	1447516653
2431698184	1447516656
1185961997	1447516658
2815980637	1447516661
1736757354	1447516661
2685498924	1447516665
5693849229	1447516676
5709690625	1447516679
2005453145	1447516686
2519975144	1447516687
1811536700	1447516689
1725107562	1447516694
2142100057	1447516699
5669862153	1447516699
2632659771	1447516704
2719360863	1447516718
1670498640	1447516722
3142057214	1447516729
1766330044	1447516734
3187179167	1447516738
3868093084	1447516741
2885596712	1447516758
2007063055	1447516760
1848884760	1447516769
5084630790	1447516773
2319176402	1447516780
3037083001	1447516787
1661845232	1447516804
1742539511	1447516805
2609598463	1447516805
3031706813	1447516806
5455475314	1447516808
5290387786	1447516809
2155338430	1447516815
5323083382	1447516815
1660480365	1447516818
2019706991	1447516826
1651209077	1447516828
1407935304	1447516837
1931207502	1447516845
2411454270	1447516846
2638295197	1447516851
1799557980	1447516863
1959201947	1447516872
3653652014	1447516874
1751145164	1447516875
2805632714	1447516876
1796834395	1447516882
3538529200	1447516882
2394743667	1447516885
2593701802	1447516899
3364578402	1447516908
1844009261	1447516909
2711907205	1447516913
2891136344	1447516921
1762148555	1447516924
1946966073	1447516926
3575407940	1447516954
3736406031	1447516967
3023390777	1447516971
2863346012	1447516974
5689090259	1447516976
1979605472	1447516977
2002534523	1447516977
1870856897	1447516981
3386151794	1447516982
1771247834	1447516984
3107239583	1447516996
5705754328	1447516997
5151761296	1447516997
2857385022	1447516999
5330041080	1447517007
1656390584	1447517018
5708754551	1447517042
2282799102	1447517047
1760353863	1447517048
1868855853	1447517058
1247614564	1447517059
2282799102	1447517067
3174422852	1447517081
1083267391	1447517082
3023223050	1447517084
2266542713	1447517094
3950044530	1447517096
1748900213	1447517098
1557204403	1447517099
2586516187	1447517102
1802139151	1447517111
2972690201	1447517116
1676650671	1447517123
1657077485	1447517129
1860902904	1447517139
2085974363	1447517155
3225410793	1447517167
2835281945	1447517173
5447765033	1447517174
2258369893	1447517186
3217820310	1447517188
2913186987	1447517194
2869384172	1447517201
1777751105	1447517208
2966015437	1447517210
1768080444	1447517214
1198219150	1447517216
2957292114	1447517217
1946957365	1447517220
1702991041	1447517229
2972991291	1447517231
1318774817	1447517239
2381655891	1447517244
1889910124	1447517251
2087078097	1447517266
3264259110	1447517281
2811096677	1447517281
2289404477	1447517282
1925938637	1447517283
5091699445	1447517284
5015369783	1447517289
1108110454	1447517290
3880176811	1447517292
2765443053	1447517317
5121211251	1447517340
1864330152	1447517342
2105188725	1447517348
2728433215	1447517353
5026640786	1447517365
2086119201	1447517365
5171365239	1447517370
1885448221	1447517378
1661065255	1447517381
1949545785	1447517382
1739011064	1447517384
2104258074	1447517384
1629514631	1447517388
2190617254	1447517401
1850152653	1447517404
3218064172	1447517406
1706251831	1447517408
1933550627	1447517419
1866257420	1447517430
2166275882	1447517431
1586903575	1447517436
1871540854	1447517438
2933855853	1447517442
2423831541	1447517450
2205733440	1447517453
1873099464	1447517457
1765838065	1447517465
3845992879	1447517470
2453289604	1447517471
2091646784	1447517490
1930779601	1447517491
2096967694	1447517492
2370018394	1447517512
2586775460	1447517530
2008330545	1447517530
3105955837	1447517533
3264259110	1447517536
1951137877	1447517536
2262131783	1447517538
5725395127	1447517544
3137055221	1447517555
2057782542	1447517560
5605529981	1447517565
2627366862	1447517566
2297272752	1447517568
5703207322	1447517571
1663937994	1447517571
2831949271	1447517588
5057958726	1447517594
2693408774	1447517601
3868887569	1447517615
2251778807	1447517619
1895973034	1447517624
1242829660	1447517625
1892625365	1447517628
2384387822	1447517633
1841055533	1447517643
2110527084	1447517644
2808124544	1447517644
5433787825	1447517644
2020256871	1447517646
1759635435	1447517649
2485272217	1447517649
2411559491	1447517651
2831949271	1447517651
2820031681	1447517662
5643052358	1447517662
3557615132	1447517664
5727176757	1447517664
2031963813	1447517668
2040980087	1447517671
2659624023	1447517672
1908779194	1447517672
3909531240	1447517677
2301320920	1447517679
1914030323	1447517680
2351468203	1447517684
3014989287	1447517691
1527337172	1447517695
1752511257	1447517698
2208296632	1447517706
5471970778	1447517709
3203712843	1447517717
2879776651	1447517720
1962988707	1447517724
1832322935	1447517734
2448510272	1447517739
5072172569	1447517744
1805752017	1447517753
1794754700	1447517753
1243375573	1447517764
2313843622	1447517766
3978289879	1447517775
2269122852	1447517777
1801432254	1447517783
1453316603	1447517786
2242973203	1447517788
3549167831	1447517796
1848069120	1447517816
2482423190	1447517822
3046809575	1447517829
3787464307	1447517847
2094465861	1447517850
2954887234	1447517854
1999696813	1447517860
2647702595	1447517863
2379816853	1447517871
1882148445	1447517883
2077669901	1447517894
2828421260	1447517902
2046735471	1447517909
1947360063	1447517932
5090371312	1447517977
1360308754	1447517991
5710691728	1447518003
5612158343	1447518006
3215421293	1447518008
1225121713	1447518013
2184931067	1447518015
1825150210	1447518019
5628885978	1447518020
1695425927	1447518024
1759620985	1447518024
1837816875	1447518028
1717543681	1447518034
1823816941	1447518085
1850471381	1447518092
2134279950	1447518098
1778806023	1447518098
2850639075	1447518113
2513289580	1447518117
5758487340	1447518123
1844261687	1447518125
3022490925	1447518131
1604132190	1447518131
2433039091	1447518140
1987734913	1447518149
2105608672	1447518150
1699402284	1447518154
1872986922	1447518163
1602981135	1447518179
2647177624	1447518182
3908825614	1447518185
1642520357	1447518192
3876951911	1447518209
3204569347	1447518221
2363039487	1447518226
2416671151	1447518233
2877569644	1447518235
2179904813	1447518237
2317628424	1447518247
2010846222	1447518247
1009437912	1447518248
1747977685	1447518261
2774284151	1447518265
1650780170	1447518272
2143601045	1447518285
2265473497	1447518289
1624355795	1447518298
1935469805	1447518305
1825718412	1447518319
1608989280	1447518346
2656809561	1447518355
1830924771	1447518365
1879206270	1447518370
2588065083	1447518375
1906833703	1447518391
1825842284	1447518395
2062620307	1447518444
1930304854	1447518453
1784911481	1447518455
1284372345	1447518456
2766709531	1447518467
2643154461	1447518467
2188520122	1447518477
2722987527	1447518486
2912546727	1447518486
1559599810	1447518498
2657013803	1447518522
1934560752	1447518536
1590406664	1447518537
3121793271	1447518562
3730755303	1447518576
3269922504	1447518587
1893115705	1447518596
1824788184	1447518598
2880585305	1447518612
1506637742	1447518617
3204569347	1447518648
3315626725	1447518650
2693298961	1447518665
2001919367	1447518666
2235022944	1447518667
3982902561	1447518685
2521879924	1447518690
5716294716	1447518700
2158416237	1447518709
1589018837	1447518727
1001809475	1447518731
2182455312	1447518739
2239623002	1447518749
1229762270	1447518755
1598925947	1447518755
1987443914	1447518766
1915955627	1447518801
1783775095	1447518807
2374151784	1447518851
5092372953	1447518854
1593539394	1447518917
2165464511	1447518920
1799483923	1447518954
1937460937	1447518956
2170572932	1447518966
2406177545	1447518986
2823084577	1447519031
1668118393	1447519048
3514932764	1447519063
2722771771	1447519082
1800475381	1447519084
1781062844	1447519090
2747291835	1447519099
1168771282	1447519111
3858615834	1447519119
1664660343	1447519125
1960949553	1447519156
5102929469	1447519164
2422702681	1447519177
2572380234	1447519179
1843678097	1447519217
1659751697	1447519237
1795038107	1447519290
3762768393	1447519345
2917930055	1447519374
1310704860	1447519377
1150696345	1447519397
3715149375	1447519412
2951572111	1447519426
2366047293	1447519439
2504187845	1447519485
2245091083	1447519512
1824678857	1447519514
1603110470	1447519517
1784325172	1447519571
3076298595	1447519575
2305990213	1447519593
1692439015	1447519604
1850881670	1447519632
2950380551	1447519647
1747937035	1447519658
1648779683	1447519661
1609591293	1447519672
1825629111	1447519703
5352275344	1447519723
1768173681	1447519725
1686029712	1447519738
1904047510	1447519772
1815132420	1447519830
2109162922	1447519839
1879619350	1447519842
1009408087	1447519853
2807312274	1447519875
3216386267	1447519910
3093708913	1447519931
2006608152	1447519969
2307323342	1447519970
2407938780	1447519985
1135230235	1447520005
2638904712	1447520016
2675374657	1447520064
1226654032	1447520111
1878254691	1447520130
2842583671	1447520146
2787009140	1447520181
2849718875	1447520214
3028148633	1447520230
2479988535	1447520291
5543496004	1447520313
2428308821	1447520328
2251262522	1447520330
2258647832	1447520344
1183185741	1447520373
1962552913	1447520384
1727147843	1447520387
2467769290	1447520408
1856745554	1447520425
1946229463	1447520425
3249634611	1447520433
1317758092	1447520474
5312492981	1447520487
2715852585	1447520508
1674508750	1447520555
2680092961	1447520568
2924674352	1447520572
1808867032	1447520654
2137960072	1447520681
3083675401	1447520725
1746893753	1447520740
2128391704	1447520753
3499629333	1447520903
1412422330	1447520917
3826269459	1447520951
2657233035	1447520966
2080311065	1447520984
5667849270	1447521052
3166163985	1447521210
1777189453	1447521234
1134225367	1447521252
1240986864	1447521271
1927337071	1447521273
5376297488	1447521284
3196437293	1447521312
2270146777	1447521329
5042775133	1447521349
2546411662	1447521355
5346995126	1447521394
1852083845	1447521409
3010268717	1447521449
2551484611	1447521451
1263273332	1447521462
1893265204	1447521491
1597169330	1447521538
2147344844	1447521549
2374425600	1447521619
1998183431	1447521708
1580717492	1447521776
3294378651	1447521836
2726040751	1447521882
1808848253	1447521895
2502802063	1447521897
2178494122	1447521905
1893269330	1447521911
2872082961	1447521928
1295069021	1447521956
1784369292	1447522007
2845351202	1447522119
3915931798	1447522151
1703688974	1447522160
3901941921	1447522271
1871967584	1447522298
5706774635	1447522300
1253859964	1447522357
1802906113	1447522359
1891567360	1447522368
1693060574	1447522388
1135288877	1447522434
1776647703	1447522545
1800085884	1447522652
1430811253	1447522661
2978500977	1447522673
5330469021	1447522682
2201370827	1447522712
1757818951	1447522717
2121779231	1447522743
5313444861	1447522752
1764682744	1447522775
1658666853	1447522776
1861352814	1447522882
1251876930	1447522930
1319845827	1447522932
2951631141	1447522947
1460568270	1447523034
1834260205	1447523098
2811373515	1447523125
1638817040	1447523222
1783364267	1447523339
2803203430	1447523345
1775424070	1447523376
5482423846	1447523420
1680275493	1447523432
2754799302	1447523507
1746287771	1447523540
2058756681	1447523564
5674496936	1447523578
1843614425	1447523792
1957528013	1447523838
2394664142	1447523849
2682843917	1447523861
2467924335	1447523934
2150091084	1447524020
1680539574	1447524053
1831764092	1447524100
2192086455	1447524118
2075356425	1447524140
1301276994	1447524202
1738640470	1447524291
1847219307	1447524309
1557169611	1447524362
5266530597	1447524380
1881080475	1447524407
1342304680	1447524462
1704363100	1447524486
1825713530	1447524734
1845964403	1447524814
1882693341	1447524851
1847071331	1447524924
3150700512	1447525025
2138315865	1447525140
1560439205	1447525151
1770610375	1447525361
2191160912	1447525384
2046304637	1447525414
1836644724	1447525483
2482248270	1447525767
1733495863	1447525830
1948835480	1447525847
1460864123	1447525912
2065343133	1447525924
2656302973	1447525951
3542779314	1447525969
1840073940	1447526129
2874093500	1447526404
1821553643	1447526408
1933380625	1447526449
2335948753	1447526461
1850097323	1447526486
1954123421	1447526490
1250217837	1447526632
3902734390	1447526703
1313179542	1447526732
5107615627	1447526772
1876962745	1447526917
1619666565	1447526925
1811630212	1447527018
3579959131	1447527038
2049103144	1447527115
1669789840	1447527132
1913432023	1447527133
3579727240	1447527273
2590401647	1447527534
1723455862	1447527572
2273803130	1447527587
2874216221	1447527685
2159075035	1447527750
1244770925	1447527784
5315345823	1447527842
1976029151	1447527842
3211410965	1447527913
3932115083	1447527987
2590401647	1447528109
2729168120	1447528272
2729168120	1447528347
1999968727	1447528627
1864506841	1447528701
2371405752	1447528705
1258750411	1447528720
2112950702	1447529023
3930499496	1447529062
1737410933	1447529162
2841936487	1447529165
1872228721	1447529251
1871051687	1447529289
5320231147	1447529318
1924190847	1447529462
1828169535	1447529742
2179616503	1447529946
5337210317	1447529959
3081833585	1447530092
2845918957	1447530157
3490774037	1447530205
2838074391	1447530283
3199329705	1447530477
1108886622	1447530583
3004171647	1447530684
1591726594	1447530721
3607539045	1447530848
1101777372	1447531026
2162486450	1447531064
1771347002	1447531098
1793286002	1447531159
2033278370	1447531266
3442003330	1447531324
2103176294	1447531373
2845901347	1447531588
3264410062	1447531603
1930035175	1447531772
2838426715	1447531831
1949772937	1447531876
1987193795	1447531952
1806151234	1447532080
5150232382	1447532198
2251792647	1447532209
1775316087	1447532255
1592170111	1447532330
1029343410	1447532347
2094789185	1447532409
5464182413	1447532427
5330351119	1447532468
5336952804	1447532520
2414396484	1447532690
1920476487	1447533328
1729368814	1447533929
2829643213	1447534167
5068879642	1447534328
2835029972	1447534403
2327279685	1447534550
5138460234	1447534684
3063790707	1447534928
3299712897	1447534987
2821615043	1447535000
1821298032	1447535179
2808912204	1447535318
1243076857	1447535391
1941477222	1447535460
2102282172	1447535489
2185896864	1447535544
1845666384	1447535695
3149356794	1447536046
1835838270	1447536425
3028614603	1447536506
1685379147	1447536732
1962059471	1447536767
2829740143	1447536798
1862514463	1447536835
3972487421	1447537069
2195437295	1447537201
1949323235	1447537272
2436923375	1447537385
3161759690	1447537817
1906623787	1447537893
1969962773	1447537932
3368748900	1447537937
1082819917	1447538386
1232103481	1447538470
1955868000	1447549848
3322911060	1447549869
2638278897	1447549874
2952503021	1447549963
5312490733	1447549995
3799569663	1447550006
5437552671	1447550056
2594945304	1447550058
1982835764	1447550268
1761105477	1447550319
3831272195	1447550336
2895739271	1447550381
1962606683	1447550398
2393814933	1447550426
3608546411	1447550428
1788448804	1447550482
2411218611	1447550501
1792321903	1447550524
3011829074	1447550530
2099527800	1447550592
3032926747	1447550627
2364605134	1447550688
2282326043	1447550690
1067473043	1447550711
3003087693	1447550804
3564640272	1447550832
1905504973	1447550866
3025279410	1447550897
5731622612	1447550927
1609003823	1447550940
3161878957	1447550959
1652033470	1447550976
1841408082	1447551018
3494091460	1447551022
3101675695	1447551057
1949535251	1447551065
1795906243	1447551156
3104975407	1447551286
5312428760	1447551308
3203706102	1447551319
1423860400	1447551372
1669188955	1447551388
3972078070	1447551420
1859600080	1447551472
5179422921	1447551477
1042723922	1447551486
1909558134	1447551499
1231328942	1447551556
2013092534	1447551570
1973223997	1447551631
1696211610	1447551674
1597241400	1447551689
5282114219	1447551700
2093783754	1447551796
1800355710	1447551858
5199422408	1447551901
2187492387	1447551924
1758087355	1447551957
1706056340	1447552022
1216291712	1447552150
1628692764	1447552168
1964424821	1447552173
2395095620	1447552188
1655114813	1447552326
1250606417	1447552476
5356879811	1447552592
2013229580	1447552677
3108049501	1447552797
2932596593	1447552800
1729271832	1447552856
2240215075	1447552880
1846529487	1447552904
1725927925	1447552941
2831845705	1447552994
1249275352	1447553056
2031757007	1447553163
5253544416	1447553173
1260551387	1447553274
1784610410	1447553283
2182970911	1447553302
1630862970	1447553537
1627913362	1447553602
5760438963	1447553605
2181365212	1447553640
1696253085	1447553655
1746218063	1447553683
1749674020	1447553795
5738202675	1447553801
1752310013	1447553820
2857161550	1447553823
2165302952	1447553834
2791314317	1447553862
5760438963	1447553870
3471563230	1447553877
2071535693	1447553984
2636957267	1447553992
2491831930	1447553996
3094822131	1447553999
5013488578	1447554055
1062796473	1447554085
1976933091	1447554100
1846373634	1447554204
5144681106	1447554272
2629205427	1447554300
2052590697	1447554492
1737240683	1447554503
1313573181	1447554527
3862756448	1447554631
1736743910	1447554683
2191550932	1447554816
3309940893	1447554831
2201423264	1447554869
1855798931	1447554904
3316074135	1447554920
2121298055	1447554961
2203956011	1447554966
1651757643	1447555183
1788736417	1447555277
2881820964	1447555281
5581385280	1447555351
3509044837	1447555611
2009284217	1447555655
1718943751	1447555791
1772332462	1447555795
3482067724	1447555830
2091112903	1447555834
5603147496	1447555845
2830964801	1447555880
2035265161	1447556145
2512015940	1447556162
5320136840	1447556250
1958752260	1447556370
1459532861	1447556377
2091236692	1447556409
3823910503	1447556462
5371517191	1447556471
2252817374	1447556569
2815281917	1447556627
2688578541	1447556659
2389516921	1447556733
2829821293	1447556753
1725906952	1447556824
2691759621	1447556868
2248552433	1447556873
2302845090	1447556945
2720865423	1447556962
1144341707	1447557167
1144341707	1447557188
5330181510	1447557195
2429927895	1447557270
5662045910	1447557378
1846356644	1447557496
1406476991	1447557515
1656010063	1447557535
1737329833	1447557604
1859482705	1447557608
2566313074	1447557675
3628289322	1447557722
2552945483	1447557867
2636105337	1447557875
1642514373	1447557994
2194947857	1447558343
1407258341	1447558488
2336974154	1447558589
3208227217	1447558781
5736601195	1447558808
1777597471	1447558851
1730694384	1447558910
5681820185	1447558968
1405899457	1447559062
2470181304	1447559120
2188292017	1447559226
2122713842	1447559309
3179418812	1447559358
2012018281	1447559381
1823240830	1447559414
1711453357	1447559654
1843827933	1447559669
1785441091	1447577461
2726734313	1447577468
5031631035	1447577511
5128150541	1447577712
2855383982	1447577787
5028009308	1447577828
1648534762	1447577839
1788595391	1447578004
2485392624	1447578275
1652811601	1447578349
1947008864	1447578372
5241458669	1447578433
5722639818	1447578461
1810016295	1447578767
2631254143	1447578844
5320167226	1447578889
1836702731	1447578957
5678973553	1447579046
5203496114	1447579126
1883425470	1447579151
2689558185	1447579257
5611755124	1447579432
1673838744	1447579593
3595179957	1447579632
5023819326	1447579666
1367494257	1447579787
1649139365	1447579825
1651969891	1447579937
3231397193	1447580566
1740125421	1447580685
1825071613	1447580771
1815357191	1447580903
5710342475	1447581012
2612322661	1447581093
2239893852	1447581133
1162158221	1447581552
2923443701	1447581890
3903010995	1447582002
2611360745	1447582013
5723425574	1447582133
2163688492	1447582229
2662145880	1447582655
1323146201	1447582767
5214650707	1447582978
5128388748	1447583084
2758314964	1447583386
3874724299	1447583406
3252843370	1447583437
3873929756	1447583493
2660801641	1447583560
2829645227	1447583658
3485087127	1447583753
5556159351	1447584186
5500902263	1447584345
2107259784	1447584398
1782988657	1447584412
1888431143	1447584430
5696386947	1447584558
2039705325	1447584688
3905118786	1447584724
2620975605	1447584884
5519486056	1447585115
2838640135	1447585146
1866532351	1447585163
3562062863	1447585412
1781270171	1447585430
2670220881	1447585539
2057435735	1447585722
3086335733	1447585930
1877310374	1447586277
2831812035	1447586401
2098708902	1447586470
2876152974	1447586595
2350014630	1447586746
2644774917	1447587009
5699273675	1447587035
5644685939	1447587201
1873612361	1447587678
3829453602	1447587755
5312640129	1447588053
3907440253	1447588147
1882662954	1447588220
2840361295	1447588328
5648288086	1447588338
1829961205	1447588446
2050977225	1447588719
2051371090	1447588785
3929197757	1447588971
5073805483	1447589093
5095842799	1447589100
2405563651	1447589113
2817410300	1447589226
2863051574	1447589442
2144330085	1447589545
1242537295	1447589678
2039929081	1447589705
3040709934	1447590084
2726510503	1447590096
1826058143	1447590122
2135250077	1447590310
2425652971	1447590636
5652184557	1447590642
1903268885	1447590663
5325440550	1447591252
5305215143	1447591467
2152911804	1447591478
1914666537	1447591532
3760140141	1447591837
1649620065	1447591977
1844639260	1447592203
1689899051	1447592673
1883761652	1447592691
3963357965	1447592712
1687622307	1447592832
1849481043	1447592886
3199174581	1447592991
2111262012	1447593218
1912134724	1447593325
2061866337	1447593497
2539227925	1447593504
2965622587	1447593587
2050983142	1447593971
3226940477	1447594103
1708505273	1447594186
5596488222	1447594214
5673774698	1447594234
2382257295	1447594309
1616721875	1447594387
2117779435	1447594416
1752009495	1447594689
3895058337	1447594705
1434377843	1447594730
2774257967	1447594748
1871564384	1447594823
5237305332	1447594949
1243627914	1447594979
5750429426	1447595188
1770920440	1447595373
5761122357	1447595594
1784787221	1447595646
5761122357	1447595677
2680218273	1447595986
2540582452	1447596072
3854726682	1447596086
1946289617	1447596137
2371786827	1447596262
1852614183	1447596324
5269336622	1447596339
1985782467	1447596371
1762420114	1447596588
1788771941	1447596829
3225589730	1447597166
1867674100	1447597403
1566265147	1447597789
3736422253	1447597973
2610478173	1447597983
1922442137	1447598009
2554227993	1447598087
2411736434	1447598087
1815154790	1447598168
2311017344	1447598200
2344703010	1447598308
1758401277	1447598313
3793812395	1447598358
5120887786	1447598465
2242287001	1447598528
2003421583	1447598560
1887955497	1447598658
3734806964	1447598727
2117986353	1447598758
3961092570	1447598850
2319610451	1447599097
2446928674	1447599211
3955963260	1447599240
2830924287	1447599601
1826448984	1447599801
5723090940	1447599945
1459866525	1447600017
1957372900	1447600437
1943718094	1447600458
2807983594	1447600496
1809819843	1447600573
1807673580	1447600636
1807260087	1447600958
3926945526	1447601971
3169712934	1447602038
1869579615	1447602420
1716529962	1447602519
3251822482	1447602749
5296413456	1447602887
1923198232	1447603173
2269788053	1447603197
2164716355	1447603296
5529370083	1447603727
2964493521	1447604374
3318368277	1447606972
2652105172	1447609734
1011673510	1447623730
3007211243	1447629377
2337087080	1447630388
1245279595	1447631656
1586710111	1447632569
2621338953	1447634088
3825774626	1447635223
1064944510	1447636828
1497243521	1447637539
1421635220	1447639390
1765873480	1447645973
1259686091	1447649888
1876010321	1447651149
1789720970	1447653903
2632575361	1447660641
3583822207	1447662333
1654467965	1447664489
1677071723	1447665425
1652104031	1447668203
2527428073	1447668774
5762843407	1447672753
1548251287	1447678880
5744261982	1447679225
2403160711	1447679233
1813671271	1447680855
1782837745	1447683295
2341226897	1447683744
5587227377	1447684173
1808498054	1447685466
2374578471	1447686162
5702566128	1447687968
1866698590	1447690720
1874199177	1447721082
1863965013	1447722709
1849892113	1447728055
1822983115	1447731372
3863057682	1447741721
3821925757	1447749461
5612073495	1447751151
1878847731	1447754454
1885415425	1447755562
2644286290	1447761871
2661501571	1447767632
1800259114	1447779965
3170994083	1447802056
5762843407	1447802647
2340632844	1447822126
2522715150	1447860051
1948470113	1447889610
2451062002	1447900750
2478478121	1447905638
2250869703	1447920724
3030641293	1447933658
3514824220	1447935298
1355550562	1447943906
1865920180	1447945816
1787157085	1447964682
3805558919	1448024332
1891438737	1448024526
2605737477	1448027219
5194704273	1448027646
3823745792	1448044251
1796939447	1448086388
2675566401	1448087441
1724695032	1448099962
1231564572	1448105331
2269145533	1448106316
1547348153	1448149409
1973887633	1448150150
5336056752	1448160306
2277249405	1448165204
2301668800	1448183972
1568946873	1448303953
2457873397	1448314826
2457873397	1448314866
2457873397	1448314909
2457873397	1448315101
2997893460	1448317562
2082397061	1448324643
1789384480	1448432648
3053995527	1448434638
1666584760	1448445203
3551076301	1448495155
1293164231	1448518362
3177968340	1448524141
2397627997	1448527781
1898660085	1448548421
5761253531	1448622826
2788965517	1448732321
1650700627	1448820707
5235590275	1448944312
1923192792	1448953263
1850881670	1448958140
2860934434	1448980113
2537485507	1448988504
1316717277	1449007651
1669171975	1449033143
1761668234	1449039235
1936982050	1449139533
2739095170	1449142768
1227000472	1449152376
2803783022	1449303932
5123691943	1449376746
3630990745	1449406057
1246504222	1449464539
1814856563	1449498434
3476253024	1449622671
5034007621	1449668509
2607757191	1449711668
1573959600	1449790581
1286388983	1449837034
2508178570	1450015226
1720842451	1450169374
1186297181	1450178380
1659084361	1450330243
2503844070	1450771923
3028802122	1450852110
5625437924	1450857674
2164936584	1450915141
1998982974	1450920607
1959655711	1450933855
5712113368	1451138835
1856754505	1451140685
2530612115	1451145159
5201989833	1451146538
1852618844	1451150374
3178440742	1451193486
1199142394	1451232923
1489603622	1451237365
2358043741	1451264987
2014769712	1451350288
3672846942	1451399158
1764144551	1451405305
3891446408	1451477799
1095419723	1451537478
1690725630	1451588787
2534986601	1451654026
2812108180	1451720152
1929930881	1451754004
5347862260	1451831086
5738474919	1452083986
5496328597	1452175864
2161773431	1452177978
3288682945	1452439564
1237771653	1452750196
3299566680	1452750620
