2656274875	1448292307
5175052105	1448292337
1568879045	1448292366
2008732281	1448292374
2427831170	1448292379
2453939775	1448292381
1314154460	1448292411
3172489413	1448292414
5768499006	1448292417
1963719705	1448292419
2011311551	1448292424
2980955687	1448292425
3563711072	1448292425
2659571211	1448292426
5206173610	1448292441
1627695012	1448292458
2980955687	1448292462
3445763264	1448292467
1700590507	1448292471
2140971883	1448292471
5591936736	1448292483
1595231405	1448292485
2109469104	1448292498
5323445565	1448292506
2673252783	1448292529
2348917177	1448292542
2105181892	1448292562
3206756585	1448292564
2980955687	1448292593
5406615822	1448292598
2219091563	1448292598
1915800465	1448292600
1847748995	1448292605
5536780374	1448292614
3202024442	1448292615
1099052233	1448292634
3267454070	1448292641
5221441970	1448292662
2352330247	1448292670
1732334660	1448292670
1836715435	1448292672
3228307373	1448292690
1761661637	1448292692
2798943200	1448292702
3242246561	1448292702
1648201120	1448292706
2944025671	1448292707
1768219130	1448292709
1745970945	1448292715
2436138712	1448292719
3147101591	1448292719
2425509693	1448292722
5575804890	1448292729
5722944343	1448292766
1452549437	1448292773
1664809783	1448292774
1946230535	1448292788
1273364167	1448292792
2211094314	1448292809
1703037741	1448292830
1214768781	1448292831
1898231375	1448292831
1650887571	1448292832
2978470044	1448292867
1308563117	1448292867
5455412524	1448292872
3840041865	1448292873
2121546645	1448292906
1398638425	1448292918
5458145140	1448292920
5284623299	1448292943
2481229294	1448292953
1946219165	1448292956
1228783182	1448292968
5700003826	1448292978
2672351580	1448292993
2515380700	1448293003
1856066827	1448293015
2738021847	1448293016
1750669713	1448293033
2725506725	1448293044
5329848351	1448293071
3732259087	1448293101
5453231304	1448293115
1436250022	1448293149
2833273012	1448293149
3214007633	1448293182
3517576393	1448293182
1225828152	1448293199
2294316500	1448293213
2859543784	1448293218
5656787212	1448293220
5144677633	1448293224
1709554833	1448293240
5519105254	1448293250
5269477638	1448293282
5344895821	1448293283
2543831992	1448293293
1843814443	1448293295
1848420894	1448293297
1988482797	1448293330
5389918686	1448293333
2043800240	1448293337
1862257320	1448293348
3233620683	1448293377
2308794260	1448293382
3229985740	1448293386
2376185920	1448293401
2273696455	1448293429
5733647129	1448293431
2428007254	1448293470
2726939451	1448293480
5134963070	1448293487
1691148153	1448293492
1711716413	1448293499
2328531167	1448293513
2307434060	1448293517
5516379852	1448293562
3537097421	1448293620
2825328363	1448293624
1150434204	1448293628
5525703518	1448293673
1825941392	1448293725
1811589977	1448293734
2778943574	1448293775
1885611834	1448293779
1526444207	1448293794
1729995545	1448293897
1592259280	1448293907
3647490331	1448293917
2654506275	1448293923
2480567921	1448293928
1603536013	1448293937
1762099744	1448293965
1956493132	1448293971
3921859476	1448293972
5607756286	1448293978
3852438104	1448293994
3873207512	1448294012
2264722163	1448294061
5390030145	1448294104
5048003076	1448294113
1747449867	1448294115
2653342953	1448294126
1833997693	1448294187
5731149778	1448294241
2839005580	1448294308
3993318664	1448294315
1225713194	1448294316
1904963090	1448294415
1687396422	1448294438
1867790664	1448294491
5569493910	1448294505
2410385127	1448294643
2173119924	1448294695
5335006441	1448294706
3488882094	1448294722
1877243285	1448294766
1812046013	1448294818
1359945871	1448294864
1342270094	1448294988
1713938733	1448294991
1948516013	1448295025
2288175525	1448295202
3044858825	1448295243
2024447787	1448295250
2934898223	1448295267
1928489487	1448295295
3215126485	1448295515
5287329625	1448295521
5745177643	1448295553
3168926251	1448295667
1474055871	1448295718
2331235174	1448295738
2561170823	1448295847
1977094980	1448295962
2796902613	1448296193
5106184351	1448296433
1819132301	1448296476
1688915135	1448296540
5334828703	1448296608
3213718707	1448296741
2805664371	1448296826
2793799080	1448296974
1697465332	1448297061
2813156164	1448297111
5265161125	1448297409
1706586957	1448297504
2608623007	1448297715
1937198865	1448297805
2318605783	1448297984
2111161282	1448298016
1842722207	1448298435
2511437090	1448298617
2987463110	1448298674
5644615436	1448298704
2286812263	1448298747
5619019385	1448299126
2696342684	1448299574
2834642037	1448299642
5458292663	1448299656
1267816207	1448299762
1684061620	1448299787
1866406605	1448299871
1039569635	1448300677
2099607274	1448300727
1933898241	1448300805
2055956655	1448302515
2719681764	1448302965
2212503283	1448303935
2634661861	1448304609
3354687110	1448305150
3846109025	1448306169
2749257545	1448307234
3368508454	1448314231
1485760034	1448314527
2430269327	1448314950
5366048052	1448315768
1822965302	1448315890
2658954752	1448315996
1406876215	1448316092
5414749548	1448316213
1343056561	1448316234
5717599154	1448316620
1079250905	1448316666
2882455300	1448316887
5239940804	1448316902
2867677435	1448317188
5711510138	1448317318
3803282119	1448317353
3426703474	1448317585
1429974833	1448317750
5746894996	1448318019
1929092455	1448318102
3337913512	1448318536
1683516963	1448318776
2106872663	1448319482
5710559612	1448319523
2330133431	1448319542
3567915375	1448319582
1450643773	1448319673
3757440442	1448319828
5706295232	1448320597
5745588005	1448320776
2171476010	1448320817
3356192190	1448320836
3224985110	1448320898
2426653124	1448321003
2695117251	1448321206
5334547302	1448321666
1654179842	1448322031
1963160235	1448322071
2499581200	1448322256
5734627411	1448322717
2131397253	1448322751
1101043695	1448322875
2074180705	1448322882
5338099753	1448322915
1001827861	1448323010
5669554880	1448323195
3212616123	1448323318
1245824032	1448323358
2732661257	1448323548
5460591207	1448323576
1450101505	1448324017
2056904110	1448324401
2641872085	1448324521
1598381563	1448324534
3025530085	1448324915
3509637835	1448324982
3170933197	1448325076
1869651794	1448325155
2598780175	1448325300
2652809471	1448325671
1759546971	1448325706
3052330657	1448325722
3821239584	1448326131
3025583221	1448326163
3815050236	1448326164
2034078760	1448326288
2239385244	1448326539
3470469922	1448326869
3613121130	1448327137
2004010977	1448327338
3615338277	1448327722
3041389861	1448328251
2351594612	1448329089
3269158727	1448329330
3060418747	1448329345
3479816643	1448329510
1976091240	1448329590
5279429633	1448329751
3547238200	1448330480
1839745142	1448330690
1210999013	1448330877
5192685882	1448331087
2001092325	1448332117
2383089093	1448332145
3293798183	1448332786
1870530855	1448334762
3806693006	1448336495
1275959500	1448338655
1974626253	1448339874
1932043450	1448341213
3256613530	1448341588
5622185878	1448343405
1817478094	1448343507
1403923872	1448344566
3270879794	1448345360
2669871343	1448352110
5644575726	1448352418
1735599494	1448353214
5260716472	1448354261
1601095441	1448354469
5034238452	1448356492
3049125307	1448357042
5539438178	1448357045
5034238452	1448357402
1707872767	1448358034
2191645601	1448371020
5354673047	1448411522
1748244352	1448428681
2575800825	1448462483
3314070661	1448465228
5374923674	1448542230
3314070661	1448544627
3060418747	1448588401
1747177284	1448770314
2575800825	1448812037
5557449540	1449576912
