5267970860	1447331402
5703607316	1447331453
5573407784	1447331534
5395178825	1447331563
5597324624	1447331564
5701806398	1447331585
5620989119	1447331619
5711001289	1447331627
5750148742	1447331636
5501869692	1447331646
5234056279	1447331651
5727832201	1447331658
5642144131	1447331675
5714525564	1447331675
5638139415	1447331675
5613439201	1447331698
5586069660	1447331711
5343730125	1447331712
2865455950	1447331729
5673250778	1447331733
5608821706	1447331733
5675508151	1447331736
5692051593	1447331738
5731593225	1447331749
5750343277	1447331768
5754023567	1447331790
5136417755	1447331801
5737459329	1447331816
5610943587	1447331830
5756994265	1447331831
5548046186	1447331842
5567848831	1447331856
5701588183	1447331873
5561187132	1447331882
5715435791	1447331914
5710060266	1447331917
5403964908	1447331929
5611701569	1447331945
5723517162	1447331951
5661524650	1447331963
5756641093	1447332001
5653172119	1447332008
1985852537	1447332014
5757011697	1447332016
5160129588	1447332022
5643859851	1447332041
5564025264	1447332067
5679668465	1447332069
5598512626	1447332076
5372972448	1447332079
5698062983	1447332106
5663733362	1447332128
5700369593	1447332146
5685062486	1447332149
5502345688	1447332150
3484450302	1447332183
2214794275	1447332228
5701872405	1447332235
5718674585	1447332240
5617937468	1447332292
5734359374	1447332372
5737317967	1447332408
5599353224	1447332413
5730226996	1447332425
5646434954	1447332508
5273291449	1447332561
5652022472	1447332578
5732972618	1447332591
5652732994	1447332594
5187450266	1447332611
5679146557	1447332656
5573553009	1447332674
5671315117	1447332682
5713634765	1447332720
5723804888	1447332782
5637471373	1447332800
5545122877	1447332810
5677325772	1447332864
5757007332	1447332872
5642383150	1447332906
1847139527	1447332910
5576703739	1447332921
5756411127	1447332938
5368481618	1447332977
5744690795	1447333026
5594081987	1447333072
5753828863	1447333073
5756097215	1447333079
5702324346	1447333106
2964866343	1447333110
5514646183	1447333116
5210376956	1447333121
5642944415	1447333172
5221524862	1447333176
5650763882	1447333279
5306087237	1447333322
5581779830	1447333361
5725589281	1447333368
5627824680	1447333409
5745188765	1447333518
5645128925	1447333538
5743729521	1447333588
5689151374	1447333661
5669765212	1447333683
5619029768	1447333791
5546120318	1447333932
5735334322	1447333963
5722787331	1447334103
5517951499	1447334121
5568008430	1447334128
5746785646	1447334159
5620811347	1447334224
5639554425	1447334270
5626310246	1447334284
5626725146	1447334314
5457845094	1447334405
5668339628	1447334476
5595030212	1447334595
5748491036	1447334687
5696729801	1447334695
5721160676	1447334746
5758276964	1447334799
5620509840	1447334800
5736327618	1447334862
5702355675	1447334893
5140723743	1447334900
5693145107	1447334916
5615269733	1447334976
2769735035	1447335027
5656693619	1447335142
5701491901	1447335143
5700153630	1447335164
5611199515	1447335210
1933296277	1447335349
5721106767	1447335395
5342042932	1447335395
5199977070	1447335424
5706905460	1447335438
5568144457	1447335524
5703603550	1447335690
5717385259	1447336024
5566527315	1447336085
3989831396	1447336137
5623979496	1447336147
5158883912	1447336200
5718228694	1447336262
5615627222	1447336281
5737271904	1447336290
5679037149	1447336387
5756719386	1447336609
5235014203	1447336628
3641147247	1447336726
5657173139	1447336743
5738289959	1447336766
3805203038	1447336817
5127860634	1447336969
5682297821	1447337325
5035586763	1447337340
5682297821	1447337340
5710652581	1447337347
2607845143	1447337423
5672365751	1447337423
5491363121	1447337455
5713363460	1447337512
5702855024	1447337640
5756720720	1447337965
5685103052	1447337979
5623560481	1447338066
5710277591	1447338082
5384033492	1447338207
5505670051	1447338525
5748626795	1447338645
5587081752	1447338847
5710511118	1447338965
5756727947	1447339257
5644199545	1447339270
2480464797	1447339287
5710369357	1447339594
5694172408	1447339742
5701753945	1447339819
5638696225	1447339952
5610144472	1447340157
2950690101	1447340393
5673246618	1447340459
5625260846	1447340469
5718859547	1447340662
5138259679	1447340826
5655342067	1447340832
5539514805	1447340884
5641577034	1447340909
5697811142	1447340991
3319830997	1447341084
5074638980	1447342437
5746723519	1447342488
5731120033	1447342807
2778219085	1447342808
5729293974	1447344215
5672833923	1447344712
5635955149	1447344779
5706169994	1447345036
5684473059	1447345870
5644262500	1447346406
5693157790	1447346963
1037059950	1447352715
3047133103	1447367091
5629704836	1447373671
5677626301	1447382960
5591868623	1447423583
5619315794	1447583625
5706169994	1447625864
5242203557	1447945176
3484450302	1448978413
