1769165581	1447476863
2272038003	1447476883
1946307690	1447476884
3816069739	1447476884
2187992623	1447476891
5675225631	1447476892
2608745392	1447476899
5247205632	1447476901
5552570322	1447476903
2164050432	1447476910
2166979420	1447476913
3216838392	1447476943
1813170813	1447476944
1593360310	1447476948
1969157633	1447476953
2365726467	1447476983
2002274681	1447476986
1748307120	1447476989
1965466593	1447476992
2811568792	1447477015
1890156435	1447477016
5656128580	1447477025
2806831952	1447477029
1667691341	1447477048
5736407262	1447477055
1767368000	1447477055
1821235344	1447477058
1837281273	1447477061
1751194867	1447477080
5335965648	1447477082
1910189575	1447477083
1936649373	1447477088
2552987612	1447477090
1962130114	1447477091
2160631591	1447477092
1737354447	1447477099
1915971173	1447477101
1902482255	1447477108
3732205337	1447477108
1827088134	1447477110
2343933187	1447477112
5285910903	1447477112
3301672322	1447477116
1099610341	1447477124
5015038958	1447477128
5220409828	1447477144
2162454074	1447477150
1779621107	1447477157
1686413521	1447477159
2069575880	1447477162
2176865301	1447477172
1643447274	1447477174
3172520764	1447477175
2811693617	1447477185
1703589964	1447477187
3917378096	1447477189
1748004813	1447477196
1748477390	1447477209
1764216360	1447477210
1804964865	1447477214
1993727250	1447477227
1772032121	1447477231
1983235993	1447477252
3968075559	1447477256
5671268490	1447477260
1923027060	1447477270
3488644897	1447477296
1773616082	1447477304
1818982807	1447477314
5512185107	1447477315
2749428903	1447477316
1936787782	1447477334
1875347735	1447477338
2047979203	1447477338
2954358135	1447477338
1792065905	1447477344
5732913929	1447477350
1934813380	1447477350
2641651350	1447477358
3064911230	1447477360
1769634001	1447477364
1791835937	1447477371
3632506933	1447477383
1972923997	1447477394
3085534197	1447477400
3380219384	1447477413
1785880093	1447477414
1825130517	1447477417
1440754614	1447477420
5651631967	1447477427
3955396482	1447477435
1853190817	1447477436
1734389324	1447477439
2419783894	1447477443
1778577363	1447477445
3820882512	1447477445
3064958872	1447477458
3852338127	1447477471
1208053993	1447477478
1990441861	1447477497
1769690863	1447477505
1838470045	1447477508
3716375385	1447477509
1282331283	1447477512
2093292425	1447477514
1804930871	1447477530
1705102007	1447477539
2661721073	1447477547
3089966293	1447477552
1927787195	1447477556
1676459600	1447477579
2602695835	1447477580
2325582557	1447477584
1269213987	1447477598
1743728993	1447477610
1837891454	1447477624
2830803037	1447477637
1765896467	1447477638
2624824557	1447477638
3053955914	1447477644
2036926071	1447477644
1787114407	1447477656
2014475681	1447477676
1692874922	1447477682
1226439193	1447477684
3896401783	1447477686
1664596130	1447477694
2816807000	1447477706
2644769301	1447477714
1773014555	1447477716
3626063422	1447477716
2859504880	1447477729
1275074523	1447477730
1760766960	1447477741
1658889210	1447477741
1789582575	1447477754
2123590931	1447477770
2961129407	1447477781
1765654830	1447477785
2176641675	1447477814
3338945134	1447477814
1736983303	1447477832
2131211705	1447477833
1392927635	1447477849
1804014451	1447477864
5604409926	1447477886
2363854341	1447477889
2819709942	1447477894
3057851134	1447477912
1603072077	1447477919
1535057755	1447477924
1837408397	1447477929
2017488030	1447477946
3177088242	1447477953
5552757564	1447477965
2886828973	1447477975
1772994775	1447477983
1685492204	1447478007
2085841181	1447478027
5566406067	1447478033
5286987933	1447478035
1891457553	1447478079
1938149037	1447478080
2108096804	1447478096
2652307861	1447478111
3649097630	1447478119
1781616297	1447478136
5589511824	1447478144
1962015355	1447478147
1860965040	1447478164
5515184992	1447478170
2895820805	1447478196
2408151311	1447478218
2681832233	1447478241
1792113770	1447478256
2128108417	1447478259
1638698707	1447478261
1586826145	1447478267
1829318820	1447478280
2524346161	1447478296
3206593705	1447478313
1630237325	1447478317
1767938240	1447478346
1803448115	1447478352
1844026353	1447478367
5112977221	1447478367
2645084112	1447478382
5692038999	1447478432
1408212264	1447478440
5352394625	1447478452
3828954264	1447478483
2142344401	1447478494
1978675931	1447478533
1419935381	1447478547
2003242633	1447478556
1740863077	1447478612
1307092234	1447478620
1821295305	1447478635
3376558400	1447478641
3448265420	1447478678
2219824210	1447478693
1460336943	1447478717
1647674682	1447478722
1915990627	1447478725
5700087029	1447478739
2094353307	1447478756
1669056933	1447478792
1801697383	1447478796
1830299564	1447478803
1164171694	1447478803
2339416981	1447478824
1236500901	1447478840
1766409600	1447478843
1765624227	1447478848
1565472093	1447478875
1870676603	1447478900
1286220872	1447478911
5595075683	1447478936
1848605494	1447478939
2789658532	1447478971
1728228407	1447478981
2949318671	1447478987
2426615104	1447479023
1751845963	1447479036
5623542636	1447479038
1904768085	1447479062
1827099377	1447479080
3062621247	1447479112
2122395380	1447479112
2376986182	1447479132
2648313845	1447479189
1840186181	1447479225
1795985343	1447479280
1741840405	1447479284
2847243630	1447479294
2572427171	1447479302
3520194517	1447479304
1584112327	1447479349
1762550554	1447479363
3886268812	1447479375
1769698941	1447479396
2587816453	1447479397
5033951962	1447479400
1847630221	1447479402
1798872594	1447479420
2074988073	1447479426
1970158103	1447479435
2183731995	1447479436
1745581770	1447479454
2166505941	1447479458
5113269791	1447479482
1739526595	1447479490
3190568364	1447479505
5575612538	1447479506
1603154383	1447479540
1698361627	1447479556
1406769090	1447479556
1532237044	1447479568
1716538901	1447479593
1770273272	1447479631
5520812278	1447479666
2635524172	1447479688
1787145223	1447479698
2154489681	1447479721
2521884142	1447479737
5270295992	1447479740
1851409561	1447479752
1825963641	1447479753
2878849304	1447479759
1678726087	1447479816
1300092210	1447479819
1838886853	1447479844
2120758467	1447479848
1570203802	1447479858
5310519556	1447479861
3170615027	1447479872
3192696920	1447479889
2484404494	1447479890
2295860210	1447479931
2854211450	1447479959
3191375394	1447479965
2104893164	1447479977
1222572243	1447479986
1668118393	1447479987
1806081190	1447479997
1947447644	1447480009
1677199114	1447480010
2271730991	1447480029
3711425711	1447480041
3978924263	1447480043
1748660767	1447480051
2603865260	1447480065
1444351447	1447480083
2675451071	1447480119
2629358127	1447480137
3949449244	1447480137
1764444840	1447480146
2550391197	1447480156
3324554402	1447480163
2267464362	1447480168
2011132835	1447480210
2014462035	1447480235
2715856467	1447480236
1711836310	1447480239
1788152023	1447480291
5709511097	1447480305
2140589612	1447480329
3381169440	1447480337
5581699851	1447480344
2181201992	1447480350
2668900284	1447480366
1665759180	1447480375
2090488030	1447480426
1889823591	1447480429
3601016941	1447480451
3288796510	1447480460
1435717240	1447480490
1793101995	1447480532
5517059939	1447480536
2495959134	1447480538
1847227994	1447480564
1549296253	1447480569
1197814222	1447480570
1782531552	1447480572
1782871084	1447480614
1752405177	1447480638
1712497091	1447480640
3247634904	1447480643
5544628789	1447480643
2932503293	1447480678
5014196971	1447480698
3835402425	1447480712
2944236235	1447480734
1826351843	1447480737
1803729231	1447480737
5470267503	1447480754
1921983031	1447480768
1995800313	1447480787
3269659800	1447480812
2653180094	1447480873
1305527755	1447480880
2632277581	1447480933
2709900334	1447480973
5556847447	1447480976
1894185977	1447481020
1738261942	1447481041
2214329305	1447481054
2175781585	1447481092
1650371635	1447481096
5334431064	1447481215
1757081741	1447481260
1895930112	1447481304
2684831954	1447481313
1959667280	1447481394
3090655375	1447481451
1675757091	1447481455
5190210169	1447481455
5131655719	1447481458
5664452690	1447481485
1320969837	1447481489
1990594863	1447481494
5732664406	1447481496
5180800633	1447481535
3179236823	1447481547
1777138473	1447481556
2131150874	1447481561
3466095320	1447481638
1251316064	1447481667
1752960183	1447481684
2736519681	1447481699
2805031760	1447481699
1659445041	1447481751
5290541147	1447481758
2626827261	1447481775
2219123917	1447481783
1771450072	1447481807
2962817223	1447481812
1092504174	1447481816
2483291264	1447481819
3947356614	1447481843
5706748593	1447481861
3631041827	1447481862
3203668751	1447481863
2004381155	1447481884
1238879117	1447481921
1975817123	1447481939
5529523418	1447481939
2086142184	1447482017
2330912813	1447482018
1746604983	1447482036
1736092604	1447482050
1219359867	1447482074
2767697477	1447482076
1763997603	1447482157
5646462561	1447482159
1134487414	1447482255
1816070575	1447482267
1779466350	1447482276
2794081445	1447482293
1823217705	1447482348
5408165105	1447482354
3245966411	1447482359
5321858983	1447482374
3921839635	1447482386
5242744745	1447482401
3988423262	1447482403
1811794605	1447482438
1883297624	1447482528
3213750077	1447482530
5261771651	1447482563
1744317702	1447482572
2587629204	1447482625
2339833001	1447482635
1881522425	1447482644
1087201777	1447482678
1227897151	1447482690
5084248848	1447482705
1801266517	1447482745
3872662476	1447482789
1762322635	1447482799
5522626578	1447482801
5675091286	1447482805
1920421542	1447482805
2437727510	1447482824
1891457553	1447482827
1761214502	1447482836
3813043366	1447482882
2381434301	1447482886
1877888461	1447482894
1848335382	1447482900
1758775285	1447482902
2018397445	1447482917
2317966861	1447482943
2762036897	1447483011
1737933341	1447483051
2274296180	1447483055
1851962940	1447483070
3542973840	1447483087
1955272720	1447483128
2257572855	1447483129
5359043028	1447483153
2263564035	1447483175
3570628711	1447483206
1578930247	1447483210
3812655219	1447483210
5112113664	1447483213
1772272940	1447483221
5603801726	1447483245
1796321823	1447483292
2804667503	1447483295
3533644094	1447483300
2925607791	1447483312
5245843573	1447483318
3025408353	1447483335
5320311302	1447483361
1784122087	1447483363
2783824750	1447483379
1661596804	1447483388
2276746243	1447483393
1794067180	1447483397
2375502673	1447483406
1945858684	1447483408
1650155950	1447483446
2521924073	1447483456
5497764310	1447483463
1685071990	1447483471
1686081072	1447483480
2605008830	1447483513
1931531832	1447483518
2210534164	1447483555
1708904775	1447483562
3358185040	1447483565
2214795315	1447483566
1866591735	1447483568
3555209720	1447483570
1791422535	1447483581
2278498021	1447483595
1589743397	1447483605
2863435734	1447483620
2042202541	1447483621
1863366662	1447483629
5508893709	1447483651
1910488435	1447483662
1750967215	1447483664
2599138735	1447483671
5379474298	1447483678
2632012025	1447483711
1758515197	1447483732
5460419319	1447483734
1748416914	1447483734
2238495741	1447483740
2210634883	1447483748
3185752622	1447483785
2011995457	1447483802
3610679965	1447483811
1713646842	1447483815
2874293224	1447483820
3095560893	1447483822
5646141359	1447483828
3933901692	1447483844
1237922432	1447483846
1728719434	1447483863
1548130252	1447483892
1347927093	1447483895
3923766766	1447483908
1253160537	1447483911
2660358043	1447483953
1143606641	1447483964
1362296950	1447483970
2078427777	1447483998
1744345242	1447484012
5159834704	1447484015
2011099005	1447484027
5381833714	1447484027
1711735873	1447484041
1216637265	1447484049
1221675344	1447484050
5678359378	1447484057
1764247132	1447484070
1825646665	1447484072
1064839293	1447484077
1578307574	1447484077
1591186335	1447484098
1838193450	1447484100
2143861260	1447484113
2661377143	1447484131
5559124983	1447484137
2617283467	1447484143
2346037283	1447484145
2749395737	1447484146
1765164315	1447484164
2305530440	1447484185
2238157063	1447484192
5553960406	1447484197
1053758667	1447484208
3287607434	1447484225
2023587533	1447484230
1567609031	1447484231
3211237154	1447484232
1932678814	1447484245
2713303764	1447484272
2736790683	1447484304
2159067570	1447484332
1660246392	1447484347
2671034030	1447484358
5322685491	1447484360
2827825602	1447484382
1551090105	1447484396
2324951580	1447484400
2282730733	1447484420
3187566195	1447484421
5594619863	1447484434
1658945715	1447484443
3027561707	1447484448
2842477604	1447484456
1765942915	1447484520
1290240147	1447484537
1739227590	1447484538
1017228380	1447484539
1863715917	1447484562
5213256656	1447484583
1898620743	1447484589
2925968425	1447484592
5194595849	1447484593
2771543610	1447484595
1651551493	1447484616
3425833072	1447484622
1843287630	1447484630
5106458328	1447484630
1752980374	1447484647
2372593425	1447484647
3811417781	1447484685
2834755700	1447484685
1749993221	1447484701
3215666012	1447484701
1732003652	1447484709
2712076420	1447484725
1774048433	1447484735
3880180989	1447484757
2136255703	1447484757
5669287467	1447484766
2631324733	1447484768
2898726903	1447484770
2294275265	1447484774
1247073622	1447484785
1769213732	1447484790
3265030160	1447484792
2713743243	1447484810
1701311127	1447484816
3603569430	1447484825
2536259440	1447484850
5530692374	1447484860
1196218032	1447484882
5163397191	1447484888
2465210232	1447484906
5068033093	1447484917
5647785716	1447484922
2761814297	1447484932
1787944510	1447484938
2385069255	1447484954
2457391901	1447484957
3742638051	1447484963
5659235591	1447485012
3824501457	1447485027
3386293010	1447485046
1792163463	1447485061
1737083814	1447485062
3001353160	1447485067
3174675347	1447485084
3320559701	1447485092
5015442840	1447485095
3155171214	1447485098
5389375138	1447485128
2692938852	1447485168
1690853411	1447485197
2495951810	1447485252
2405006445	1447485255
5499790200	1447485271
2601387027	1447485277
2471831295	1447485318
1682183023	1447485360
1749727443	1447485375
3537213595	1447485381
5013991712	1447485397
1798803111	1447485400
2471140724	1447485420
1751939471	1447485443
3543525235	1447485454
5555840284	1447485511
1595035484	1447485553
1103283741	1447485555
2950895180	1447485562
3014279877	1447485575
2757164220	1447485603
1705895122	1447485651
2158851054	1447485652
5538998645	1447485661
3989934347	1447485703
3956575687	1447485724
1869305405	1447485725
5706447471	1447485760
1243797027	1447485760
1834957093	1447485791
1873824654	1447485801
1751986761	1447485811
5398778261	1447485842
3544739060	1447485854
1981673381	1447485866
1781343447	1447485911
5611061383	1447485915
2145930523	1447485915
2098797611	1447485923
2764799447	1447485928
1717742020	1447485940
1766673437	1447485948
1352927311	1447485953
3803548321	1447485980
2317578545	1447485998
1812239390	1447486000
1845256642	1447486018
2212628264	1447486024
1896936355	1447486034
5674870811	1447486034
2133358961	1447486041
1954409521	1447486083
2257728743	1447486097
5677441937	1447486103
1771052170	1447486148
3059109737	1447486162
2707799454	1447486172
2937432561	1447486177
2308825542	1447486187
2095960044	1447486188
2519894463	1447486193
2436276542	1447486198
2505264863	1447486218
2290361577	1447486225
2617737301	1447486257
1906112111	1447486282
2436276542	1447486308
5462235747	1447486313
5682478357	1447486332
2865113450	1447486345
1885184665	1447486349
5393592592	1447486357
5075009778	1447486361
1735847411	1447486379
1656600831	1447486380
5185495232	1447486384
5172140818	1447486423
5517261114	1447486424
5594065619	1447486426
5000265424	1447486433
3928914229	1447486448
1575546261	1447486464
1879210297	1447486467
5172238352	1447486479
1798474667	1447486491
1846925272	1447486504
1406730703	1447486521
1763517324	1447486526
1719942407	1447486542
3828218221	1447486590
3386151794	1447486595
5217052027	1447486614
2046895325	1447486642
5462852907	1447486693
1876337223	1447486695
1808757734	1447486699
2206433131	1447486717
1843370714	1447486766
1257945990	1447486770
5305964814	1447486771
5242241530	1447486801
2632747103	1447486801
1968127797	1447486828
5631146168	1447486863
1757186401	1447486868
1809797284	1447486880
2631449607	1447486894
1044290997	1447486904
1830025373	1447486907
1821187762	1447486909
5601487072	1447486932
5199053612	1447486978
2979271725	1447486980
2008596303	1447486982
5308684427	1447487021
2265533754	1447487026
1772845411	1447487037
2492118215	1447487047
3960361231	1447487055
3919722286	1447487081
3171780572	1447487091
2119234315	1447487098
3316237910	1447487098
5723221466	1447487106
1760132687	1447487107
1868076473	1447487117
3657890717	1447487118
3013090773	1447487126
1864216772	1447487126
2502694423	1447487127
1932811083	1447487132
2459716267	1447487146
3019380977	1447487165
1806356250	1447487170
5277270764	1447487176
3220524211	1447487208
1966697651	1447487210
3019380977	1447487271
2534771390	1447487273
3895084554	1447487278
1747569701	1447487331
3949906280	1447487371
3184262052	1447487388
3308147991	1447487397
1752184905	1447487442
3384122032	1447487480
3055380495	1447487480
1927308105	1447487508
3837537139	1447487528
1751003545	1447487534
1759804995	1447487543
1802352825	1447487566
5022521265	1447487627
5519192166	1447487634
5384784484	1447487673
1865904711	1447487675
1670776315	1447487677
1686041653	1447487690
2109489321	1447487691
5314313067	1447487698
1826835685	1447487704
3616557327	1447487705
1825265923	1447487722
2516315992	1447487771
1769440850	1447487794
1790866145	1447487800
1922430431	1447487815
1902006557	1447487827
3984760671	1447487842
2330595502	1447487857
5383351975	1447487899
3177284610	1447487917
2298417247	1447487918
5130541294	1447487927
5267932976	1447487956
2329636321	1447487957
1854828554	1447488048
3901171213	1447488070
1815299127	1447488087
3961383533	1447488093
1170233783	1447488116
2833854355	1447488139
1459532861	1447488154
1731358832	1447488179
2588238851	1447488196
1669487785	1447488216
1766806165	1447488252
1949509027	1447488274
1811954800	1447488319
2034732500	1447488340
1789174990	1447488344
1306520774	1447488396
1806945950	1447488404
1752170942	1447488406
2358018567	1447488423
2257193870	1447488428
1786527122	1447488439
2179897307	1447488483
1741216051	1447488501
1946497851	1447488508
5634706898	1447488529
5257890521	1447488551
2485408905	1447488553
1846741333	1447488565
2620718085	1447488567
1622233311	1447488596
2307654154	1447488616
3600239970	1447488660
1664771254	1447488662
5663106110	1447488698
5195242156	1447488706
1975188545	1447488714
1747164341	1447488717
2879289464	1447488718
2487188995	1447488720
1919704241	1447488722
1677071723	1447488751
1760773402	1447488780
5584212865	1447488805
2186830133	1447488848
1785071891	1447488850
2046317237	1447488858
1577670774	1447488881
2684386333	1447488946
1305600650	1447488955
3941998511	1447489042
3477744072	1447489048
3611715210	1447489051
2605287415	1447489081
3895870419	1447489090
1900518577	1447489132
2646218912	1447489156
1728695497	1447489167
1801917893	1447489182
2342628277	1447489182
2883142050	1447489207
1863390682	1447489207
2525187383	1447489255
3215668640	1447489267
3181124892	1447489284
3911281182	1447489302
5491886663	1447489312
1756890217	1447489338
2688184063	1447489360
1774284684	1447489373
3063161247	1447489394
2465347364	1447489394
1632950200	1447489398
1424579464	1447489407
2113979551	1447489455
5647963279	1447489469
1740359987	1447489491
1883408382	1447489518
3570424862	1447489546
1930898604	1447489569
1850142785	1447489575
2375080551	1447489654
1722101821	1447489662
1218364073	1447489681
5682227007	1447489721
1670721584	1447489731
2273937871	1447489745
1310959922	1447489750
5378929619	1447489754
1810395512	1447489818
1931151371	1447489820
2034901405	1447489824
1853547834	1447489851
3913510335	1447489888
1993305203	1447489920
1943841480	1447489937
5670977237	1447489949
1876115870	1447489973
5021786847	1447489975
1748578164	1447489981
3884488296	1447489997
2613437895	1447490019
2810552242	1447490030
5176623763	1447490135
2791709475	1447490165
5617904131	1447490197
2294434634	1447490273
1929736981	1447490317
3296730793	1447490338
2404102680	1447490355
2608238737	1447490372
2037382343	1447490387
1882242553	1447490393
1725416433	1447490409
2760598553	1447490444
5208693176	1447490449
2874723012	1447490512
2902130575	1447490516
1684179810	1447490562
5369998604	1447490566
3149144161	1447490598
2341672650	1447490613
5039599763	1447490616
1894571797	1447490655
3316016335	1447490661
2604825875	1447490674
3300446960	1447490723
1842690405	1447490747
5658242033	1447490768
2644179393	1447490808
1222283423	1447490890
1865056853	1447490988
5672027325	1447491090
2140747163	1447491133
5284266901	1447491148
1804538147	1447491164
2313048117	1447491194
3138143713	1447491201
5643542173	1447491233
2635373097	1447491241
1916640383	1447491256
1791237893	1447491257
3288612683	1447491304
1784498027	1447491310
1758020145	1447491333
5446306991	1447491350
5557260996	1447491381
1771955454	1447491412
5717288965	1447491476
1116544842	1447491483
3146135475	1447491498
2686361973	1447491528
2215730025	1447491551
2297622682	1447491567
2483069392	1447491574
5699536045	1447491605
1762768312	1447491624
1737746592	1447491643
1760697830	1447491645
5157452135	1447491654
1760697830	1447491684
1963061283	1447491720
1836548462	1447491793
1495452561	1447491815
3592062050	1447491823
5367262061	1447491855
3272837515	1447491859
2504921223	1447491860
2267830800	1447491861
5070885111	1447491870
2292163165	1447491908
1692196903	1447491919
1642625610	1447491938
1747761441	1447491950
1692671971	1447492025
2378611884	1447492026
2210930462	1447492028
2317235822	1447492033
1896386973	1447492038
1776973355	1447492064
3308206493	1447492067
1776346611	1447492093
3414837064	1447492105
1802775061	1447492146
1979713403	1447492157
3926431877	1447492157
3579455853	1447492165
2931787345	1447492168
1648440424	1447492182
2711232130	1447492194
1796104494	1447492236
1873025700	1447492299
1212004741	1447492300
2270534180	1447492310
1219584883	1447492330
2064145805	1447492333
1847047895	1447492336
3506344827	1447492361
1774374181	1447492381
5607195976	1447492399
2616435110	1447492401
3800631752	1447492410
5584826301	1447492421
2318960425	1447492463
1864072154	1447492464
1810350897	1447492515
1794396265	1447492519
3914166570	1447492538
1342254705	1447492544
1753089657	1447492547
1757651515	1447492550
5540527945	1447492585
1398017167	1447492639
1730535992	1447492688
2433288360	1447492698
1785646772	1447492724
1871554337	1447492728
1880678414	1447492733
5106741775	1447492745
5196634512	1447492760
1991007981	1447492785
3793134144	1447492788
2172252283	1447492806
1799075503	1447492839
2873794644	1447492842
3070518331	1447492860
2290963681	1447492895
1056715821	1447492903
3303786863	1447492987
1831317705	1447493007
1781776291	1447493064
1644572662	1447493095
2716470201	1447493122
2790579481	1447493168
2721206351	1447493233
3630654265	1447493249
1731185803	1447493251
1005923111	1447493258
2037831561	1447493300
2714742983	1447493317
3260835612	1447493344
2656414501	1447493393
3966835521	1447493442
2090286283	1447493471
2061586160	1447493493
5342329009	1447493521
1735603627	1447493568
2484280853	1447493611
2516167525	1447493623
5079996631	1447493625
1890552912	1447493722
1594246223	1447493726
2715463435	1447493771
3806678696	1447493864
3205734123	1447493911
2116666373	1447493949
1790398613	1447493959
5652732556	1447493967
1782828350	1447493973
5708781448	1447493988
2382133554	1447494003
2677326955	1447494011
2598593180	1447494071
2287567350	1447494080
1169102713	1447494164
3117253157	1447494223
1438440000	1447494281
1946956781	1447494298
3460739064	1447494318
5574558065	1447494328
3723409561	1447494398
5176104075	1447494427
3883655227	1447494441
3130994831	1447494459
3820689209	1447494482
2604805037	1447494525
2019479067	1447494535
1896942935	1447494558
1949440324	1447494609
2165480192	1447494653
1809034802	1447494715
1734229013	1447494722
1559404353	1447494743
2971705327	1447494754
3909133144	1447494756
2830450792	1447494782
1975173034	1447494854
2680107863	1447494864
1642630424	1447494891
2642358893	1447494906
1805337571	1447494926
3074712933	1447494952
2188319730	1447494981
5479470093	1447494991
5678291064	1447495050
3823969708	1447495087
2485230451	1447495251
5493579392	1447495263
2870722733	1447495266
3424988590	1447495318
1676706625	1447495338
1862008844	1447495341
3653977635	1447495347
1786126097	1447495407
5723256570	1447495469
5647401764	1447495520
1967457147	1447495521
1885687987	1447495563
3722417354	1447495580
5075393637	1447495583
5253039092	1447495690
1001166450	1447495804
5245461242	1447495843
3862595858	1447495845
5303591210	1447495849
5512774191	1447495858
2719069671	1447496004
3550728234	1447496013
1759437053	1447496041
2386831905	1447496066
1849001267	1447496083
2997431343	1447496089
5033007872	1447496108
5581285853	1447496132
2885441120	1447496133
3480078450	1447496251
1790255731	1447496293
2581840104	1447496303
1378467162	1447496374
1647448760	1447496383
2778656551	1447496403
1834347527	1447496408
5055671805	1447496409
1973242305	1447496420
5502434167	1447496523
5244257785	1447496534
5677330811	1447496541
3705922304	1447496559
1783529255	1447496610
5340436878	1447496647
1818266192	1447496673
5581333647	1447496675
1811996257	1447496733
2321590265	1447496864
1881558180	1447496889
2634493791	1447496921
2508472990	1447496949
5678897528	1447496959
2734843620	1447496992
5545808159	1447497001
2010627813	1447497010
2862645020	1447497166
1788342597	1447497207
5098539351	1447497260
2134598817	1447497307
2484953557	1447497334
5653791039	1447497350
3379989314	1447497361
1770601050	1447497394
1759943643	1447497404
2114310014	1447497425
1671014865	1447497444
2310678340	1447497447
1912715582	1447497477
5198720092	1447497501
5711963519	1447497506
2298689845	1447497547
1818646270	1447497587
5675082620	1447497605
1748418115	1447497606
3299416662	1447497615
1837461915	1447497662
1963314511	1447497763
5378876677	1447497770
2205877052	1447497772
2034509765	1447497797
3953541915	1447497808
5406776301	1447497815
5674772082	1447497818
2524478097	1447497868
5381381442	1447497913
5690582940	1447497919
2359819331	1447497926
1784117001	1447497966
5076819246	1447497985
2886387990	1447498016
2119663875	1447498031
5269936652	1447498063
1851159551	1447498066
2487231477	1447498129
1281469835	1447498203
5106043262	1447498234
5709434188	1447498316
5309240999	1447498320
2691950513	1447498355
1633718567	1447498470
1818835255	1447498494
2285750317	1447498538
3785964962	1447498544
5387510644	1447498611
5329287294	1447498640
2645880372	1447498649
2075639597	1447498666
1848990953	1447498736
1831954391	1447498812
3162460447	1447498815
3304992730	1447498873
5665858820	1447498898
1788796815	1447499015
2281147434	1447499261
2369617642	1447499295
1743806240	1447499299
5632964577	1447499320
1795611681	1447499372
1756718721	1447499391
5091609786	1447499391
3482964061	1447499392
1961965720	1447499491
2146208555	1447499538
3296706133	1447499614
2702512927	1447499631
2804027884	1447499782
2115361025	1447499782
1673599133	1447499786
1219786621	1447499801
1250987565	1447499841
3738768870	1447499902
2659479242	1447499931
5677354852	1447499954
2342329351	1447499956
1933549433	1447500012
1607286941	1447500019
1292818794	1447500038
3770181685	1447500050
2946648261	1447500057
1341388645	1447500130
2483035805	1447500158
1226767960	1447500180
3874611413	1447500195
1994165175	1447500200
1733927367	1447500219
1584865211	1447500283
3230890202	1447500368
2442081567	1447500401
5490432918	1447500413
1862480222	1447500495
1011992490	1447500496
3316757625	1447500497
1747643574	1447500612
3847854601	1447500632
1942551682	1447500648
5563662902	1447500709
1862507687	1447500713
3815457373	1447500721
2571784844	1447500723
3126101127	1447500791
5712606963	1447500796
1347008903	1447500822
1910422903	1447500852
3796831523	1447500905
2591400657	1447500951
3481477951	1447500979
1856169334	1447500992
2793041121	1447501007
1782602763	1447501085
1919041152	1447501123
2939263381	1447501148
3950177950	1447501166
3165058003	1447501228
2823315144	1447501254
5617590102	1447501276
1877215307	1447501282
2767472494	1447501302
3223134382	1447501304
2316631220	1447501309
2621912003	1447501342
2934980165	1447501519
2791838035	1447501545
1688802897	1447501556
2469652061	1447501569
3442531650	1447501587
3811417781	1447501613
1781286891	1447501636
1845035950	1447501722
1005493850	1447501759
1899266697	1447501847
2278405450	1447501888
5535482509	1447501938
3187458251	1447502028
5200791452	1447502061
2711951922	1447502098
1916273752	1447502101
1504915064	1447502105
1301328551	1447502128
2976323793	1447502176
1832203240	1447502185
1557266137	1447502266
5383772177	1447502335
1656702407	1447502398
3695588214	1447502460
5550465957	1447502494
1731226567	1447502521
3090850177	1447502655
1893781303	1447502679
1727969053	1447502679
3945664413	1447502687
2138350905	1447502690
1740263742	1447502692
2013224277	1447502716
3004215750	1447502728
5543402531	1447502729
1941717367	1447502752
3059587482	1447502777
3806551704	1447502830
2949846573	1447502973
2120582167	1447503001
1696385427	1447503026
1567131350	1447503034
1953115355	1447503045
2391657694	1447503058
2705823323	1447503071
1862972122	1447503111
1606711953	1447503166
2448480885	1447503201
1844151804	1447503351
1213597733	1447503416
2978994211	1447503426
5709786517	1447503426
3925451535	1447503438
1793150202	1447503452
1769233025	1447503477
5697379693	1447503630
2902994863	1447503642
1830661553	1447503677
1761898777	1447503690
5648920696	1447503695
3179695142	1447503802
1035494260	1447503846
2643390483	1447503885
5681939558	1447503930
1926677174	1447503971
5160400130	1447503972
1211136164	1447504047
5451116947	1447504093
1832135713	1447504116
2762147552	1447504117
5687800600	1447504128
1587514230	1447504144
1250298874	1447504146
2199340931	1447504173
2391269422	1447504286
5427727698	1447504293
3061620087	1447504318
1798524065	1447504359
1300448572	1447504377
1750019495	1447504469
1863878995	1447504566
1594897217	1447504569
3206811225	1447504640
1748788777	1447504641
5163210556	1447504751
2124774331	1447504811
2474807053	1447504823
5592301536	1447504827
2095903655	1447504839
2047262351	1447504878
5351797646	1447504981
1745587212	1447505036
5647163079	1447505130
1568454483	1447505179
3374111924	1447505232
1827009953	1447505271
2909092124	1447505324
1844131544	1447505356
5642535411	1447505356
5382972925	1447505457
5576401855	1447505487
3253575121	1447505617
3107164035	1447505644
1726378755	1447505751
2335594593	1447505801
5637519585	1447505853
3289515283	1447505929
2761501457	1447505937
5318545193	1447506040
2312854791	1447506045
1751133282	1447506063
2984117362	1447506140
2464358133	1447506156
3074949753	1447506166
2177493215	1447506193
1814417787	1447506206
5239820844	1447506226
3227587400	1447506258
1617752860	1447506299
2668156193	1447506301
3909498008	1447506399
5336538427	1447506664
1739809963	1447506809
5101259235	1447506905
1260196811	1447507016
5392608457	1447507025
5439615185	1447507082
2649840973	1447507107
1686399941	1447507441
2878286625	1447507476
2190401203	1447507524
1925128410	1447507597
1614227664	1447507611
2887353042	1447507618
2815708873	1447507623
1664818233	1447507660
3183807320	1447507703
5662383689	1447507765
1765166233	1447507891
3174572511	1447508067
5290686973	1447508120
1651843343	1447508124
2179468272	1447508132
5259039405	1447508263
5366197049	1447508322
1740480435	1447508329
3534198823	1447508371
2946129187	1447508453
1764803674	1447508615
2013041864	1447508642
1954504995	1447508735
5105165939	1447508830
2120431020	1447508836
3014916333	1447508847
2186306045	1447508918
1793937475	1447508976
5035513755	1447508995
1949592863	1447509014
2850397804	1447509018
3193155351	1447509037
5194073510	1447509088
5165372428	1447509131
5601628404	1447509151
5392973794	1447509247
5669282388	1447509353
1701397431	1447509356
3835073501	1447509376
2014811465	1447509380
1711681457	1447509402
3236436570	1447509424
5125071262	1447509440
1402360065	1447509526
5342004382	1447509533
1775344183	1447509599
5472240014	1447509612
1830981360	1447509657
2712382215	1447509669
5417360332	1447509715
2658297527	1447509907
2158617571	1447509927
3890722707	1447509939
1818789065	1447510005
2049541734	1447510045
3787423595	1447510055
2821331632	1447510065
5499590004	1447510069
2879049272	1447510353
1934526093	1447510417
2726130561	1447510430
2673941967	1447510443
5394077244	1447510487
5579530908	1447510522
2276898550	1447510543
3779924201	1447510632
5167416091	1447510640
1615449681	1447510641
1759243267	1447510650
1965623534	1447510680
5074442118	1447510841
5677587309	1447510846
5547176404	1447510870
3167505932	1447510874
5086969129	1447510957
3549931571	1447510960
1651047542	1447511023
2145515287	1447511068
2699386810	1447511092
1789391907	1447511120
2370443830	1447511262
3188855250	1447511277
1882756740	1447511391
5062938447	1447511401
1741813337	1447511409
5662079732	1447511521
5625103425	1447511524
1133147634	1447511566
1962296895	1447511625
1690258103	1447511636
3342473890	1447511698
5054757463	1447511724
2595597104	1447511857
2516498600	1447511873
3208075015	1447511944
2693835447	1447511944
5447117258	1447511953
1815020303	1447511995
2152038780	1447512081
2015462767	1447512126
1864289893	1447512199
2487490547	1447512202
2919264581	1447512223
1851412235	1447512249
1727100221	1447512282
3826605274	1447512295
1748265335	1447512338
1868425543	1447512339
1937384992	1447512358
5641385417	1447512410
1743079077	1447512419
1764870760	1447512432
5610117752	1447512502
1781177970	1447512561
2105229000	1447512592
3893837496	1447512608
2668533163	1447512719
1805486100	1447512747
5533516828	1447512756
1671147224	1447512916
5234376912	1447512918
5081146293	1447512929
3242592231	1447513032
1927720755	1447513144
2350159731	1447513245
2066978407	1447513288
3152040290	1447513318
3113467501	1447513360
5572646967	1447513398
2258572527	1447513474
2613681317	1447513496
2185439520	1447513573
1766818352	1447513644
3937229511	1447513698
2367737855	1447513710
1909956497	1447513721
3048312762	1447513754
1852382830	1447513785
5210113206	1447513831
1728880030	1447513975
2560620227	1447514033
1737410907	1447514251
1537672062	1447514282
1934865210	1447514524
1759865183	1447514525
1747997881	1447514534
5514825898	1447514598
1912537690	1447514629
5287207758	1447514737
5079785575	1447514772
5138479382	1447514776
1760855573	1447514777
1778483931	1447514778
1919898673	1447514804
2460563625	1447514822
3579957215	1447514876
5673767057	1447514879
5538107641	1447515044
5604742844	1447515156
2941516495	1447515229
1898307394	1447515252
2414617223	1447515267
2782913411	1447515268
2681525591	1447515301
5674367880	1447515357
2272928943	1447515359
5137552398	1447515433
5122945345	1447515481
3871814498	1447515482
5261891484	1447515537
2041256712	1447515655
2989056237	1447515681
5445530995	1447515683
5147858006	1447515875
2235408914	1447515902
3368857062	1447515956
2205001055	1447516066
5088831135	1447516247
1813598924	1447516259
3334653082	1447516284
2650598070	1447516301
1786699603	1447516305
5662153009	1447516354
1838538520	1447516389
3276044541	1447516437
5068212203	1447516443
3288648595	1447516492
3117353731	1447516606
3205553902	1447516863
1794229252	1447516921
5145955875	1447516994
5592928940	1447517019
2502781773	1447517091
2816833205	1447517099
1852140742	1447517120
5112707666	1447517295
2723020793	1447517363
3052134645	1447517507
5631517337	1447517631
1252860583	1447517790
1711681457	1447517838
5648640194	1447517854
3904859834	1447517861
3819210156	1447518058
1315290774	1447518149
1835649822	1447518207
3742302451	1447518315
1268408301	1447518361
1869648637	1447518389
1892088987	1447518404
3609948201	1447518627
3195401691	1447518638
1660379807	1447518785
5056650170	1447518790
1856397572	1447518892
1944549917	1447519067
3859858794	1447519114
3960810011	1447519187
1893752032	1447519225
2614949147	1447519226
5057558636	1447519331
5385132304	1447519400
1846218457	1447519504
3806603742	1447519510
2936302421	1447519533
2161878155	1447519554
2289427403	1447519619
1822034473	1447519625
2289427403	1447519713
5213105840	1447519799
1634371850	1447519858
1769741314	1447520310
1797122813	1447520336
1856601572	1447520383
5272343085	1447520401
5697440162	1447520452
1728155372	1447520482
3118085341	1447520518
2640788551	1447520562
3265669590	1447520729
5610924321	1447520818
2606919411	1447520896
2597076167	1447521040
3300422795	1447521105
1758151445	1447521136
1920298493	1447521327
3833827924	1447521363
3499244727	1447521547
1789543463	1447521597
2502802063	1447521881
5620415076	1447522023
1993923511	1447522303
3436889332	1447522395
1743786730	1447522565
3291617332	1447522594
2171143731	1447522667
5257876995	1447522679
5245509425	1447522720
5245509425	1447522944
2503073001	1447522974
1761963357	1447523076
3872695099	1447523109
1902978647	1447523258
5651468374	1447523298
1804767397	1447523315
5676981584	1447523353
1228647020	1447523389
1697088375	1447523428
2236350700	1447523655
2975231343	1447523710
1769413614	1447523923
3735311060	1447524354
2368199030	1447524702
1651514815	1447524865
1769616773	1447525226
2126633564	1447525697
3602618613	1447526314
2958981287	1447527025
5431817602	1447527089
5651641400	1447527314
3813115976	1447527564
3944717009	1447528374
1810356221	1447528423
5099806545	1447528552
3524280015	1447528608
1912181435	1447528631
1917669627	1447529168
5183489476	1447529359
1935796013	1447529445
5234720870	1447530144
3592363601	1447532347
5135011307	1447532450
5634024618	1447533547
5439028307	1447535019
5029011247	1447535684
5710611386	1447535700
3901974261	1447536760
5039390283	1447536775
1812609557	1447537728
5364725213	1447537776
2390132797	1447539273
1866534803	1447539629
1116693077	1447540302
2436069082	1447541345
1872496372	1447541867
1629817154	1447542393
1346300887	1447542551
2721492141	1447543010
3603128842	1447543586
1821409645	1447543643
1132643330	1447544042
1959491445	1447544075
5586443387	1447544109
5708962747	1447544931
5701528395	1447545056
1821417665	1447545099
2355354577	1447545572
2063818364	1447545723
1066286521	1447545888
2068834950	1447545895
1724442472	1447546005
3234099524	1447546270
3246775094	1447546455
2643060707	1447547135
5645605666	1447547170
2882207262	1447547375
5388453592	1447547398
1101274341	1447548036
5129548719	1447548800
1539616573	1447549185
1627680730	1447549382
2358477345	1447549772
1785261280	1447549927
5524036577	1447550909
1750293552	1447551010
5219604860	1447551981
2566207862	1447552315
1849978893	1447552606
5726686845	1447552699
5140924632	1447552728
1705828715	1447552898
1824145075	1447552924
1242117287	1447552980
5119658181	1447553160
1758324811	1447553332
2121970287	1447553517
5631604548	1447553660
1778311871	1447553733
1975139447	1447553880
1975535461	1447554248
3219435493	1447554257
3863519838	1447554377
5516773473	1447554384
2517239102	1447554878
2678114587	1447554983
1818236501	1447555388
2718514190	1447555511
1677678183	1447555944
3711076352	1447556283
2166226551	1447556630
1651853333	1447557028
1833903357	1447557035
2512938671	1447557636
5013182767	1447557673
1780852641	1447557921
1627455864	1447558334
2256708320	1447558460
3469991714	1447558568
1769869831	1447558572
5640615040	1447558606
1442745054	1447559351
1015074654	1447559616
5195443717	1447559682
1896939265	1447559698
5683173264	1447561036
2356918954	1447561465
2532695192	1447561741
1758524683	1447562127
5066513896	1447562695
3937582207	1447562975
5197779922	1447563074
2542143447	1447563458
3026995415	1447564169
1854189512	1447565139
2752244957	1447566130
1811578537	1447567775
1903448431	1447567835
3403386562	1447568117
1411368381	1447568458
2708315693	1447570468
2162736294	1447571804
5079257774	1447572327
3645515727	1447572846
1508506784	1447573362
2449871977	1447573552
2073778371	1447574501
2716438913	1447575426
2096594443	1447575608
1175181360	1447575839
1942462684	1447576349
2643718062	1447576692
1458089242	1447576724
2062311121	1447577457
1678434125	1447577974
5351204276	1447578349
1695607865	1447579510
1887208507	1447579922
5744639827	1447580120
1824595690	1447580328
2793290680	1447580802
1724695032	1447581525
1854534822	1447582171
2013028482	1447584320
5131852357	1447586339
2706856634	1447586487
2645214650	1447588384
2693329051	1447588963
1893662605	1447590591
1525822644	1447590914
1809192167	1447591705
2917557595	1447594589
2330586335	1447596020
2335816343	1447596320
2954422531	1447596479
1944404711	1447597302
2704549915	1447597838
1652849533	1447600123
1874644291	1447600139
1735315145	1447600283
3121537080	1447600606
1707267037	1447600876
2246286340	1447601335
5388763795	1447602084
3446311072	1447602239
1957939043	1447602445
2119085243	1447603869
5327963929	1447604166
1393843297	1447608677
1676230380	1447630971
1774296422	1447632245
2279799737	1447641021
2073420892	1447644467
3077375320	1447645787
3091562071	1447648637
1691504911	1447649487
5189446148	1447651872
5370266635	1447671153
5641011176	1447676328
1302042285	1447682529
1931918267	1447683910
3815928396	1447684583
2267334425	1447685200
3682656170	1447686084
5510469647	1447687975
1889794045	1447693745
2719630830	1447694447
1983659913	1447696658
3308244531	1447719943
1890996110	1447724428
2681029331	1447737802
1658642462	1447744087
2165068245	1447745429
2072476000	1447746436
2653247200	1447752427
1634330131	1447757479
1799865231	1447760193
5736783958	1447766660
2145684381	1447767099
1788461295	1447768863
1783442277	1447769839
1566373171	1447770610
3555000870	1447773170
5017912362	1447775318
1794626904	1447781139
5137429364	1447806715
1669317973	1447812810
5687143055	1447814173
1562142602	1447835154
2520268053	1447838636
5340083149	1447849838
1649101614	1447851062
3285515394	1447851298
2318486613	1447856253
2164724452	1447856657
1834812552	1447861090
2079165065	1447861484
1788843293	1447872973
3025045562	1447874017
1130490523	1447875785
2600988567	1447889230
3154750521	1447894289
1841792561	1447898161
5463188805	1447904025
3307438675	1447904542
1751450330	1447908634
1698525451	1447920791
3204002653	1447920965
1991008821	1447922761
1988090947	1447925944
3611592071	1447940786
5380457421	1447941639
5134673475	1447945443
2158950430	1447946454
1110374631	1447951115
1768962651	1447955200
5638692635	1447958447
2020094015	1447978794
5403197423	1447979129
3549931571	1447981709
2602273504	1447989059
1877090533	1447995391
5347109429	1448001895
1714917743	1448003842
1935453193	1448033075
3153428910	1448046948
2270648964	1448070256
2659916332	1448087491
2823172420	1448087961
3311649245	1448091783
1760324151	1448094871
1809023313	1448107870
1787546367	1448116391
1965664577	1448122706
5056020475	1448123319
2482691091	1448125029
1571296274	1448125821
1844292554	1448127976
1794035004	1448130953
1064588500	1448134440
5720195885	1448134776
1784769837	1448143719
2568750105	1448148524
2926132085	1448174574
5616275138	1448187278
2389306275	1448207069
2961903245	1448208942
3720615372	1448210218
3251900944	1448243332
1898888195	1448249588
2034865584	1448257162
1848096911	1448259804
5041981783	1448268767
3242352500	1448285871
3197805965	1448287811
1920866462	1448417539
3005225510	1448524435
2338789250	1448534692
1904914170	1448534986
3340834260	1448538169
1954636291	1448545494
5761070687	1448556685
2994171645	1448594605
1790967880	1448621095
2011026482	1448626982
1241479351	1448665066
5697408020	1448671184
1926132067	1448697789
5069612519	1448698980
1846397017	1448813729
2237554364	1448818709
5157088859	1448915195
2021086547	1448953742
2003417471	1448971303
3177349641	1449017037
5608357139	1449050820
2731297955	1449056440
5677949912	1449146042
5090073672	1449249343
3461702154	1449303075
2715133933	1449314389
1799709964	1449316360
3722356370	1449320808
5020253683	1449325345
2024120615	1449378681
5698593546	1449381211
2415272355	1449976192
5479165483	1450171475
1721222604	1450308509
2671793105	1450447862
1402716263	1450594138
2668392803	1450600932
1098730775	1450778880
2723051951	1450865779
1890563621	1451180484
1066286521	1451279380
5620806922	1451310666
2140477540	1451655142
2729802937	1451694947
5723256570	1452230903
