1757353251	1448260217
5506619408	1448260261
1821280465	1448260281
2523810622	1448260285
3288703715	1448260318
1921125617	1448260324
3720821140	1448260334
2654849440	1448260356
3844667974	1448260366
1647091907	1448260390
2585931920	1448260395
1811570653	1448260402
1879393630	1448260418
2182569893	1448260419
1241077197	1448260445
1946364871	1448260465
5581301046	1448260476
2150917442	1448260491
1624700462	1448260501
1794372025	1448260515
1271667483	1448260533
3090851397	1448260565
1969128042	1448260574
2420575081	1448260589
3073238555	1448260603
3100720967	1448260625
1150615487	1448260649
1549404970	1448260669
1691614904	1448260681
2867753597	1448260686
1488154942	1448260719
1776100051	1448260720
1883189635	1448260726
2196203643	1448260763
2075642615	1448260783
2261192953	1448260789
5324646034	1448260796
2207468045	1448260825
1144999800	1448260923
5345278396	1448260997
1358566211	1448261057
1525389980	1448261061
5234316513	1448261084
5679424724	1448261088
3243011063	1448261143
2454786697	1448261157
5284662372	1448261202
2819915470	1448261227
1819699030	1448261235
2760892747	1448261237
5475131955	1448261240
1645971617	1448261267
1784662501	1448261277
5174996303	1448261289
2692825191	1448261336
1660718711	1448261337
3189038743	1448261342
1505173104	1448261364
1677794747	1448261389
5520469499	1448261431
2330391434	1448261438
5701965461	1448261445
1250275562	1448261465
1912764432	1448261469
1788648450	1448261475
1820989417	1448261482
1903916497	1448261523
5414188172	1448261526
2012318575	1448261544
5619671869	1448261564
2064686161	1448261586
3802724438	1448261595
2108335515	1448261615
2468704395	1448261624
3488142900	1448261637
5639538315	1448261643
3102007584	1448261702
1679757817	1448261803
1977854113	1448261835
2120223493	1448261838
5296826836	1448261896
2208033174	1448261907
1746533295	1448261917
2008391904	1448261934
3856905044	1448261948
1867093021	1448261949
1761885250	1448261975
2817127570	1448261978
2712775631	1448262054
2079832193	1448262066
2021180083	1448262156
1856275234	1448262161
5429538217	1448262163
2514487374	1448262181
5086769033	1448262182
1950249674	1448262198
1926497564	1448262313
1774639690	1448262325
1288433505	1448262389
1954718701	1448262419
2646060461	1448262468
1781708562	1448262520
1887599912	1448262559
5333970920	1448262671
2010702177	1448262811
2610465422	1448263001
3861694906	1448263002
3821864560	1448263125
1696073210	1448263204
2336889422	1448263310
2168934507	1448263367
5340145568	1448263457
2171630500	1448263475
2987353263	1448263550
3293563461	1448263551
1783221865	1448263673
1853338397	1448263703
1075257447	1448263706
1100083024	1448264234
1413958624	1448264316
1569490153	1448264558
2716763200	1448264613
1732365474	1448264770
1735276397	1448264803
2677482031	1448264851
3191740887	1448265040
2374219027	1448265273
3579802750	1448265279
1894058005	1448265321
1941912792	1448265496
1916237171	1448265630
1964351222	1448265647
2078493643	1448266010
3107179721	1448266175
5746968507	1448266422
3002808705	1448266585
1782847420	1448266688
2279442237	1448266744
3806771091	1448266806
1738789373	1448266904
2312731685	1448266938
2742372084	1448266958
5323507479	1448266969
1744794333	1448267074
5561948658	1448267076
2624756183	1448267193
1845679544	1448267357
1710030770	1448267591
2023742491	1448267601
1652806721	1448267692
3366433382	1448267861
1801301897	1448268217
2408029813	1448268483
1822427557	1448268499
2381057133	1448268530
2649027723	1448268623
2074260227	1448269699
2250665481	1448269826
2160862355	1448270114
3966929384	1448270139
2645188925	1448270525
2803083414	1448270679
3028467223	1448270743
2131261593	1448270940
5248133901	1448271211
1862354371	1448271225
2126644820	1448271304
1634568034	1448271467
2724990473	1448271558
5221542227	1448271643
3810738731	1448271658
5019123056	1448271700
2213924761	1448271798
2180476785	1448272049
5684532052	1448272275
1866762881	1448272291
3720977454	1448272991
2423054601	1448273550
3308941160	1448273664
1228907372	1448273693
1075944407	1448274581
3263969093	1448275219
3645732174	1448275880
5369710998	1448276127
1712519915	1448276203
1729817114	1448276319
2655973883	1448276989
3782910797	1448277720
2263915574	1448278436
3842859696	1448279102
1761315284	1448279876
1720408260	1448279884
1781485040	1448280334
2385874032	1448280386
1746101182	1448281286
3474404570	1448281545
2166911254	1448283064
2953601471	1448283499
1688928404	1448284188
1784608245	1448285354
5681084448	1448286887
2961841747	1448287226
2378108042	1448288072
5453683923	1448288802
2020403513	1448289439
5466601087	1448289901
3228827237	1448291354
2170972343	1448291401
5286078440	1448291432
1732335073	1448292134
3201420351	1448294464
5239395466	1448295734
2273638911	1448298402
5623759734	1448300057
2653275432	1448304548
3059961667	1448317917
3119514394	1448330748
3621822870	1448334009
5597702188	1448340830
2155027450	1448342880
1069330917	1448343251
3188237334	1448351143
1767212127	1448365824
1414404981	1448368577
5311130852	1448371470
1910785207	1448376668
3163554034	1448377699
2143928642	1448382536
2469946655	1448432366
1784608245	1448851472
2241287491	1448884889
2015066301	1448897920
5759072858	1449292608
2044195765	1449743808
