2084348103	1447670937
5745847788	1447670961
5762832120	1447670996
2464682173	1447671045
5639583010	1447671061
5626682442	1447671075
5593443028	1447671078
1359665225	1447671078
5253509831	1447671080
3986828571	1447671083
5720521871	1447671090
5654585563	1447671093
5625566370	1447671097
3335277632	1447671115
5755010497	1447671117
5664412682	1447671125
5555117873	1447671136
5711613710	1447671136
5612280541	1447671141
3029492575	1447671146
5405636626	1447671168
5027725376	1447671188
5745532890	1447671191
1748849145	1447671197
5336523256	1447671205
5760397362	1447671209
5681425791	1447671209
5607478851	1447671237
5254811120	1447671241
5316422994	1447671258
2476181877	1447671291
5639625690	1447671341
5729765045	1447671413
5624893763	1447671416
5655594371	1447671426
5629276471	1447671460
5659501619	1447671468
3517498025	1447671469
5723109641	1447671501
5713157143	1447671526
5310763856	1447671536
5191755192	1447671546
5649345497	1447671549
3900267333	1447671608
5631446039	1447671619
5697489059	1447671679
5691717403	1447671708
3888752987	1447671760
5631553231	1447671778
5012681665	1447671798
2116206707	1447671821
5715076359	1447671828
3636163120	1447671828
5716494285	1447671852
3265903201	1447671860
5629911869	1447671862
5661403370	1447671888
3936904672	1447671894
5656400861	1447671972
5687959022	1447672015
5581801620	1447672016
5687945342	1447672063
5736744588	1447672066
5662099636	1447672075
5666089056	1447672121
5593240709	1447672124
5602288635	1447672130
5707195101	1447672131
5504337728	1447672140
5631922992	1447672220
5702730413	1447672233
5590136851	1447672253
5618166447	1447672277
5202702330	1447672381
3937482821	1447672399
5693776345	1447672422
3219520762	1447672442
5666600773	1447672449
5665090036	1447672496
5607442765	1447672525
5612393964	1447672580
5710664645	1447672616
3811574097	1447672647
5511227866	1447672694
5667787386	1447672699
5588692723	1447672757
5456000250	1447672770
3114454317	1447672803
3268801730	1447672811
3934417315	1447672821
5728920017	1447672855
5501691882	1447672865
5634085875	1447672866
5754104223	1447672879
5698554560	1447672913
5665147890	1447672943
5637088830	1447673026
5263590430	1447673031
5728148912	1447673086
5705022727	1447673087
5643446771	1447673145
5634799067	1447673220
5687969805	1447673277
1845251653	1447673279
5750915074	1447673306
5641230312	1447673367
3092698727	1447673408
5720659099	1447673528
5129415776	1447673530
3286034231	1447673562
5659392442	1447673678
5659562860	1447673764
3247666660	1447673775
5235652553	1447673782
5392451696	1447673843
5736472299	1447673852
5017999672	1447673914
5585506275	1447673915
5614178013	1447673927
5610850835	1447673956
5115936873	1447673985
5707067030	1447674041
5678302075	1447674067
5692684423	1447674106
5736526935	1447674129
5615032583	1447674168
3086972880	1447674175
3219385501	1447674278
5627517153	1447674307
5710837641	1447674318
5534935449	1447674355
5176716077	1447674461
5618205952	1447674464
5274493787	1447674469
5102233627	1447674525
2940645687	1447674661
3960834210	1447674684
1352951757	1447675009
5697906725	1447675111
5744735545	1447675346
5702552720	1447675419
5758475988	1447675626
3317568231	1447675764
5606916018	1447675866
5328756479	1447675867
5687745977	1447676194
5681667186	1447676203
5525829249	1447676341
3161379165	1447676364
5611062925	1447676518
5374284854	1447676584
3157907950	1447676650
5703227613	1447676660
5621517611	1447676850
5494253578	1447677081
5651998147	1447677223
1427610714	1447677306
5664673265	1447677543
5684785114	1447677605
5149273991	1447677919
5526585236	1447678025
5629037060	1447678241
2625081523	1447678293
3169390417	1447678330
5089993751	1447678918
5610682865	1447678924
5714722420	1447678936
2249729481	1447679046
5714690133	1447679443
5644560653	1447679556
2509511981	1447679625
5376251221	1447679636
3104515233	1447680104
2036638373	1447680251
2803767537	1447680424
5654337791	1447680716
5756610480	1447680728
2325608750	1447680822
5623560481	1447680832
5534894102	1447681332
5646400366	1447681548
3479936034	1447681836
5738689922	1447681875
5661109536	1447681993
5748746211	1447683313
3645432297	1447689474
5588756794	1447690519
5192130000	1447729142
5674314665	1447733723
5686882853	1447782916
2933782567	1447817088
3250332575	1447833574
3220329124	1447919347
2426196863	1447935640
2426196863	1447939792
3883241355	1448111759
5627187326	1450697003
