3167305545	1447636690
2831947263	1447636703
3190854381	1447636705
5737315577	1447636718
2964324817	1447636719
3254056672	1447636721
2605822455	1447636725
3637114615	1447636726
1221513205	1447636726
5245947632	1447636727
3314973134	1447636734
1178969075	1447636741
1835750912	1447636741
1826469922	1447636742
2236101717	1447636750
5622367509	1447636751
2294194491	1447636754
1946201320	1447636762
2477493037	1447636766
2156922330	1447636768
2490838903	1447636770
1749150507	1447636772
3049110887	1447636773
1905740911	1447636787
5516937413	1447636793
1600599921	1447636796
5727206757	1447636802
1683264831	1447636806
5394233519	1447636808
1722219495	1447636808
5746497017	1447636811
1951849103	1447636818
3312138191	1447636822
1856017472	1447636838
2123252265	1447636841
3293417051	1447636846
2378792735	1447636846
2426117080	1447636851
2858103172	1447636853
3954804773	1447636861
1551454144	1447636866
2199206024	1447636866
5048655617	1447636869
1787505525	1447636891
2957250073	1447636897
1794778024	1447636901
1925342704	1447636903
1744162600	1447636903
2102673193	1447636905
1353958373	1447636906
1882219005	1447636910
1821352514	1447636912
1869012011	1447636926
1965113023	1447636930
1452709737	1447636937
2611248873	1447636938
1966940053	1447636944
1906789531	1447636951
2394852515	1447636952
3172569722	1447636953
1732626243	1447636957
1799580392	1447636964
5189520651	1447636965
5345859904	1447636965
1940959332	1447636975
2213055204	1447636976
3205257733	1447636977
5515649801	1447636987
5349925078	1447636993
1787063287	1447636995
3019673462	1447637027
2006543501	1447637030
2527083820	1447637033
2855373470	1447637059
1226159491	1447637073
2732149370	1447637073
2311535567	1447637080
1744437193	1447637108
5202799108	1447637110
1799808042	1447637114
1768502644	1447637131
2651813685	1447637137
2773522451	1447637139
2796055781	1447637140
1953939760	1447637141
1959085234	1447637144
5074452897	1447637151
2767005865	1447637153
5384732660	1447637163
3117909143	1447637181
1865870225	1447637182
1439976457	1447637185
2288270512	1447637187
1982380972	1447637194
1826507727	1447637196
1927739594	1447637209
1780507654	1447637225
2185370620	1447637226
1626436902	1447637231
1581914321	1447637233
2591805994	1447637245
2820080425	1447637248
1639623042	1447637254
3025743974	1447637265
1969663897	1447637266
1830815295	1447637273
1997458877	1447637276
3986414459	1447637281
3239398635	1447637283
1690385845	1447637284
1870754091	1447637287
1897618570	1447637295
3986518017	1447637299
1786608721	1447637304
1746855691	1447637321
1749287700	1447637322
1718714132	1447637332
1174174865	1447637347
1871775345	1447637351
1666431633	1447637352
2343602781	1447637357
1933419425	1447637358
1865870225	1447637365
1896169951	1447637377
3889350928	1447637384
1841613820	1447637388
3811003628	1447637396
5294885771	1447637399
1749287700	1447637417
5594046418	1447637417
1788288217	1447637424
1746858553	1447637425
2028096321	1447637437
3207543584	1447637439
2040522771	1447637444
1261739835	1447637457
1773072210	1447637466
1745451800	1447637467
1776219285	1447637474
2623207401	1447637475
1528071200	1447637476
1720030703	1447637477
3217483612	1447637480
5339249933	1447637481
1528071200	1447637482
1865376122	1447637489
2152502495	1447637492
1610065223	1447637492
5614431689	1447637494
2086642730	1447637523
2436750505	1447637526
1949768257	1447637549
1903430417	1447637559
2036459482	1447637582
5270133573	1447637587
1904473051	1447637596
5659600001	1447637609
2644715073	1447637612
1731587041	1447637613
1659487462	1447637621
1926182351	1447637623
1749287700	1447637625
1953547602	1447637650
3932424543	1447637654
1894155902	1447637666
1740257203	1447637666
5186881743	1447637669
2364179403	1447637685
1467480177	1447637685
3909531790	1447637711
3180199355	1447637736
1278656005	1447637747
1460371167	1447637754
1826672300	1447637758
2433647997	1447637758
1865548074	1447637762
1970914757	1447637768
2620526431	1447637781
1778809877	1447637789
1781477730	1447637792
2072419217	1447637815
1745893085	1447637832
1460371167	1447637832
2120218474	1447637847
1750696213	1447637848
2620526431	1447637850
1882467605	1447637877
2213681303	1447637881
2061155124	1447637886
1763703817	1447637893
1842574352	1447637910
1779462077	1447637918
2629368931	1447637920
2808007952	1447637924
1897363905	1447637932
5142609549	1447637952
2683588622	1447637954
1993068914	1447637957
2973618960	1447637962
5020485265	1447637978
5697152527	1447637985
1151315665	1447637995
2123974681	1447638002
1557030691	1447638005
1436885087	1447638008
1505324873	1447638012
2782235400	1447638021
1747643184	1447638029
2951545565	1447638043
1707096683	1447638067
1781924683	1447638071
1406606272	1447638081
5120309279	1447638084
1360782950	1447638090
1879195660	1447638095
3860894855	1447638104
1890674431	1447638105
1899921913	1447638118
1158707211	1447638125
1764363944	1447638139
1769253874	1447638141
1728577034	1447638151
2362858331	1447638158
1791135357	1447638184
1898432810	1447638213
1214788834	1447638223
1601058974	1447638227
2510203911	1447638266
1837548112	1447638268
3217696210	1447638279
5492050353	1447638294
2625453533	1447638298
1352412004	1447638312
5073483757	1447638326
1909721545	1447638342
1823687384	1447638359
1805105331	1447638363
2611281690	1447638386
3299113790	1447638389
3167920590	1447638432
2902728221	1447638495
1255958092	1447638504
3163255434	1447638529
1440292715	1447638529
2717433515	1447638547
2658949212	1447638553
1947714834	1447638555
2803751590	1447638559
1713938733	1447638562
1784375793	1447638579
2931856307	1447638588
1807468373	1447638592
3715584257	1447638639
1937575145	1447638650
2096974125	1447638704
1895346500	1447638708
3140249344	1447638708
1996875953	1447638712
3220599655	1447638717
1604158094	1447638745
1831924042	1447638773
2660361634	1447638787
1936388701	1447638798
1749098720	1447638799
5069062908	1447638803
3233895210	1447638808
3925761384	1447638812
1428954891	1447638815
2239278745	1447638861
1842098010	1447638862
2021710367	1447638874
2021528261	1447638875
1743615694	1447638891
1960228644	1447638900
2512299484	1447638918
1777774041	1447638982
2713513983	1447639002
1138005524	1447639005
1891118740	1447639007
5188437225	1447639011
3802661910	1447639013
3441314110	1447639013
2634826205	1447639021
1277378995	1447639029
1665087833	1447639040
2024812812	1447639083
1809145490	1447639099
1497176564	1447639106
3350869042	1447639111
2307088202	1447639170
1660118362	1447639174
3335048982	1447639187
5699789269	1447639204
1992880504	1447639227
1864477721	1447639231
1861082491	1447639236
2170417717	1447639238
2258322037	1447639261
1577870541	1447639314
1391136142	1447639323
2175033887	1447639333
5509932389	1447639341
1898078114	1447639378
1600794087	1447639379
1595256855	1447639383
1734443253	1447639385
1824129782	1447639400
3205434035	1447639408
2019321743	1447639409
2248290743	1447639464
2393286845	1447639466
3895428539	1447639511
2396098155	1447639530
1731654007	1447639537
1789630564	1447639603
1867496782	1447639618
2551350287	1447639626
3169464333	1447639631
1770424832	1447639640
1750262461	1447639640
1995311403	1447639686
1801072783	1447639710
2710200754	1447639717
1843977291	1447639752
2090731071	1447639773
2460230115	1447639784
3959247109	1447639794
5452789280	1447639829
3930093481	1447639839
3173763314	1447639855
2115573973	1447639875
2514820334	1447639912
1738992453	1447639954
5173764868	1447639955
2324843721	1447640015
3059395497	1447640064
2705237083	1447640066
5731179142	1447640083
2391754374	1447640087
5014718338	1447640094
1840629971	1447640094
1750882125	1447640175
3737502123	1447640247
3737502123	1447640252
1412982677	1447640257
5109462204	1447640261
1021847111	1447640272
1770146165	1447640283
3011792341	1447640337
2886298385	1447640337
5077363512	1447640350
2565010415	1447640350
1773505914	1447640367
2313937743	1447640380
1907763395	1447640404
1865681405	1447640430
5081717245	1447640432
1850534423	1447640445
3856692844	1447640452
3646029234	1447640478
1936632197	1447640495
1950893954	1447640503
2149409915	1447640518
1954344167	1447640569
2819441583	1447640578
3205388901	1447640626
2688600894	1447640645
1447633780	1447640676
1879435582	1447640727
1833015950	1447640816
2143592863	1447640839
3072763385	1447640842
1759626403	1447640851
2518023491	1447640853
1763046527	1447640896
2963587780	1447640940
5628529676	1447640971
3205173642	1447641002
5293055908	1447641050
1863598373	1447641060
5184318231	1447641074
2831643795	1447641075
1852131245	1447641105
2302903471	1447641123
1456025857	1447641155
2962924481	1447641164
1785393102	1447641179
1408105397	1447641189
1807342547	1447641206
1928813773	1447641215
2219182990	1447641237
2195696914	1447641248
2320414081	1447641250
5640571794	1447641250
1742321414	1447641259
2694017631	1447641263
2307997111	1447641280
5083354603	1447641293
1749706744	1447641303
1780944557	1447641325
1724423462	1447641331
5304557545	1447641336
3327514680	1447641390
5220092972	1447641401
5109590478	1447641407
2261673995	1447641443
1792959472	1447641448
2110932527	1447641465
2425882342	1447641482
2516083835	1447641485
1853769447	1447641494
2704654324	1447641498
1679825684	1447641508
1662003781	1447641529
2645110941	1447641555
2910783265	1447641561
2104584075	1447641576
3645346642	1447641578
1811078833	1447641583
2668503303	1447641602
1636071754	1447641613
1856648250	1447641614
2038997410	1447641652
1735113050	1447641655
5386663373	1447641696
2691490573	1447641701
2625771077	1447641714
5717442491	1447641739
5103957461	1447641739
1955336391	1447641754
5581070618	1447641755
3959912093	1447641773
2995355825	1447641798
2925092687	1447641798
3219340132	1447641823
5675918985	1447641828
1865464051	1447641834
1888802663	1447641837
1715754124	1447641847
1824057593	1447641858
5114075841	1447641859
2011364657	1447641866
2857124087	1447641883
1939374217	1447641885
1640406865	1447641886
1145192133	1447641901
3175868401	1447641902
1516740050	1447641920
3129064853	1447641931
1828427880	1447641932
3040256797	1447641943
1589130380	1447641955
5586426626	1447641959
2829284215	1447641960
2275307451	1447641961
1831910001	1447641964
5389645871	1447641972
1243868295	1447641976
2568158747	1447641979
5637389996	1447641982
5522224338	1447641983
1862653620	1447642011
3129064853	1447642013
2395464737	1447642024
3775481147	1447642041
1563792763	1447642049
2608304485	1447642050
1746647453	1447642081
5111522985	1447642088
2055096597	1447642097
5171344585	1447642154
2821645020	1447642169
5457256713	1447642180
2938290623	1447642193
3090707297	1447642218
2561430965	1447642220
2280076273	1447642239
3128751105	1447642251
3285533962	1447642267
5092385714	1447642281
1977384610	1447642287
5176989467	1447642296
3089454181	1447642307
1844020321	1447642308
5516405426	1447642319
2415078074	1447642322
2046275873	1447642326
1694882643	1447642330
5760203757	1447642344
3230045883	1447642366
5507730864	1447642389
3778301367	1447642400
5096954635	1447642400
5259464101	1447642405
5517758270	1447642428
1890159355	1447642438
5347098448	1447642449
3926075172	1447642459
3985199710	1447642466
2301317881	1447642494
2921976533	1447642514
3848319423	1447642534
2009206535	1447642545
2125199284	1447642554
2011866687	1447642569
5435645759	1447642585
5209116527	1447642588
5371084137	1447642597
3218739205	1447642602
1789638225	1447642611
2350842853	1447642675
2095404293	1447642692
1016509703	1447642700
1941186450	1447642705
1800279623	1447642709
5078804861	1447642718
5736833400	1447642737
2727650893	1447642742
2132740637	1447642757
2293440034	1447642765
2706157000	1447642781
1768913850	1447642785
1842110757	1447642788
3277880232	1447642790
1842929402	1447642794
2377541805	1447642807
1793005605	1447642812
1849856415	1447642821
1633587353	1447642870
3072245922	1447642886
3174730871	1447642901
5692140697	1447642922
1229392381	1447642942
3143496427	1447642943
5288975127	1447642962
2700548130	1447642981
2594865283	1447643015
1790737061	1447643019
3949626270	1447643021
2151761637	1447643027
1611728583	1447643042
2008915221	1447643057
1752734865	1447643062
1875978687	1447643106
1905782995	1447643135
2442674583	1447643136
1806464785	1447643140
1902134062	1447643147
1827542930	1447643154
2270021075	1447643155
1779426662	1447643172
1765851634	1447643216
3188359590	1447643250
5324631850	1447643251
1085304765	1447643281
2497342383	1447643295
5354046926	1447643322
2186140704	1447643323
5517924281	1447643331
2927695251	1447643373
2474090117	1447643421
1551066541	1447643425
3199156327	1447643440
2970875194	1447643441
2017764913	1447643443
2169822830	1447643481
5671429632	1447643489
2396656374	1447643497
1764974651	1447643498
3101492977	1447643507
3923565260	1447643537
2231215795	1447643556
5246296481	1447643583
1867400431	1447643620
5305420526	1447643624
5362859768	1447643643
5286082102	1447643648
2257477615	1447643683
2413591497	1447643693
5245330374	1447643734
1801648044	1447643742
2530309137	1447643781
3278609783	1447643823
2014453243	1447643843
2445790683	1447643850
2238381221	1447643851
5706333711	1447643852
2496774321	1447643854
1903789075	1447643855
5070302339	1447643863
5672670832	1447643897
5629780867	1447643899
2973712922	1447643906
2315097007	1447643909
2809570380	1447643911
5283908718	1447643934
2122229400	1447643939
2035644243	1447643943
1770110360	1447643946
1779801150	1447643957
1898525670	1447643962
5293266502	1447643965
1682462303	1447643992
1955436630	1447643994
2037476227	1447644000
1774958887	1447644024
2319004123	1447644072
5125965479	1447644074
2245394492	1447644113
3984972611	1447644120
1598278205	1447644127
1277545754	1447644151
1302596731	1447644162
1791988355	1447644163
2561946894	1447644174
2245394492	1447644176
2376874844	1447644211
2497145262	1447644234
1638814025	1447644272
1660897823	1447644281
3959828196	1447644293
1289697214	1447644310
2518613220	1447644317
5189309182	1447644320
1735408381	1447644365
2152971942	1447644423
2487882602	1447644428
3313676837	1447644479
1804906665	1447644496
1833858990	1447644511
1648948420	1447644514
3170421217	1447644514
2071407921	1447644522
2528209892	1447644543
1770046765	1447644573
3786020514	1447644637
2161792207	1447644637
1795224293	1447644639
3980513171	1447644691
2432636555	1447644707
1080672434	1447644754
5313655099	1447644772
1860486552	1447644791
5018694555	1447644814
2286988195	1447644842
5388069631	1447644850
5016973703	1447644854
1772882104	1447644890
1557886881	1447644896
1221138087	1447644970
2645616010	1447645056
2173865227	1447645071
2635493484	1447645079
1750093713	1447645085
2944501445	1447645088
1760817893	1447645111
2820316417	1447645124
3911080306	1447645154
2378446874	1447645220
2218131653	1447645250
1740923800	1447645308
2475587791	1447645442
2214849141	1447645489
1528297792	1447645619
3148738125	1447645706
5346346715	1447645725
2210213347	1447645737
5581554651	1447645827
1841062270	1447645830
2015784322	1447645833
5626880833	1447645919
2212572215	1447645938
5352312883	1447645951
3011053563	1447646081
3163750624	1447646120
1517435772	1447646160
1859430990	1447646196
2485191561	1447646205
5143372330	1447646230
1862419894	1447646311
1707260071	1447646322
2596430210	1447646337
1810285423	1447646387
1012026970	1447646465
2694845741	1447646563
1806449492	1447646759
5379469735	1447646836
1803437201	1447646852
2429340715	1447646877
3136631865	1447646984
2703605754	1447647021
1841607925	1447647025
5605641311	1447647035
1775802077	1447647065
3229572234	1447647111
2166788262	1447647121
5525062043	1447647134
1572503110	1447647201
1937371631	1447647206
1942710911	1447647230
3888368139	1447647235
3912301909	1447647309
2724561367	1447647344
1047642087	1447647414
5708484131	1447647442
3222523090	1447647454
1934158235	1447647479
2092588540	1447647560
5434015817	1447647562
1883224057	1447647584
1944391067	1447647633
1842516381	1447647647
1712513674	1447647759
1751248534	1447647895
2675319691	1447647917
1877328592	1447647933
5081339383	1447647965
3166391077	1447647984
2166886570	1447648071
2535701342	1447648168
1970144551	1447648186
2629293210	1447648259
3220640390	1447648301
2241497434	1447648392
2830959237	1447648415
2083395711	1447648484
2023154655	1447648596
5590019460	1447648615
1320598691	1447648622
1677558920	1447648935
1935921964	1447648958
1842203685	1447648959
1877122627	1447648968
5680522778	1447648991
5156151950	1447649046
2450069107	1447649071
1907516723	1447649086
2269723890	1447649135
2813652557	1447649201
1692230744	1447649236
2652843974	1447649245
2393756742	1447649276
1877195300	1447649280
2959287642	1447649294
2162876284	1447649320
2057562424	1447649330
1911413713	1447649346
2386378292	1447649442
1821051661	1447649467
2263573104	1447649499
5104850581	1447649503
2784291291	1447649531
5512665287	1447649550
5240214394	1447649630
3883516025	1447649743
5642918240	1447649767
1787098995	1447649975
1883367461	1447650054
1983453485	1447650087
2281130512	1447650140
2685586493	1447650223
5661669371	1447650241
1877802381	1447650252
1991587875	1447650296
5173626540	1447650493
5448228960	1447650512
2320592455	1447650535
1510601822	1447650544
1738129657	1447650564
1761047924	1447650650
5081755638	1447650773
1748739895	1447650800
2170652601	1447650875
5688184246	1447650905
1245611192	1447650910
3211633003	1447650974
1887298832	1447650991
2725067833	1447651065
2693151543	1447651071
1299775505	1447651146
1992081281	1447651326
5466685025	1447651462
1959412275	1447651630
5052212038	1447651677
1760701220	1447651760
1960961432	1447651787
2358271467	1447651843
5665875521	1447651907
2372047725	1447651923
2283067223	1447652053
2012371701	1447652092
2140317430	1447652381
3355965234	1447652397
1815064900	1447652419
1647483642	1447652460
2841747987	1447652486
1973386915	1447652526
1835624191	1447652565
1843339173	1447652566
3884848992	1447652583
2756644793	1447652646
1823163830	1447652976
1733469943	1447653156
2980531694	1447653242
1716201775	1447653259
3676652483	1447653439
1765115711	1447653504
2302724772	1447653514
3534553991	1447653846
5681360527	1447653955
2804352570	1447654069
2812812052	1447654071
2111995494	1447654119
1952902537	1447654202
2217213291	1447654218
2281926402	1447654405
1823610113	1447654765
2713584961	1447654771
1798191517	1447654773
2313158261	1447654885
2660418373	1447655099
5406342832	1447655310
1825711981	1447655404
3502003961	1447655635
5416252130	1447655667
2149068967	1447655668
2296819445	1447655738
5622262770	1447655814
3205776470	1447655863
5585792710	1447656279
1771518221	1447656294
1274601530	1447656402
3456813404	1447656675
1220716330	1447656686
5366033981	1447656723
1737670751	1447656738
1709323233	1447657094
2606598735	1447657454
1774477073	1447657491
2212322015	1447657570
2589076731	1447657615
2101566467	1447657685
1750021725	1447658264
5598496998	1447658363
3086119641	1447658479
2911052822	1447658550
2121768910	1447658820
2308396031	1447658955
1917331621	1447659253
2164563097	1447659311
1508774002	1447659782
1745441411	1447659864
5656361253	1447660360
3276467220	1447660878
2215866323	1447660945
1771917860	1447661091
2280838702	1447661153
1853221414	1447661345
1709723410	1447661475
5590741555	1447661602
1783407061	1447661847
3284922821	1447661851
3415345534	1447661976
2288216065	1447661985
1762791622	1447663039
2250964180	1447663256
1728970423	1447663511
2688108973	1447663665
1896115500	1447664252
3746998963	1447664630
1970872185	1447664711
2022285670	1447664897
1595490744	1447665109
2145257330	1447665162
2160462942	1447665222
2284491782	1447665504
2012435270	1447665700
3855365679	1447665939
1758725463	1447666302
2975487112	1447666710
1941314861	1447666722
1346827314	1447666790
1914064341	1447667141
2964675720	1447667153
1283862735	1447667395
1802606090	1447668556
2742270143	1447668636
1279193693	1447668734
2219249382	1447668822
1751683873	1447668822
1950760377	1447668876
1901996523	1447668908
1867049410	1447668923
1747809187	1447669252
5681933627	1447669397
3587077905	1447669789
1203699453	1447670001
5028516550	1447670614
2607890533	1447670697
5232922887	1447670757
3595979047	1447670813
3183395954	1447671146
1853317091	1447671369
2423476037	1447672175
1768472287	1447672368
2717807734	1447672770
2801493011	1447672926
3448800650	1447672957
5184024145	1447672969
1744018803	1447673052
2686505840	1447673223
3179264003	1447673365
1956971354	1447673703
1877065015	1447673773
2138112655	1447674011
1931959207	1447674102
5221539001	1447674228
2426037504	1447674655
2461529801	1447674986
3457406782	1447675070
2716391671	1447675248
2695514782	1447675532
1935878344	1447675533
1350722820	1447676521
1199032181	1447676567
1818460600	1447676618
1351848614	1447677058
5175942764	1447678205
1593559852	1447679185
2110643854	1447679442
5194321047	1447680013
5540261342	1447680333
1884786523	1447680639
1628571034	1447680654
1860178644	1447681209
2174740695	1447681556
1774561357	1447681720
1279659817	1447681777
1889538715	1447682299
1866582284	1447682955
1611941190	1447683525
2258112931	1447683872
1705774527	1447684123
3315440451	1447684410
5516974997	1447684844
5407517764	1447684897
1922189761	1447685408
5177932756	1447685893
250250996	1447686317
1414908193	1447686582
3635675862	1447687510
2501462994	1447687872
1938904963	1447687906
2179223134	1447688399
3236759202	1447688908
2995021965	1447689007
3508661324	1447689135
2956330747	1447690105
2607923407	1447693009
2690858733	1447693014
2283212252	1447693541
5458241364	1447693928
2700857067	1447694081
2936472991	1447696593
2989956873	1447696632
1939967752	1447696663
1630524605	1447696679
1865550634	1447697264
1397473403	1447701505
1585129333	1447704001
1858037244	1447705065
1721922884	1447715039
2259610365	1447715624
2290452414	1447716502
5373177756	1447717168
2910070435	1447717881
2311362173	1447719240
1763826000	1447720222
2293342292	1447721884
2938343917	1447723059
1983054672	1447723133
3206248053	1447724178
1889516124	1447724617
1859101122	1447725118
1674393574	1447725320
2514129347	1447728567
3556019040	1447729175
1948122187	1447729847
2181332472	1447730022
1908605712	1447730274
5092878454	1447730563
2645778285	1447731220
1794339003	1447731355
1530527542	1447731521
1955560043	1447733819
3211654895	1447737063
2368564002	1447737094
2148680184	1447737363
1734111912	1447737387
2931665113	1447737425
3107353055	1447737442
3545540450	1447737443
3547387437	1447737525
2104059084	1447737801
5413861573	1447737924
1768006845	1447737930
5171637084	1447737963
5252881563	1447737995
3167657122	1447738019
5123836171	1447738084
3122117505	1447738099
5215471514	1447738166
5098040387	1447738270
5160467424	1447738326
2145594671	1447738390
5645530975	1447738425
5176711118	1447738487
5178520389	1447738568
1783207311	1447738701
3071175873	1447738871
1015352971	1447739040
1824869393	1447739123
5463727204	1447739283
5192649169	1447739313
5698044744	1447739616
3965782078	1447739796
5100838571	1447740024
3884650347	1447740051
3296762280	1447740423
5211473566	1447740467
3286056834	1447740590
2052730670	1447741406
2372307810	1447741692
2156831637	1447742332
2077911363	1447742854
1282389030	1447743051
2002879047	1447743572
3632256121	1447743972
5105373466	1447744144
2332971224	1447744572
2703391361	1447745199
1762440863	1447748050
2822933604	1447749657
5623308847	1447749808
1648867473	1447754685
2671447613	1447755575
5430994880	1447756179
1739391203	1447756962
5237347962	1447760016
1971540793	1447761650
3164721407	1447762314
1836573853	1447763311
2525488423	1447764460
1778918972	1447766489
5173062230	1447766797
2648961902	1447767669
5590484230	1447770545
3747545215	1447773577
1749905745	1447774882
1228366797	1447776749
3699612205	1447814744
1987647533	1447818506
1452296517	1447820712
5065202169	1447822956
5065202169	1447823124
5403064806	1447823383
1250298874	1447824317
2784175904	1447832525
5215894242	1447841825
5574636494	1447845362
3502003961	1447845979
1964875361	1447850835
1377620351	1447859486
1576590833	1447860563
1605006824	1447861895
3715662253	1447872855
2630132144	1447893463
2271727934	1447897207
2793675272	1447923980
5482987764	1447927929
2308993650	1447929562
1733667984	1447938911
2631606723	1447949239
2681234923	1447983234
3711817575	1447990239
1880884120	1448020606
5400648066	1448038148
1688181413	1448071928
2949714201	1448109722
3297124802	1448111567
1970144471	1448115118
3297124802	1448115952
1178686833	1448165693
1868641324	1448166063
3555302481	1448207133
2865578744	1448230470
1955717734	1448239971
2682692385	1448281955
1938809065	1448292943
2164923285	1448297803
1973144135	1448300218
3988191783	1448336303
3961909431	1448390674
3784927733	1448500398
5768490694	1448521178
3177498170	1448537470
5646702070	1448549391
5000486821	1448660879
3756450223	1448673859
3284922821	1448729285
1837213801	1448933959
2725667787	1448942395
5104730062	1448973050
2414972677	1448989188
1795886220	1448994156
3126835037	1449019978
5515330438	1449056138
2557953081	1449373927
1583574114	1449482422
2101724615	1451647160
