2803301701	1447111624
2418467244	1447111640
5511623441	1447111647
5031112231	1447111647
2367302951	1447111656
1897391761	1447111656
5335072936	1447111665
2285784202	1447111667
1849514731	1447111672
1926282705	1447111675
3190913575	1447111686
1572382920	1447111688
1742760925	1447111698
1221956993	1447111698
1957044523	1447111698
3525076661	1447111700
3825149596	1447111704
1839748712	1447111710
2637880817	1447111721
1837293325	1447111722
1852758585	1447111723
2683915425	1447111725
3284776881	1447111726
1813078727	1447111731
1771450702	1447111732
3128675924	1447111736
1811690747	1447111745
3298371844	1447111748
2061123553	1447111748
3214315541	1447111748
2371740181	1447111749
5477446599	1447111752
2328705065	1447111760
3957885430	1447111767
5102976530	1447111781
1465477585	1447111782
5280274799	1447111785
1742446281	1447111794
2195600325	1447111794
2612112251	1447111796
1891194670	1447111802
1950853645	1447111803
2608949221	1447111830
2114345903	1447111832
3626343981	1447111835
3762593621	1447111840
2859543784	1447111841
3166597281	1447111842
3264085134	1447111843
1763440314	1447111845
2932867097	1447111848
5308283724	1447111853
1853959751	1447111862
1966107727	1447111862
3940722920	1447111864
5748789362	1447111866
2957997767	1447111878
3304494017	1447111879
3290637403	1447111884
3908115070	1447111887
2320627547	1447111888
5376544775	1447111891
3304725303	1447111904
2186590635	1447111905
5333127233	1447111910
3895909516	1447111913
5269894869	1447111919
1400798627	1447111921
2721912674	1447111924
2675617364	1447111928
1978799860	1447111934
1292500831	1447111935
2411006412	1447111935
1976708912	1447111938
2826271970	1447111946
2106155322	1447111955
3158433423	1447111969
2081386954	1447111974
2282670150	1447111977
1767994230	1447111979
2007884285	1447111985
2424976372	1447111998
3258744294	1447111998
5050414897	1447112006
2198617445	1447112007
5434384126	1447112008
5657119583	1447112020
5525757200	1447112021
2177654212	1447112028
3729947885	1447112038
3807137749	1447112047
1751056365	1447112051
3152541417	1447112052
1790477612	1447112060
2583424867	1447112064
3732545000	1447112081
5722536821	1447112088
2154119561	1447112092
1953475160	1447112096
3882679475	1447112099
2114426393	1447112107
2040991103	1447112110
5267776535	1447112115
2819460524	1447112115
2654163847	1447112118
1771230131	1447112124
2121616821	1447112131
3269477884	1447112133
2918516517	1447112134
3985718775	1447112134
2880803730	1447112140
2532665643	1447112150
1577197500	1447112157
3144354385	1447112159
1751099235	1447112161
2921005344	1447112161
5622005957	1447112177
1192316194	1447112178
1935296982	1447112188
3501829303	1447112208
3234522115	1447112220
2411455321	1447112225
5261082363	1447112226
5275008232	1447112232
8766035	1447112232
3956805244	1447112251
1896903122	1447112253
5492438028	1447112256
2361919205	1447112260
3572015585	1447112261
3175745981	1447112267
2987915424	1447112291
3165766327	1447112299
5045172770	1447112299
3916985397	1447112303
1748604430	1447112333
1887061491	1447112350
3768379662	1447112352
2409637472	1447112352
2622655325	1447112360
3824370394	1447112365
5230851588	1447112370
1850386772	1447112376
1865940642	1447112380
2959051494	1447112381
5541593285	1447112389
2384887554	1447112396
2075244863	1447112401
1434052550	1447112406
1822068632	1447112409
5397204175	1447112416
5517279775	1447112432
3178445855	1447112444
1927371194	1447112455
2669176460	1447112462
1361170891	1447112469
1852726765	1447112473
1646501804	1447112481
1590859847	1447112483
1110512415	1447112487
3199510542	1447112487
2660521713	1447112493
5457298725	1447112506
3092528093	1447112507
5342278581	1447112529
2359606541	1447112529
1242857320	1447112529
2641522501	1447112541
5639408885	1447112542
3961603481	1447112577
5730770433	1447112597
5369178414	1447112598
5349910239	1447112609
2476943142	1447112617
1938369492	1447112621
2551092387	1447112639
5112436052	1447112642
2330251633	1447112643
3988379179	1447112658
2401155185	1447112664
3566509933	1447112680
2806827192	1447112686
5744501771	1447112690
2849814611	1447112698
5746099105	1447112704
5572497639	1447112705
3013285997	1447112716
2904267237	1447112723
5644092009	1447112725
2323037591	1447112728
3454063580	1447112730
1791673920	1447112731
5181092659	1447112732
5395004068	1447112734
2207487347	1447112736
2316413412	1447112746
3047769653	1447112763
5107774879	1447112783
1354263733	1447112783
5725971404	1447112785
1294428450	1447112791
1788023803	1447112800
2688511421	1447112804
1784756747	1447112810
2647558460	1447112829
2375623301	1447112845
1107432272	1447112846
1995618137	1447112857
2659660540	1447112863
2297608735	1447112864
1446995720	1447112888
2525870967	1447112891
1923467411	1447112892
1465816763	1447112909
5087502926	1447112913
3552049182	1447112923
5722613138	1447112927
2878903177	1447112940
2019747595	1447112951
3937510484	1447112959
2971664714	1447112960
5366126436	1447112960
2200646463	1447112960
5744358426	1447112964
2883766214	1447112965
2250599801	1447112969
5537898772	1447112974
2191344824	1447113001
5507470576	1447113002
2793589454	1447113002
3753437765	1447113004
5690637384	1447113011
1865940642	1447113013
1742312780	1447113018
2549104697	1447113020
5734543528	1447113027
2706636891	1447113039
1881670192	1447113062
5110741720	1447113068
1667741382	1447113069
3172873354	1447113086
5338380306	1447113093
3902654457	1447113095
3744692345	1447113098
1811092774	1447113107
5318309707	1447113115
5423134804	1447113115
2144081477	1447113117
5733086881	1447113123
5076328541	1447113124
2232315183	1447113141
3793519461	1447113143
2753446025	1447113151
1765848322	1447113153
3457172330	1447113155
1737135427	1447113160
5393145861	1447113166
2795648851	1447113173
3627608351	1447113179
3265059641	1447113193
3310382121	1447113195
5132306813	1447113201
1785846815	1447113202
5345967354	1447113211
3061083283	1447113224
3280798433	1447113227
3372081314	1447113229
1155512370	1447113231
3397770180	1447113250
1009920152	1447113261
1902893844	1447113269
2114462654	1447113275
5723993854	1447113287
1873986371	1447113313
3135145367	1447113319
3223128804	1447113328
1594797484	1447113328
3955274117	1447113329
2014350761	1447113356
1850124934	1447113360
5637920630	1447113381
1762463467	1447113417
5392310569	1447113422
1896482834	1447113425
1887610401	1447113437
3635892604	1447113454
2039067535	1447113469
1221529927	1447113487
3240446804	1447113493
2765824104	1447113496
5671292244	1447113517
3917080902	1447113523
5415824535	1447113527
3844413764	1447113541
3537995625	1447113546
3597972324	1447113548
3355287154	1447113549
5699442169	1447113551
3213844861	1447113556
5608362364	1447113557
1779195872	1447113558
1353122385	1447113563
3210761251	1447113568
5514907391	1447113582
5038456803	1447113592
5528027904	1447113592
5202167748	1447113594
3215231953	1447113602
3966384993	1447113605
2931375423	1447113614
5651023715	1447113618
3849994626	1447113618
2286607167	1447113631
5677308735	1447113640
5584646137	1447113657
2857427597	1447113665
2206347183	1447113666
2540225721	1447113668
5104635469	1447113682
2880164880	1447113689
5698335358	1447113703
5350653612	1447113711
3826843918	1447113726
1603328801	1447113727
2181682927	1447113729
2688381844	1447113741
5589090094	1447113753
2540937243	1447113761
3639937687	1447113771
3636169341	1447113771
2287106521	1447113798
5664336391	1447113802
2720192314	1447113807
1372431031	1447113814
2575735602	1447113825
3035034073	1447113841
3805667236	1447113851
1778235845	1447113851
1537871191	1447113870
5222787520	1447113892
3512962594	1447113893
5602590934	1447113893
2341277892	1447113903
2663116602	1447113920
5667875900	1447113933
3296496857	1447113934
1711121632	1447113934
3224822137	1447113936
5107900477	1447113942
3204859984	1447113945
5195214653	1447113948
2369459011	1447113955
3198453161	1447113961
2038230725	1447113971
2094675722	1447114002
1948116525	1447114010
2798151205	1447114015
1659531863	1447114022
2938631675	1447114039
3795714621	1447114054
3940668426	1447114059
5463835824	1447114060
2881408100	1447114062
2830385955	1447114068
2876095621	1447114121
5704088138	1447114129
2453508161	1447114130
1602766275	1447114146
5573143313	1447114148
2270479485	1447114155
5048163413	1447114162
3986538994	1447114175
2395700520	1447114222
1590959105	1447114235
1924465401	1447114256
5737118797	1447114259
2696396541	1447114262
1972151167	1447114270
5649012572	1447114271
5407077847	1447114277
5274060359	1447114284
5541799556	1447114285
3911766402	1447114304
3886735350	1447114305
3544016815	1447114310
5597872807	1447114317
3826864184	1447114327
5644994236	1447114330
3668671750	1447114342
3340881934	1447114351
1726917134	1447114352
5529889870	1447114355
2487620965	1447114358
1743215157	1447114370
5019429958	1447114422
2325360277	1447114427
1794605025	1447114427
1897758983	1447114432
1994910904	1447114434
2410614135	1447114440
5519330108	1447114441
5573637985	1447114454
1760179342	1447114460
1779429457	1447114463
2773427431	1447114464
5279340615	1447114522
3580109372	1447114527
1999940115	1447114537
1639608725	1447114546
1787501851	1447114558
5714245278	1447114583
5338569528	1447114609
1093797993	1447114623
5604405715	1447114624
1999385941	1447114651
2443516943	1447114658
5088988603	1447114668
1101832384	1447114670
5746221606	1447114677
3962046108	1447114678
5734743878	1447114693
2458422852	1447114701
1730404567	1447114744
5350170717	1447114745
1972614361	1447114756
2495681122	1447114758
1730781104	1447114788
1633725977	1447114792
3032623824	1447114799
5638893303	1447114838
5315100552	1447114841
5580266311	1447114842
2642997660	1447114852
5234071447	1447114885
2641150852	1447114887
1801543175	1447114907
3695574232	1447114991
3867118339	1447115002
5455343405	1447115020
3738545873	1447115023
2859403800	1447115034
2739528355	1447115046
5334009034	1447115048
5573130610	1447115057
5255403400	1447115069
2039593111	1447115072
5050916510	1447115076
2131813164	1447115101
2390988611	1447115107
2692270740	1447115110
3871005173	1447115113
2116922675	1447115123
5340922313	1447115128
2883635350	1447115132
2343510031	1447115141
5573130610	1447115165
5708143880	1447115172
1663887814	1447115189
5695390466	1447115208
3189210427	1447115215
2983406101	1447115226
5680395486	1447115256
5217179601	1447115258
1651582431	1447115272
1326674354	1447115274
2096517845	1447115296
3951935531	1447115320
3204032523	1447115323
2679366474	1447115338
2729129850	1447115350
2236170643	1447115386
5407112510	1447115402
1976073881	1447115411
1680980003	1447115427
5517795497	1447115442
5220960648	1447115442
2035976420	1447115448
2949715597	1447115451
1748456812	1447115468
1974579957	1447115472
1080440682	1447115477
2766796945	1447115480
5603011422	1447115481
1892027317	1447115482
5150603772	1447115486
3976728982	1447115488
3926681997	1447115498
3101519401	1447115511
1391928021	1447115530
5687252293	1447115530
3970752492	1447115550
3233513827	1447115576
2638093765	1447115587
1585615541	1447115593
1048137072	1447115597
1848508710	1447115615
5547216954	1447115622
3131632901	1447115635
5723828692	1447115672
1608195440	1447115672
2493298722	1447115676
3519023462	1447115693
1435188522	1447115701
5143993781	1447115701
2237221607	1447115714
5409641584	1447115736
5409450833	1447115742
3097891395	1447115755
2173513987	1447115764
5656296836	1447115772
2434150692	1447115787
2026044661	1447115803
2313614197	1447115807
3518412623	1447115816
2323302315	1447115843
3163436351	1447115857
5682537773	1447115863
2747984335	1447115863
5430660945	1447115880
1857491815	1447115889
1197389190	1447115904
5037577349	1447115907
5738517102	1447115924
5515866444	1447115938
5691182075	1447115946
1733271917	1447115951
2856793114	1447115960
5593758515	1447115971
3171472730	1447116000
1743983957	1447116003
3278386227	1447116021
5730532643	1447116067
5400619585	1447116102
1901134982	1447116121
3148825660	1447116127
5733410912	1447116148
5609098605	1447116167
2881287450	1447116168
2793242114	1447116168
2610769307	1447116170
3219670671	1447116174
5708266347	1447116181
2250559193	1447116182
2302148860	1447116210
3478570964	1447116250
2776724127	1447116253
5574562369	1447116267
5739878089	1447116270
5246866026	1447116276
2707572490	1447116285
2822421197	1447116290
5530057373	1447116292
1729025460	1447116293
2380183070	1447116300
3914954834	1447116308
3965596772	1447116321
3917895981	1447116325
3631752691	1447116332
2897796164	1447116337
2442035332	1447116345
1673340685	1447116371
2609016971	1447116378
2350490193	1447116393
2072787371	1447116398
1837482210	1447116415
3944786381	1447116416
3547364927	1447116427
5127215564	1447116431
3399246420	1447116458
5510654583	1447116508
5228626655	1447116511
5734170735	1447116512
2331072001	1447116532
3167301034	1447116544
1835602827	1447116595
5268651218	1447116613
5570292972	1447116623
5546073326	1447116629
5182565653	1447116640
1957808105	1447116642
3742332534	1447116650
1990531623	1447116653
3207532144	1447116657
5216913986	1447116673
3910119580	1447116698
1855003583	1447116713
2659647794	1447116714
1585048012	1447116714
1214118603	1447116718
2725275923	1447116729
2102628940	1447116757
3212674260	1447116762
3628130505	1447116773
5579277333	1447116783
2293256975	1447116789
3824972597	1447116795
2645152734	1447116795
1894002661	1447116803
2973657624	1447116815
5445089730	1447116839
2133003943	1447116849
2002475131	1447116850
1961463167	1447116855
1760756903	1447116858
2633466793	1447116861
5444901397	1447116894
5324808319	1447116899
2136437122	1447116902
2685217581	1447116906
3938806550	1447116923
3232688560	1447116930
3620746094	1447116940
1498728367	1447116956
2173154182	1447116956
3806693006	1447116969
2105004753	1447116976
5244006541	1447117004
2801856860	1447117009
5605646773	1447117013
5102334409	1447117030
5661843098	1447117034
1009914933	1447117037
3315634980	1447117044
5249725464	1447117046
1166440542	1447117053
5704083094	1447117063
2551494690	1447117077
2977044192	1447117081
1582994841	1447117106
1507234623	1447117117
2709070234	1447117124
2022590873	1447117132
2887745174	1447117139
3046216743	1447117143
1731279677	1447117156
3706554370	1447117166
2938408041	1447117167
3373607464	1447117169
5129894296	1447117191
5305812741	1447117222
3775119421	1447117228
2720959771	1447117230
3894495169	1447117234
5547557177	1447117240
1841790767	1447117258
5465351116	1447117267
2693272063	1447117269
3194967805	1447117299
5449044530	1447117309
1396906700	1447117310
2422336921	1447117316
5712741844	1447117326
3877376753	1447117326
3573932945	1447117343
5077117556	1447117344
2620648747	1447117350
3669301627	1447117353
3075154717	1447117358
5736683507	1447117361
2487621065	1447117363
2805425842	1447117365
1010166281	1447117374
1848083637	1447117393
5260889402	1447117401
5652334508	1447117427
3042785183	1447117447
3703954132	1447117453
3547376474	1447117453
2457576183	1447117492
2651686403	1447117498
3969562908	1447117502
1762460732	1447117509
5724387021	1447117530
2179327385	1447117531
5372865152	1447117545
2475939930	1447117554
2024734523	1447117558
5746146202	1447117584
5632814969	1447117591
2813680824	1447117600
2160161970	1447117611
3957853315	1447117617
3232038954	1447117623
2694950643	1447117627
1645929455	1447117627
2792456300	1447117630
2157301735	1447117656
1958603133	1447117673
5048083353	1447117688
1743128991	1447117723
2922861444	1447117748
3970752492	1447117757
2793174487	1447117773
2690673472	1447117774
5702878274	1447117788
3236113734	1447117801
2306938524	1447117817
3732642023	1447117819
2095187731	1447117823
1199621053	1447117834
3844948212	1447117858
2206395840	1447117865
1695750292	1447117871
5132659414	1447117880
3151310444	1447117908
5269163600	1447117928
2933587793	1447117938
5338493510	1447117943
1934946332	1447117945
2650836463	1447117961
2609188155	1447117972
5170984878	1447117981
2116505024	1447117983
1945851487	1447117998
2218177850	1447118003
2921243364	1447118016
5187877416	1447118028
1925956595	1447118032
2113717622	1447118039
3963395522	1447118041
3073283193	1447118060
5495786101	1447118087
3783752080	1447118110
2547852465	1447118125
5673842590	1447118157
3209678071	1447118158
1978054071	1447118166
2611755361	1447118168
1971586822	1447118177
2185134700	1447118192
2018040115	1447118193
3433960690	1447118197
2405512077	1447118202
5109860333	1447118210
2060460685	1447118211
2374884421	1447118217
2662470801	1447118230
5479140993	1447118237
1923237421	1447118240
2971637815	1447118249
2815298805	1447118256
1585310531	1447118259
3276577757	1447118299
3880503657	1447118308
5611552209	1447118311
5520402146	1447118326
5182091129	1447118328
2099436261	1447118329
2054750237	1447118347
2489846930	1447118353
1767893733	1447118374
5375675217	1447118396
2703231767	1447118403
2838002197	1447118462
5340792248	1447118478
5343740604	1447118490
3316017275	1447118493
2245776140	1447118497
2539877910	1447118504
3224070074	1447118513
2083058344	1447118514
3967129988	1447118524
3105985427	1447118527
2659696771	1447118537
2958805840	1447118544
3957154332	1447118548
2167326920	1447118568
5360780299	1447118571
5097792996	1447118593
1997907190	1447118600
2905691393	1447118606
5724402533	1447118611
3926779219	1447118618
5325240025	1447118625
2975227570	1447118638
1905370733	1447118640
3697471500	1447118654
3503961162	1447118694
2604926852	1447118696
5203351663	1447118697
5046358716	1447118703
2799284340	1447118707
3724216582	1447118754
3422661502	1447118774
2445943727	1447118778
5128312209	1447118788
5333565499	1447118794
5701717701	1447118808
2732997450	1447118811
3675657612	1447118832
2354374843	1447118843
1832442635	1447118855
3978006838	1447118860
3968961484	1447118889
3031002513	1447118899
1807964582	1447118901
5562602634	1447118934
1828447651	1447118959
2816258594	1447118978
5704011509	1447118982
3944102994	1447119000
2708538862	1447119127
2736705373	1447119133
3223293704	1447119171
3261905797	1447119172
5397917899	1447119175
5071066867	1447119176
3049499563	1447119184
5044543862	1447119255
3142088370	1447119262
2180260163	1447119275
5754806926	1447119284
1865930725	1447119286
5634283978	1447119297
5316505909	1447119307
5306600095	1447119330
5530974977	1447119358
5665824073	1447119371
3791667487	1447119372
5633504898	1447119382
2605401370	1447119384
2042178037	1447119391
2948663725	1447119401
2418302342	1447119477
3298093125	1447119483
3651542021	1447119525
1973068925	1447119535
3037442757	1447119536
1700250294	1447119553
2010878010	1447119566
1817478094	1447119598
3254728022	1447119604
2396728113	1447119616
2412367791	1447119626
2739859112	1447119630
2819455063	1447119635
3920861933	1447119638
1164962162	1447119641
3268047813	1447119674
2662083433	1447119689
3939074256	1447119697
5324363258	1447119702
5198529571	1447119720
1906783843	1447119733
3558925312	1447119736
3448199944	1447119787
2458008973	1447119805
5724357605	1447119809
1878323355	1447119832
2956140525	1447119854
2880478330	1447119904
5602676905	1447119919
1132639825	1447119925
2242445072	1447119954
5537511537	1447119961
2618483924	1447119971
3959195804	1447120005
3896930453	1447120010
3290810702	1447120044
3569900850	1447120090
5544223503	1447120101
2543547804	1447120102
1739746697	1447120115
3960698169	1447120147
2719685463	1447120155
5184815823	1447120186
2875309750	1447120226
2009759245	1447120232
2113180072	1447120262
5235551844	1447120276
5145626200	1447120282
5155044190	1447120286
2024112633	1447120297
3862909861	1447120305
3887048573	1447120306
3130188330	1447120308
3003374505	1447120316
2591281374	1447120324
2605133245	1447120327
5482699980	1447120358
1161465463	1447120363
3288894632	1447120397
5696594723	1447120404
3297945442	1447120423
3706843351	1447120443
2011856007	1447120452
5654602610	1447120475
2843092560	1447120479
1497193791	1447120489
3917906550	1447120507
1975549211	1447120509
2714370282	1447120516
3236771742	1447120516
1171324155	1447120526
2655329203	1447120546
3217022723	1447120561
1962033605	1447120578
2377097752	1447120585
1618447732	1447120586
2745457460	1447120615
3562565297	1447120640
3282957473	1447120744
5102517769	1447120795
5667800636	1447120804
5034238452	1447120813
2033300094	1447120835
5153670694	1447120847
5155691837	1447120883
2359506155	1447120932
5753901789	1447120951
5000873629	1447120961
2098122492	1447120982
5602926264	1447121007
2769191863	1447121054
5141044281	1447121076
5659672745	1447121079
5285681874	1447121084
3097372991	1447121097
5131218136	1447121111
5323419533	1447121163
3687993995	1447121226
5341561399	1447121259
5704847853	1447121262
3295766494	1447121318
2452470825	1447121437
3635773715	1447121447
2295086004	1447121452
5734720617	1447121466
2636250974	1447121488
5143886822	1447121512
3904033556	1447121515
1882401844	1447121545
5368065238	1447121549
2168772827	1447121580
5723612810	1447121602
5653740269	1447121660
3618394092	1447121667
5145540512	1447121712
1884999065	1447121756
5156631348	1447121760
5115272803	1447121760
3960080695	1447121762
5745212161	1447121784
3579369503	1447121794
5303434270	1447121807
1902893691	1447121840
5735967175	1447121862
5241231497	1447121879
1647443212	1447121881
1881933644	1447121887
2159369507	1447121915
3487134637	1447121921
3356931620	1447121925
5340900738	1447121940
3560638733	1447121944
3243267942	1447121982
2832531695	1447122000
2963188770	1447122027
2409217824	1447122028
2107920493	1447122058
3035589357	1447122109
2591281374	1447122178
5035511715	1447122207
5547220401	1447122209
2135280032	1447122350
5628492490	1447122408
2977495972	1447122434
3198141792	1447122435
1142804392	1447122495
5608581914	1447122551
3740901504	1447122594
2490975371	1447122623
2299305681	1447122697
5729791992	1447122753
1896945331	1447122767
2707551484	1447122788
5383935641	1447122821
5367817548	1447122835
2615409673	1447122880
5149608258	1447122934
1706904194	1447122940
2037428957	1447122973
2355263075	1447122995
3937748942	1447123001
1959210547	1447123017
1744220422	1447123032
3756045371	1447123088
3225126195	1447123092
3917180853	1447123113
3523651564	1447123158
2818275835	1447123321
2789691392	1447123322
5721423447	1447123459
5405136551	1447123557
2010249952	1447123574
2640870663	1447123576
5720370998	1447123586
2096660933	1447123615
1893255512	1447123675
2489378047	1447123680
5735486117	1447123716
1897939440	1447123745
1985188695	1447123751
5627782407	1447123760
3057404981	1447123926
2934846763	1447123935
2959182072	1447123936
5097582686	1447123951
2946420941	1447123977
2604483922	1447124023
2932928424	1447124103
5632138550	1447124217
2932928424	1447124242
2940734044	1447124321
3194938320	1447124488
5505289018	1447124506
3607938737	1447124566
2659987133	1447124607
5375675217	1447124824
1294153777	1447124865
3916549460	1447124925
2427989561	1447124951
5642151174	1447124974
5098873108	1447124996
5034973844	1447125003
2131753454	1447125010
3914381660	1447125015
5318335445	1447125022
2788774922	1447125026
3607902983	1447125031
5294207257	1447125119
2689949302	1447125255
2032497017	1447125288
1804488480	1447125297
5290440351	1447125310
2887573220	1447125321
1965037477	1447125387
3723451302	1447125391
3200109667	1447125393
5107864851	1447125422
2673795277	1447125424
5649852046	1447125462
5642623383	1447125474
3200109667	1447125512
2902790844	1447125553
2097057967	1447125555
5079153831	1447125587
2780124485	1447125594
3214141720	1447125606
1712204590	1447125629
5176496158	1447125635
2663560795	1447125695
2674566213	1447125718
1439318577	1447125738
5094068410	1447125811
2001875537	1447125825
2033452410	1447125831
2443744521	1447125842
1114907544	1447125850
1934165521	1447125866
3139787173	1447125976
2645987787	1447126058
5396642706	1447126298
5255696114	1447126345
2575623480	1447126366
2730091880	1447126421
2802090512	1447126441
3157516375	1447126445
5530809101	1447126459
5606680473	1447126515
5675415910	1447126582
3009116921	1447126588
5134558310	1447126607
2102740940	1447126750
1916954875	1447126821
2392328661	1447126859
3928332403	1447126889
5663508162	1447127045
5695908120	1447127090
2503897441	1447127254
1807605920	1447127275
5410647043	1447127311
1709546220	1447127312
3941126706	1447127382
1336578500	1447127399
2064941585	1447127649
2874970092	1447127711
5198327593	1447128010
5746333017	1447128020
1958223627	1447128055
5501611052	1447128076
2920901625	1447128097
3544683237	1447128111
5021602095	1447128122
3909355432	1447128160
3267935772	1447128278
3592537993	1447128339
5158720573	1447128532
5268348754	1447128534
2659910777	1447128564
3196358873	1447128577
3542303193	1447128732
5333660302	1447128803
5707940480	1447128823
2963951771	1447128845
2805846980	1447128920
3211989903	1447129044
5644376527	1447129503
5370361593	1447129591
5678381136	1447129632
1625191603	1447129736
3266818060	1447129898
2898020042	1447130452
2691321762	1447130461
5713657049	1447130529
1872439975	1447130548
5316430485	1447130562
5044459892	1447130651
5664949528	1447130721
2214098014	1447130869
3964315515	1447130882
5540786311	1447130914
5352565892	1447130915
3757226660	1447131143
5651727425	1447131233
3897018980	1447131287
3295485557	1447131293
1986053721	1447131495
3871712109	1447131635
3465622394	1447131663
3228918953	1447131779
5548614497	1447131811
2719316161	1447132164
2611712137	1447132199
5599358344	1447132285
3567345712	1447132533
3953423344	1447132574
3097881623	1447132578
2762910314	1447132640
5648506213	1447132645
3941985070	1447133093
5658014797	1447133186
5016004242	1447133219
2201458430	1447133413
2365681750	1447133594
5629671847	1447133693
1896672841	1447133792
3052465574	1447133876
5035440075	1447134010
5709435823	1447134262
5061490921	1447134329
5288231800	1447134506
2516166714	1447134577
1439318577	1447134732
5035440075	1447134840
5722725305	1447134909
1424066643	1447134965
2683960491	1447135094
3939814115	1447135295
5060655785	1447135338
5061585758	1447135401
2886510884	1447135452
3466975272	1447135914
1992123615	1447136051
5641263672	1447136126
2252024192	1447136398
2724309973	1447136479
5165452244	1447136687
1089530277	1447136812
5310769514	1447136898
2556793530	1447137097
2260317120	1447137139
3175003873	1447137152
2196099277	1447137259
1304810257	1447137280
3202054120	1447137387
5134572271	1447137436
2627061425	1447137542
2706465943	1447137954
1706223687	1447138219
5639954942	1447138223
1750349212	1447138286
2815568905	1447138308
2840637004	1447138342
1457872524	1447138343
5099735963	1447138432
3611935250	1447138496
3736499044	1447138518
3056187123	1447138869
1667486155	1447139058
2675303511	1447139131
1913942580	1447139442
3971591888	1447139593
2505178425	1447139923
1149775322	1447139987
5268652643	1447139989
2858056932	1447140051
5706925269	1447140064
1869124960	1447140234
5563524326	1447140297
2803301701	1447140333
5349957235	1447140340
1931238691	1447140343
2161065053	1447140354
5599744912	1447140355
3167850357	1447140356
5136280524	1447140369
3911623163	1447140372
1557814431	1447140375
3301899163	1447140389
2105296555	1447140401
5562548196	1447140406
3970752492	1447140412
2415057507	1447140414
2198198600	1447140418
5551990141	1447140419
3563491712	1447140420
1354263733	1447140422
2034544691	1447140424
5730452618	1447140431
5040300283	1447140433
5057705216	1447140434
3341015910	1447140442
5158058552	1447140449
2084022277	1447140450
2862358494	1447140450
1761590271	1447140451
5136775162	1447140453
5698444874	1447140457
1699927431	1447140460
1509538215	1447140462
5345893609	1447140471
5394021656	1447140491
5499049869	1447140495
2989962234	1447140513
1222857791	1447140524
2814787497	1447140530
3981234778	1447140543
1961402525	1447140557
3971023510	1447140560
2416967903	1447140561
5234385652	1447140562
3305819203	1447140564
3357744612	1447140571
5012201629	1447140572
3002121913	1447140582
5726578604	1447140583
2164182962	1447140584
1990976643	1447140589
1748483284	1447140589
5285097711	1447140592
5323498117	1447140594
2617970297	1447140603
3780784907	1447140603
3609132200	1447140607
5468009058	1447140611
3169257871	1447140615
5653360606	1447140616
3054423110	1447140622
1902641980	1447140635
2488003647	1447140636
1676145694	1447140636
2216169050	1447140643
3230095924	1447140646
5182797409	1447140653
1901476810	1447140662
3182205984	1447140662
5355088711	1447140687
2348287637	1447140693
5340218432	1447140718
3044288505	1447140724
1986063523	1447140729
5676186497	1447140733
2164182962	1447140746
2607299197	1447140751
1907267114	1447140778
2618730550	1447140779
5283421498	1447140790
2155334811	1447140790
2587686201	1447140800
5149853658	1447140811
2088527627	1447140833
1653928654	1447140853
3269467865	1447140857
3495562144	1447140866
5036325522	1447140878
2951213783	1447140878
2768679215	1447140880
1828447651	1447140882
5677393927	1447140885
1111244900	1447140891
1102730207	1447140898
2541739712	1447140905
5693873716	1447140919
5054114097	1447140928
1869603244	1447140931
1069646673	1447140943
1413117501	1447140948
2694931383	1447140956
2812284532	1447140957
3757127600	1447140959
2132010055	1447140988
3948644246	1447140999
5331548173	1447141027
1804172693	1447141039
3926188600	1447141060
5324035597	1447141069
5667539649	1447141070
3128358181	1447141072
5574372172	1447141084
2628115214	1447141085
5736184182	1447141097
2269404622	1447141112
5605382612	1447141118
3904467165	1447141120
5734643230	1447141121
2261163735	1447141128
3214315541	1447141147
5371002756	1447141150
3316968193	1447141156
5172721986	1447141162
5732364921	1447141180
5183962292	1447141191
3006163864	1447141194
1683711685	1447141222
3820908628	1447141230
5587449733	1447141246
5331680203	1447141250
1683711685	1447141258
1891269325	1447141270
2473642273	1447141279
1442588652	1447141283
2288595114	1447141287
1933704505	1447141307
5521544622	1447141309
2167829644	1447141310
3794303734	1447141323
5671427778	1447141339
1564536785	1447141343
2533623790	1447141347
5564652609	1447141349
2516957604	1447141356
5717242284	1447141358
2286607167	1447141361
1459641614	1447141391
5144277816	1447141396
2788521584	1447141415
2286511295	1447141424
1155748400	1447141474
3518412623	1447141485
2463289115	1447141501
5248240812	1447141514
5589654493	1447141518
2768491503	1447141530
2033813523	1447141540
3914381660	1447141540
5515031191	1447141557
1884022627	1447141566
2606887303	1447141566
1753234175	1447141575
3273773300	1447141582
2466776750	1447141583
5688686272	1447141618
5720520860	1447141627
5331680203	1447141635
2506889687	1447141663
3227372593	1447141667
1627387653	1447141677
2134634777	1447141682
2168831284	1447141685
1698735433	1447141723
2024119204	1447141728
5709731644	1447141733
3949704240	1447141749
3497554772	1447141763
3231840852	1447141825
2810148354	1447141880
2065283693	1447141898
5675321865	1447141909
2429281187	1447141928
5447270878	1447141933
5120076449	1447141968
3829907822	1447141982
3830533982	1447141990
3272451420	1447142006
5608537827	1447142019
3579234294	1447142028
3653953557	1447142035
2839601095	1447142077
5608718214	1447142090
5029902591	1447142091
3926632540	1447142093
2404642487	1447142114
5395177903	1447142126
2336651103	1447142130
5494807296	1447142155
5132457603	1447142164
3144661844	1447142170
3918801403	1447142188
2052879865	1447142202
5719734220	1447142210
3918801403	1447142249
3468372884	1447142274
3896493598	1447142293
1926479357	1447142309
3917328216	1447142324
5315080771	1447142326
2955927923	1447142333
2487709914	1447142336
3270257833	1447142365
5657219119	1447142374
5195119586	1447142375
5462657168	1447142392
2636564153	1447142401
3753231721	1447142405
5299827455	1447142414
5611543504	1447142432
3859096095	1447142433
3907208678	1447142441
5607146801	1447142510
2441395247	1447142512
1957158145	1447142568
3992865756	1447142568
1925340043	1447142578
2255603831	1447142582
5008003970	1447142585
2767360345	1447142594
5339649739	1447142605
3969856590	1447142615
5051755960	1447142628
2817664630	1447142631
3174283741	1447142654
3181220773	1447142717
1562254884	1447142752
3275177565	1447142756
1053405913	1447142801
5338118238	1447142811
1549637620	1447142847
1696666241	1447142853
3511850220	1447142857
5213135448	1447142935
5619521422	1447142962
3753231721	1447142988
3780445895	1447143031
5254929326	1447143045
2762910314	1447143093
2792708114	1447143093
2304041693	1447143111
1782632464	1447143142
2524189004	1447143165
2880985702	1447143171
3598432054	1447143207
2986800783	1447143261
2572283651	1447143264
1857742502	1447143264
2425052963	1447143267
1636127551	1447143283
5288193164	1447143381
3780445895	1447143384
2141011855	1447143391
2810706603	1447143445
5134546494	1447143450
2698221961	1447143544
5505013910	1447143581
2383931183	1447143594
3217324272	1447143639
3021576891	1447143703
2708437842	1447143726
1975936982	1447143732
5653499640	1447143741
2971075651	1447143742
5168623289	1447143756
3153357042	1447143756
3104174553	1447143760
1891920890	1447143782
1597065267	1447143886
3340889594	1447143890
5705456432	1447143931
5706051325	1447143952
5509872707	1447143953
5750250461	1447143958
1971774233	1447143987
1945727354	1447144286
5067928839	1447144323
5041834981	1447144360
5113390162	1447144362
2113506964	1447144568
5351113924	1447144585
5677600679	1447144639
2818230133	1447144680
1654874973	1447144686
3707154613	1447144730
2498308233	1447144767
5173014430	1447144790
1624966370	1447144826
2011356611	1447144840
5165237389	1447144868
2524123724	1447144885
3558674743	1447144891
3802421799	1447144906
2726432701	1447144917
2571494540	1447144952
2789691392	1447144981
3303754642	1447144994
3567932462	1447145096
1988533811	1447145136
3669445245	1447145141
5016064429	1447145143
3804727858	1447145225
5688972973	1447145227
1205071952	1447145244
5284662196	1447145258
5660577674	1447145376
5087480229	1447145388
2762249484	1447145393
2529334817	1447145424
2231995112	1447145440
5091912327	1447145448
2696843660	1447145478
5600364769	1447145519
2823983154	1447145524
3462518160	1447145527
3305777191	1447145542
2160995771	1447145548
3305328111	1447145585
5419405304	1447145606
1699377733	1447145616
2823983154	1447145636
3785935507	1447145647
1949570631	1447145753
2784818837	1447145828
2682517917	1447145848
2461943902	1447145893
5689126115	1447145944
5154676222	1447145968
3351467354	1447145973
2993099575	1447146015
5563879550	1447146037
5544769480	1447146095
5723823103	1447146103
5227277377	1447146116
3951294337	1447146156
3944236960	1447146188
1266902462	1447146214
2627718455	1447146314
2124563321	1447146314
5735117261	1447146362
5708027484	1447146381
5308392827	1447146427
5340901619	1447146438
2112022524	1447146496
1951032401	1447146503
5547612823	1447146522
5669241391	1447146557
2633178621	1447146566
3829327925	1447146588
3978051921	1447146633
2164637562	1447146718
2910537672	1447146770
5245501215	1447146780
3086497207	1447146870
5514971145	1447146882
5160926652	1447146895
5561188401	1447146900
2957177827	1447146915
2602043772	1447146931
2839075354	1447147176
5703484222	1447147194
5592630694	1447147203
1760668437	1447147249
3807228947	1447147253
1410090073	1447147286
5195905155	1447147296
2715404522	1447147334
5570412055	1447147347
1301068995	1447147383
1770493244	1447147402
3647331822	1447147407
5053751753	1447147434
2843362247	1447147510
3211743707	1447147541
5563085080	1447147603
1906342515	1447147615
5682300204	1447147620
2279876657	1447147638
2607651103	1447147720
1718575814	1447147820
5105135756	1447147826
3739033863	1447147916
1237394410	1447147974
3921448364	1447148069
5499908954	1447148147
2674554233	1447148149
5109175526	1447148165
5514954816	1447148213
5586539872	1447148264
1715944302	1447148272
2429162245	1447148316
3512793532	1447148342
2834176824	1447148391
2531049187	1447148409
213097185	1447148436
3512189733	1447148463
3898119431	1447148471
5557395360	1447148494
2189978113	1447148530
2029728883	1447148619
3860052944	1447148671
2936670024	1447148795
2663194965	1447148804
2783496785	1447148864
2301242102	1447148885
1984808781	1447148893
5639584625	1447148960
1666482442	1447148981
5240310003	1447149082
5099141752	1447149087
2966914307	1447149197
5675562232	1447149227
5103840886	1447149314
2691321762	1447149325
5537206193	1447149362
5675562232	1447149384
3274163730	1447149424
1947119523	1447149579
5507884901	1447149672
3237227982	1447149697
5052283909	1447149748
5231391719	1447149765
3234522115	1447149822
2048691157	1447149874
2024734523	1447150051
2330514331	1447150126
2803737035	1447150188
5724033293	1447150195
5732540972	1447150314
1145985711	1447150676
3416275624	1447150838
3853501221	1447151173
3720418352	1447151336
3217499281	1447151382
2751931201	1447151435
1201731947	1447151443
5721419410	1447151700
5663103876	1447151701
2979036274	1447151730
3728526493	1447151738
3071573961	1447151889
5585863779	1447151889
2576950750	1447151948
2649704271	1447151953
5338118598	1447151960
5242636331	1447152172
2718010054	1447152267
3345540572	1447152520
5702947485	1447152757
3038550971	1447152899
2305492477	1447152986
3113534067	1447153050
5706523509	1447153085
5082573448	1447153166
2141952405	1447153228
5660577674	1447153353
5124880095	1447153372
5669873196	1447153394
2199330211	1447153442
5379037652	1447153572
2619339824	1447153587
5326140172	1447153594
2628803625	1447153904
1841272905	1447154082
3022102681	1447154299
2720162922	1447154360
3844733372	1447154419
3200945111	1447154428
2513379434	1447154673
1105889273	1447154686
5487378685	1447154697
5246324415	1447154996
5346800800	1447155598
5162190673	1447155687
3905765921	1447155863
5289147900	1447156047
5136293416	1447156076
2218709597	1447156294
5168914744	1447156525
5062552493	1447156745
1302932792	1447156850
5737024560	1447156882
5737418301	1447157010
1924071644	1447157042
2957680530	1447157135
1111244900	1447157182
2824656594	1447157678
2050264635	1447157683
5671286487	1447157771
5671228208	1447157902
2403391877	1447158264
2744853685	1447158298
5112957134	1447158487
3987581999	1447158861
5660577674	1447159215
3695560572	1447159406
3007345023	1447159632
5721763862	1447159786
5146287064	1447160257
2360404900	1447160416
2285997991	1447160472
2409217824	1447160516
2490083704	1447160556
3273501205	1447160583
2409217824	1447160616
1685621643	1447160770
5181811811	1447160981
2807172715	1447161065
5459344593	1447161093
5251402058	1447161614
2542183403	1447161619
5506137603	1447161728
5459452564	1447161787
5154866971	1447161902
2190593937	1447162168
2769608824	1447162442
3514280645	1447162453
3252191673	1447162533
2912829447	1447162539
5293161503	1447162557
5510662490	1447162575
2374984260	1447162721
2712173111	1447162774
5195260497	1447162984
2823939242	1447163236
3358064030	1447163263
5552376418	1447163396
2960574755	1447163530
1201731947	1447163571
2799234592	1447163592
2356156081	1447163793
2402235110	1447163879
3211129010	1447163915
1925449071	1447163945
3203624862	1447164086
3268959074	1447164168
3088667371	1447164177
5563663889	1447164249
2282486834	1447164450
2783705311	1447164585
5200232253	1447164597
3955035575	1447164748
2736791812	1447164794
1975090955	1447164897
5491055613	1447165322
5608362364	1447165470
3224503067	1447165598
1903397145	1447165691
5351161090	1447165767
1798007324	1447165829
2494883767	1447165880
5712666244	1447165966
2958941272	1447166008
2519455111	1447166400
5148298216	1447166407
5670155999	1447166582
1790042727	1447166596
2418757673	1447166677
2160268071	1447167133
5195578025	1447167135
2375667255	1447167250
2375667255	1447167327
3905251461	1447167354
1652609490	1447167466
2712134240	1447167566
2818041584	1447168073
3971632406	1447168151
5705894529	1447168726
1775449622	1447168909
3934892789	1447168954
3252721750	1447169135
2720074961	1447169276
3977667789	1447169281
3198062513	1447169691
1196221333	1447169748
2430046553	1447169799
3904108359	1447170116
2883768444	1447170259
1196221333	1447170381
2194469003	1447170947
2297723702	1447170950
5675527718	1447171036
1824219637	1447171356
3205373180	1447171902
3014656745	1447172836
5143012624	1447173288
5158748474	1447174239
5675525587	1447174597
5663508162	1447176769
5387037832	1447186685
5310109569	1447192141
1970309351	1447193803
5143451618	1447196692
5723210478	1447197112
5327302380	1447197869
3318977751	1447198893
5723951687	1447199639
1114146463	1447200869
3388982160	1447201227
5727759178	1447202641
3922709537	1447202698
5195579585	1447202865
5109823198	1447203167
1939316165	1447203187
5119831034	1447203208
3951935531	1447203326
5677158864	1447203606
2502148383	1447204218
5728121054	1447204232
5075043883	1447204665
2762411802	1447204684
2991559447	1447205160
5729378247	1447205308
3070801237	1447205310
2935379641	1447206463
3408204750	1447206600
1251552875	1447206911
5609853912	1447207816
3153855700	1447207869
5195645340	1447208426
5239998060	1447208668
3766668134	1447208827
5241244563	1447209143
5197983961	1447209212
3921809570	1447209588
5738700653	1447209770
1706780835	1447209954
3561842624	1447210037
3533661812	1447210062
2949873862	1447210517
2504648663	1447210968
5707099278	1447211260
3291808675	1447211554
3419619174	1447211774
1763762202	1447213696
5196287829	1447213949
3192827165	1447214787
5358140260	1447215018
5255572347	1447217608
5651842938	1447217850
5702364364	1447219589
2787268535	1447220461
5242636331	1447220529
5119165642	1447221628
1033024140	1447222788
5705994965	1447223779
5198297834	1447225227
1597935845	1447226052
3935859929	1447226666
5107947449	1447226685
2316192323	1447227192
3956900370	1447227215
5198621567	1447227655
3149244390	1447228170
3914381660	1447228390
5249311405	1447228492
3915476914	1447230173
5670558914	1447230806
5037788768	1447230927
5748946926	1447231330
3201430403	1447231964
1785553492	1447231984
1218747455	1447232141
5196229071	1447233425
5609497400	1447237576
5202810297	1447238462
5197983742	1447240605
5755947815	1447241500
5724589024	1447242852
5724589024	1447242920
2710637937	1447244101
5675025554	1447245520
1556674097	1447246299
1799085607	1447248799
5747523322	1447253056
2537815652	1447265471
3880387737	1447287690
3427152630	1447287797
5746453937	1447289172
5465772123	1447291141
3201519157	1447291712
3929989307	1447291734
2503967831	1447292172
5690901977	1447292462
3306545167	1447294549
5111222018	1447295569
5344144304	1447295649
5197983961	1447295792
2443844915	1447296260
3481061653	1447297282
1491705987	1447297382
2292423012	1447298507
1822915057	1447300614
5709681086	1447303615
3516708113	1447304521
3488881802	1447304752
3768430410	1447306327
2985058192	1447306470
5198630112	1447310565
2970735841	1447315178
3447444970	1447316394
5088685063	1447316567
3700532774	1447316619
3658973102	1447317621
3658973102	1447317637
5144343264	1447318286
3048242687	1447320311
2101825764	1447320583
5706051325	1447321384
5706051325	1447321577
5190845282	1447326157
3700425184	1447328975
5583720715	1447329449
3279296927	1447330651
5513507446	1447331916
3971129862	1447332464
2565953181	1447332859
5687399829	1447334912
2505881133	1447342348
5523360603	1447348698
3918461011	1447384502
5706051325	1447389051
3076795637	1447394897
2932037662	1447396802
5262063242	1447399476
1910656634	1447399940
3787173027	1447403146
5088532473	1447403745
5195662940	1447405023
3579449370	1447423818
3470012132	1447434067
5462112168	1447461736
5728712755	1447508827
3754110457	1447543960
2747798907	1447549558
5706051325	1447556301
5701961155	1447577415
3058290505	1447637568
5195657621	1447639086
5147369246	1447639820
3570727741	1447640509
2516655313	1447644464
5190217243	1447645353
2502383034	1447647562
5344144304	1447648446
5241087633	1447656580
2503948211	1447657160
5762400375	1447657233
5706051325	1447674018
5760098691	1447674822
2505402411	1447720444
2503213853	1447724710
1347674951	1447739077
3193933457	1447741417
2575928392	1447744520
3561842624	1447744617
3128302807	1447748033
3560427642	1447808838
2512099347	1447811687
3781352343	1447825272
5146297142	1447830255
5344144304	1447887689
5599576432	1447896515
5411815469	1447899929
5195344934	1447988458
5587175151	1448205228
2832568117	1448262168
3630398403	1448278480
3049499563	1448327889
2842408100	1448408434
1952871560	1448432374
1952871560	1448432550
1159345900	1448589392
5118681286	1448590609
3427152630	1448592176
1173176335	1448609900
2770855484	1448787869
3979214359	1448808809
3447444970	1448850058
5234665309	1448859033
3325974182	1448988913
1649715927	1449132850
3238010114	1449650393
5195943767	1449707824
5727006945	1450254844
5810871106	1451359645
