1974576991	1448250630
5615965053	1448250663
5388725522	1448250690
3154268943	1448250690
5276330818	1448250709
5313349291	1448250724
2073722745	1448250725
2667169413	1448250733
1908244890	1448250738
2649875981	1448250739
5196985107	1448250744
1956962895	1448250756
3927329186	1448250779
1561528845	1448250783
2419335482	1448250790
1644779564	1448250795
1859188957	1448250796
5418304628	1448250814
5212670523	1448250844
2355139045	1448250855
5270259731	1448250859
2717343391	1448250869
5202537401	1448250878
5175257406	1448250887
2133382047	1448250891
3484321277	1448250901
3131482465	1448250902
2304482731	1448250903
1191180921	1448250904
3970613791	1448250913
3264512405	1448250938
1706124931	1448250940
2274288754	1448250972
1309393457	1448250978
2353792273	1448250989
2987626781	1448251007
1668744687	1448251021
1269285350	1448251034
3759637593	1448251051
1565261785	1448251110
5698316810	1448251124
1805734022	1448251141
3125818385	1448251146
1775899703	1448251155
3864384120	1448251161
3224368622	1448251164
1871004117	1448251166
1998531770	1448251194
1817023867	1448251217
5489071457	1448251240
1869864193	1448251244
2808938204	1448251271
2744090593	1448251288
5550432504	1448251329
2859239155	1448251385
3269607384	1448251385
3912104261	1448251419
2896899190	1448251457
1846775393	1448251505
5472597871	1448251512
2763189434	1448251521
5040319205	1448251593
3168988032	1448251659
2775443867	1448251699
2183733503	1448251727
3217536005	1448251733
2686440707	1448251753
5162174534	1448251832
1881781974	1448251868
2507341727	1448251892
2812979687	1448251911
2330337152	1448251933
2502514570	1448251984
2918219755	1448252163
3568279675	1448252209
1874333202	1448252225
1007416994	1448252284
2827894273	1448252382
2624679773	1448252389
2922572417	1448252406
2896965240	1448252511
2604257797	1448252623
1397046623	1448252652
2081334947	1448252682
2185969552	1448252720
5300274646	1448252739
2883100835	1448252766
1914138311	1448252775
2018542877	1448252874
2131976912	1448252915
2782687511	1448253022
5465906737	1448253030
5767643104	1448253036
1778819355	1448253038
1645899870	1448253068
1793096625	1448253098
1684281643	1448253106
1561545791	1448253202
5066816359	1448253213
2924504277	1448253214
5676314154	1448253364
5183852572	1448253521
2837788112	1448253551
2933572651	1448253672
2861100804	1448253716
1738669705	1448253755
3936459945	1448253760
3236762364	1448253907
5599492504	1448253928
5743734978	1448253967
2338568525	1448254054
2285030343	1448254164
2060460685	1448254190
1877226712	1448254254
5744190804	1448254291
3810059690	1448254322
2164402570	1448254384
1877918385	1448254400
2672687873	1448254529
2751931201	1448254532
3176866507	1448254605
2409739635	1448254636
1970261074	1448254653
1662202624	1448254664
1883149570	1448254704
5466972544	1448255352
5286912432	1448255464
5413420721	1448255482
5050360705	1448255618
5046094158	1448255731
1219208083	1448256006
5511794242	1448256306
3977063853	1448256314
5750301936	1448256383
3117408403	1448256411
1978406587	1448256569
3212988453	1448256714
5170519108	1448256899
2369787375	1448256989
3029799717	1448257251
3516493744	1448257332
3858474765	1448257592
2637162891	1448257954
3499379167	1448257970
2205295854	1448258622
2405650411	1448258657
2591889557	1448259007
3226785790	1448260363
2310976181	1448260384
1710043150	1448260433
2867562490	1448260501
1170375237	1448261198
2659323551	1448261440
1700033291	1448261534
5353303179	1448261658
3480745630	1448261783
2910676735	1448263471
3908441933	1448263524
5705025573	1448265679
2608816363	1448266051
5665769027	1448266537
3302880360	1448266727
2083860201	1448267767
5088634561	1448272075
5533054397	1448272885
2564235167	1448275019
5296852212	1448275300
1841272905	1448278860
1365797913	1448280267
3239641521	1448281793
2827410871	1448282587
1715158074	1448283351
5702364364	1448285022
5736748758	1448287500
5743491723	1448288794
5710839155	1448288856
5697585606	1448288967
5683895752	1448289009
5711868956	1448289022
2111558860	1448289138
5710063116	1448289148
5682029574	1448289254
5710063116	1448289287
5683895752	1448289295
5367058289	1448289334
5670981179	1448289534
5760557809	1448289597
5677414679	1448292353
5693519260	1448323883
2995462335	1448325228
2527513343	1448331118
3200799314	1448357578
5745804064	1448367813
2527513343	1448426151
3928368405	1448449837
5709935291	1448460201
5683895752	1449928377
