1639483893	1447322486
2085386653	1447322495
3934327762	1447322507
5737569223	1447322512
2216180563	1447322522
1658936815	1447322523
3960128915	1447322523
1686549252	1447322524
1742049540	1447322539
1983916561	1447322543
1750976725	1447322544
1804369393	1447322551
1822420262	1447322556
5280031113	1447322563
5569851751	1447322566
2812556222	1447322568
5680275950	1447322569
2724264315	1447322577
3207953941	1447322579
2379593181	1447322580
1983733123	1447322580
2185305661	1447322586
5201318655	1447322591
2698093052	1447322591
2397208382	1447322591
1433277681	1447322602
2311638422	1447322604
5205560344	1447322608
5650870875	1447322608
1239655535	1447322609
1410355173	1447322612
1698489024	1447322618
1726450361	1447322623
2673538970	1447322625
5730072687	1447322625
2430992840	1447322630
2085895573	1447322633
2003521417	1447322639
3180467613	1447322641
1761282982	1447322642
3779514631	1447322643
1785739913	1447322644
1218175241	1447322647
5069785079	1447322659
2538345261	1447322662
1924041111	1447322666
2989592187	1447322666
2452997041	1447322677
5533518985	1447322679
2035295410	1447322681
1801942890	1447322686
3252809103	1447322687
3314516627	1447322688
1867917844	1447322691
1744993154	1447322696
3665984342	1447322696
2629796633	1447322697
5028424981	1447322703
2237938731	1447322714
87059979	1447322719
1691908142	1447322726
2006682403	1447322731
2782656115	1447322732
3177392204	1447322736
5141811808	1447322742
2602139297	1447322744
2714144675	1447322749
2168988311	1447322750
1658073071	1447322756
1245353917	1447322761
1805744074	1447322762
2946385433	1447322767
5197771161	1447322771
3228076685	1447322776
1681856982	1447322780
5665812264	1447322784
1464714213	1447322789
3271088575	1447322806
5577551822	1447322808
3692231414	1447322817
1105327791	1447322818
1581914180	1447322823
3796495192	1447322828
2693191793	1447322828
1923317181	1447322834
5029396502	1447322848
1824890563	1447322848
2843802614	1447322849
2043946894	1447322856
2809432653	1447322856
2020407511	1447322858
1414157712	1447322863
2932341135	1447322869
2632533773	1447322877
2007245633	1447322881
3183902234	1447322892
3695624367	1447322898
3272215882	1447322904
2424324295	1447322908
2315258297	1447322911
2304680203	1447322914
1707946901	1447322924
3909208688	1447322928
2744706350	1447322928
2681466041	1447322932
1739807421	1447322934
2037338065	1447322937
2184137541	1447322943
5497273488	1447322944
2355617127	1447322945
2236486211	1447322952
1835091582	1447322956
2131673317	1447322968
1870994112	1447322974
2214018137	1447322980
2263715897	1447322980
5208700441	1447322981
1824958245	1447322981
1942739553	1447322981
3295525580	1447322986
2266077032	1447322991
5243484738	1447323000
2983885965	1447323016
2213868364	1447323020
1771275667	1447323024
3564737582	1447323029
3494330334	1447323039
2817792185	1447323042
1147956327	1447323043
3558118577	1447323050
5139474647	1447323063
2660733563	1447323072
2035145885	1447323084
2670128713	1447323096
3178787864	1447323108
2268759257	1447323125
5267751196	1447323128
2168946237	1447323129
1896962060	1447323135
1407004191	1447323139
1660621991	1447323142
1908154235	1447323150
1767451005	1447323158
1815322220	1447323160
1680360522	1447323176
2758294463	1447323179
1659883780	1447323180
2294915725	1447323186
1786884333	1447323190
3069309551	1447323192
2718086721	1447323194
1662163665	1447323222
2354926985	1447323226
3172635922	1447323243
1985841845	1447323244
1159803341	1447323245
3303284813	1447323257
2680923712	1447323259
3262795405	1447323262
5702866526	1447323269
3173632915	1447323277
3968843302	1447323284
2267579953	1447323286
2142489103	1447323287
2492085947	1447323293
2864968122	1447323294
2723066583	1447323295
2338417244	1447323302
2007456003	1447323302
2264543933	1447323313
3297632685	1447323314
3671489292	1447323323
5156176855	1447323332
3207541434	1447323336
1856751704	1447323338
1756676031	1447323344
1737157240	1447323363
3493223265	1447323368
3254207233	1447323369
1800364944	1447323378
1751716923	1447323382
2111034900	1447323387
3207669691	1447323388
1834317397	1447323390
1657762447	1447323394
1775929493	1447323395
1825470863	1447323404
2611850043	1447323411
1621103995	1447323419
3477689583	1447323424
1841742935	1447323428
5230173399	1447323434
5227453659	1447323443
2650353402	1447323446
1930373655	1447323467
1547267720	1447323469
2406980027	1447323481
2128095743	1447323484
3209994852	1447323486
1672311672	1447323486
1838897240	1447323488
1277064833	1447323500
1740273451	1447323506
1783802942	1447323515
1626009212	1447323519
5206575420	1447323525
5557937460	1447323527
1757255853	1447323528
1783907313	1447323545
1696371202	1447323549
1750662297	1447323549
1724006035	1447323556
2924274365	1447323558
5718911615	1447323569
2760556623	1447323601
2690636681	1447323614
2270175725	1447323631
1824136955	1447323634
1980332953	1447323647
1863580784	1447323657
3881640735	1447323662
3121231750	1447323666
1919247924	1447323697
2745804351	1447323712
2279326560	1447323713
1778666993	1447323746
2578035090	1447323750
2749696041	1447323758
1447562782	1447323766
3836501516	1447323774
1702203351	1447323814
2614048385	1447323835
1954161000	1447323850
1151465423	1447323852
3914390485	1447323858
5672270219	1447323891
3036329337	1447323895
5629469600	1447323897
1948116761	1447323902
3186342241	1447323906
1859673780	1447323909
2096974591	1447323913
1989923851	1447323914
3946396726	1447323916
3315560741	1447323934
5327993491	1447323974
1753028762	1447323979
2822428475	1447323981
3505721917	1447323994
3592437683	1447324010
5454095846	1447324014
2570751642	1447324014
1799104001	1447324035
3555578301	1447324035
2469910401	1447324039
3518852215	1447324042
2706973161	1447324076
2003250951	1447324079
1887537614	1447324110
5463220028	1447324118
2708218447	1447324125
5709692974	1447324131
3981971238	1447324134
1141610070	1447324151
3029330741	1447324167
1905910913	1447324169
2486233070	1447324170
1795495653	1447324174
2573176645	1447324197
5264869478	1447324198
2149574624	1447324199
1775618741	1447324200
2098997357	1447324202
1312987040	1447324208
2824337354	1447324226
1757002337	1447324228
3479967321	1447324263
1656675864	1447324264
2958790921	1447324273
1676636587	1447324301
2809167234	1447324310
2065668925	1447324324
5688957636	1447324325
3200887891	1447324342
1766343703	1447324378
2163697511	1447324382
3902767652	1447324383
5392964905	1447324404
3160403192	1447324409
3556213761	1447324419
1275246344	1447324439
2114285583	1447324440
1280082280	1447324456
2881391790	1447324460
3911095906	1447324506
2284951721	1447324512
3294169845	1447324530
3369750424	1447324537
5404690150	1447324586
3304610441	1447324589
2791587557	1447324607
2531726610	1447324608
1737374012	1447324634
2358677860	1447324637
1363155687	1447324639
1750578884	1447324641
2061114615	1447324643
3144343951	1447324657
1746078092	1447324678
2492524614	1447324686
1799436672	1447324702
1750439275	1447324706
1401809407	1447324708
2242987983	1447324715
5543205463	1447324723
5702505371	1447324726
1630961315	1447324738
5040426932	1447324752
1928603305	1447324775
1823872283	1447324795
1894926697	1447324801
2078331883	1447324801
5110944338	1447324811
1840545540	1447324811
3692051062	1447324825
1764154523	1447324848
1356809550	1447324853
1947762443	1447324875
2621730434	1447324895
2088793495	1447324917
3831194233	1447324919
1860190110	1447324926
1603280174	1447324944
3623784285	1447324977
1197354624	1447324986
5088760544	1447325007
2500235007	1447325014
5161568165	1447325016
2336418593	1447325019
1980343473	1447325052
2812453055	1447325053
3899772875	1447325082
3625786457	1447325082
2139553134	1447325095
1656149394	1447325119
2356040190	1447325122
2668244645	1447325134
5436179908	1447325142
5370058425	1447325153
5701486887	1447325170
2474584624	1447325171
3587242173	1447325172
5621985506	1447325176
2884185034	1447325185
2672356973	1447325192
2255430443	1447325197
2033821893	1447325203
2930167830	1447325203
2990712180	1447325254
1426477762	1447325276
1960392454	1447325278
2266518107	1447325279
2261324011	1447325280
2475758171	1447325290
3138142895	1447325295
1752869861	1447325298
5015066989	1447325307
5539587920	1447325307
2353903443	1447325326
1720068321	1447325326
5667876643	1447325355
2295264291	1447325395
2802975761	1447325415
1964382753	1447325438
3239114350	1447325447
2029456874	1447325462
2420752364	1447325475
1935237321	1447325502
2473946757	1447325507
2935845393	1447325509
2207097821	1447325521
2642305671	1447325528
5596141410	1447325541
1713852413	1447325571
1139445701	1447325579
3196995610	1447325582
2048558863	1447325618
2034541004	1447325628
2709872424	1447325634
2910603152	1447325657
2948482863	1447325658
1867175752	1447325661
2215142624	1447325663
1241195825	1447325667
1915964017	1447325673
1309655304	1447325679
1290462404	1447325698
2609382137	1447325726
2447403572	1447325742
1778064930	1447325786
2603243271	1447325804
3158324361	1447325831
2835392310	1447325845
1823370127	1447325854
2324959501	1447325885
2835243633	1447325893
5145637620	1447325907
1734696924	1447325907
1749812857	1447325926
3812283786	1447325926
1804066742	1447325932
2829626924	1447325933
1832843163	1447325941
2002712347	1447325944
2749734055	1447325960
1583416784	1447325965
2711287887	1447325967
5441927426	1447325985
2459653083	1447325998
2614274073	1447326007
3632520961	1447326008
1649529702	1447326030
2178602670	1447326036
2118037153	1447326068
3953875830	1447326073
1704564803	1447326089
1739636024	1447326110
1389536634	1447326119
5233336833	1447326131
1706595154	1447326136
1733074940	1447326145
3195401324	1447326150
3038463417	1447326158
2367763124	1447326175
1793575527	1447326176
2764640791	1447326178
2272182902	1447326214
3193197681	1447326220
1846081662	1447326224
5460634475	1447326232
1171211847	1447326251
1978528883	1447326264
1765219195	1447326281
5036075148	1447326282
2567400897	1447326315
2573688070	1447326320
2938514805	1447326329
2035284060	1447326339
3831267708	1447326361
1687161912	1447326364
3221919071	1447326375
3987621256	1447326377
2701015962	1447326378
2863036940	1447326446
3956974016	1447326489
2943958087	1447326491
2708693585	1447326513
2020404595	1447326523
2872719410	1447326549
2317136940	1447326574
5243312362	1447326575
3386745264	1447326591
3314234123	1447326616
1424696215	1447326627
5023489629	1447326630
2029867895	1447326644
2579293487	1447326691
3577378055	1447326719
5249857676	1447326725
2178920317	1447326744
2424515561	1447326751
1738285420	1447326761
1803623844	1447326783
1212179262	1447326848
2805976033	1447326857
2460718037	1447326899
2787761397	1447326907
2674143842	1447326935
3901459712	1447326945
2534129052	1447326961
2074278195	1447326985
5560405011	1447327017
1980434633	1447327020
2690718424	1447327033
5059990326	1447327053
1768009100	1447327064
1678890547	1447327091
3216722961	1447327140
1914587461	1447327152
2371303747	1447327173
2728016012	1447327179
3190749402	1447327184
2007247003	1447327193
2142317802	1447327196
3502618413	1447327209
1307920853	1447327251
2836085615	1447327254
1404643993	1447327308
1577890860	1447327316
1804245207	1447327398
5132442002	1447327419
1773637217	1447327445
3902924897	1447327483
2929473825	1447327529
5045700922	1447327559
3985425091	1447327577
2926254713	1447327583
2837294970	1447327604
1211825284	1447327640
3269399192	1447327652
1205963414	1447327663
2558364990	1447327705
3109115203	1447327711
5737361473	1447327720
5252549030	1447327735
3216112747	1447327754
2620825447	1447327775
1639511835	1447327780
3953778327	1447327786
3182512071	1447327795
2653449683	1447327800
2448914682	1447327808
5288276979	1447327808
2176244621	1447327813
1478159301	1447327816
1908680087	1447327824
1218615084	1447327840
5556975511	1447327841
1705467994	1447327845
2691349713	1447327845
5697026775	1447327847
2726204863	1447327863
1990527632	1447327870
5019691014	1447327889
3612907747	1447327900
2746053351	1447327908
3191627374	1447327909
3277839221	1447327914
3749913071	1447327915
3070949195	1447327927
2041515162	1447327949
5403958345	1447327950
2694048111	1447327960
1893331197	1447327965
1797937093	1447327970
1485699962	1447327991
5040939328	1447328000
1921514140	1447328023
5319106237	1447328027
3978622852	1447328032
2009062323	1447328034
5402547415	1447328036
2788235741	1447328042
5246144172	1447328049
5629196083	1447328052
1932416253	1447328052
2636782930	1447328056
3220041252	1447328076
2698964152	1447328076
1908319982	1447328077
1878843782	1447328095
3893257318	1447328096
3123967613	1447328132
5399253294	1447328146
2447405375	1447328147
1617791625	1447328148
3771785807	1447328151
2304684052	1447328158
1869518715	1447328174
5579703306	1447328198
2851325502	1447328206
2277643534	1447328206
2642052144	1447328211
2060727331	1447328211
2716760732	1447328224
1461617171	1447328227
2481336161	1447328232
2755127352	1447328238
5527163384	1447328247
1989466851	1447328247
5036794543	1447328252
2113506354	1447328269
1800442613	1447328271
1783533473	1447328285
1841123863	1447328290
1908746881	1447328290
5625723557	1447328294
1936330204	1447328303
1769176642	1447328307
3290310920	1447328309
3853930004	1447328309
2712002383	1447328320
2110039933	1447328321
2878538120	1447328322
2828573420	1447328335
5540613836	1447328338
2551724912	1447328348
5681360527	1447328354
1828548192	1447328354
2966469290	1447328360
2550236162	1447328380
5175300357	1447328385
3036589657	1447328386
1706121690	1447328388
2952968771	1447328392
1956596593	1447328399
2457463055	1447328403
1842900794	1447328405
3950097216	1447328416
1254893794	1447328434
3037360197	1447328440
1968692622	1447328444
2416984503	1447328448
2363837552	1447328459
1686278327	1447328469
2674100581	1447328472
1771317285	1447328474
1798663390	1447328480
2432964102	1447328501
3181202903	1447328506
1654804472	1447328509
3480449942	1447328509
3704947940	1447328512
5501731202	1447328512
3748773614	1447328538
5536736202	1447328540
1723030903	1447328544
3910387656	1447328547
5673013189	1447328547
1566909495	1447328548
2627231542	1447328551
2839437745	1447328567
2463466051	1447328569
1832906570	1447328597
1794617442	1447328603
5243714053	1447328615
2958385173	1447328621
1807849180	1447328625
3954320300	1447328626
5541671952	1447328632
5582303289	1447328640
2260399684	1447328641
5212905078	1447328667
2211710267	1447328674
2269483647	1447328676
3762796882	1447328685
3762020561	1447328685
5287530109	1447328687
2582708593	1447328689
3363864944	1447328694
3742379971	1447328717
1073932624	1447328725
2927765384	1447328725
3198561235	1447328726
3795695185	1447328735
5478150484	1447328736
2949216301	1447328737
3602549123	1447328742
1806621992	1447328744
5012364737	1447328752
1962193540	1447328753
3120843090	1447328754
1767994720	1447328763
3282691464	1447328777
3893463551	1447328781
2367664461	1447328814
1722538105	1447328814
1992309137	1447328825
1912079561	1447328838
5124373580	1447328849
1862363701	1447328852
5717794756	1447328862
2040672497	1447328864
3305990534	1447328871
5697637180	1447328871
2952723884	1447328872
5533304864	1447328875
2237481692	1447328878
2063797647	1447328879
1887178324	1447328889
2858235334	1447328895
3917510945	1447328897
5569828658	1447328913
2156710911	1447328927
5527465501	1447328927
2646032123	1447328927
1943929827	1447328931
3579495515	1447328935
1797177395	1447328938
5361766037	1447328943
2782403611	1447328945
1308603122	1447328948
2060482591	1447328954
2339556647	1447328970
3810256329	1447328971
3263484410	1447328988
3840742303	1447328995
1777879165	1447329014
2336463761	1447329016
2992045017	1447329018
2611648935	1447329033
2631127371	1447329036
3155314783	1447329039
2432332487	1447329063
5198671820	1447329065
3807139154	1447329073
5468725134	1447329075
2158636872	1447329077
2005440837	1447329082
2325396944	1447329087
1888882473	1447329095
1661129464	1447329115
1018506503	1447329120
2723249443	1447329151
1552987013	1447329162
1811781411	1447329184
5707950624	1447329186
2264881470	1447329190
1876540031	1447329202
2900543055	1447329203
1907562903	1447329215
3648872134	1447329220
1821664803	1447329226
5367548448	1447329228
1204270252	1447329230
3090809983	1447329238
5646597561	1447329245
2545056393	1447329245
1702499710	1447329245
2726796513	1447329253
1020572465	1447329291
2773375057	1447329295
5132750213	1447329304
1651815767	1447329319
1806322924	1447329329
2805897854	1447329335
3908986983	1447329343
3102218277	1447329363
1052703492	1447329376
1815039574	1447329381
2598449664	1447329404
1280663523	1447329404
1435188522	1447329410
1906322133	1447329418
1653595481	1447329419
1906125023	1447329421
1804582244	1447329424
2647136760	1447329434
5119263042	1447329441
2304150285	1447329463
2361406107	1447329466
1424608570	1447329474
1771518584	1447329477
2612990091	1447329479
2484185151	1447329482
2506176190	1447329504
2211087784	1447329518
2335185507	1447329521
1107988627	1447329526
2003452005	1447329530
5238604011	1447329533
1237851351	1447329535
1900250241	1447329544
1771890575	1447329552
1661935260	1447329561
5361047550	1447329566
3167501432	1447329568
1236731974	1447329568
5638793925	1447329574
2127639524	1447329582
1781906965	1447329587
5754826448	1447329588
2644231653	1447329609
3570373115	1447329613
1962264401	1447329619
1265077463	1447329620
5233498106	1447329621
5282174197	1447329638
2557460877	1447329638
2439432404	1447329642
3746682907	1447329645
3313968267	1447329659
3848120155	1447329668
1962905642	1447329669
3509342200	1447329670
3700058571	1447329685
3916919781	1447329692
2629350365	1447329699
2695278281	1447329706
3616599511	1447329711
3756481100	1447329712
1878210311	1447329713
3575280795	1447329713
2624781674	1447329717
2565848811	1447329718
1951061143	1447329719
2374602693	1447329722
1464402832	1447329725
2500153777	1447329727
1961492425	1447329731
1940007452	1447329745
1993219611	1447329772
3169479767	1447329774
2867303430	1447329781
2707302544	1447329790
1799740291	1447329810
3701356417	1447329819
2453353985	1447329820
2791542125	1447329822
1827954602	1447329830
2826910673	1447329830
1398541384	1447329838
2742885963	1447329839
1054420421	1447329847
2727171195	1447329858
2198604890	1447329865
1684128560	1447329870
5038532602	1447329877
5363787179	1447329890
2836503632	1447329894
3557208621	1447329894
2650360961	1447329899
3644554104	1447329902
2908723147	1447329912
5228083486	1447329922
2456044597	1447329924
1646269817	1447329940
5337967019	1447329943
1893042143	1447329947
5297478385	1447329948
2612615064	1447329951
2686628751	1447329954
3174133503	1447329955
1862205587	1447329960
1706385977	1447329977
3058045715	1447329983
3198802337	1447329992
2599423795	1447329994
1980975832	1447330000
1832185567	1447330000
2988927331	1447330017
1860128352	1447330038
3600329380	1447330038
3770141187	1447330042
3599540032	1447330042
2208135811	1447330063
5521129196	1447330066
1830272851	1447330066
1188309944	1447330068
3265054022	1447330074
1755384301	1447330078
5152655901	1447330088
3775561127	1447330090
3302764097	1447330093
1761724964	1447330100
5738561830	1447330102
1699985543	1447330110
2023138425	1447330112
5719973913	1447330135
5041583580	1447330138
1744814460	1447330142
2750982653	1447330147
1827598462	1447330151
3535268484	1447330157
5582228755	1447330171
1871217383	1447330174
2140046204	1447330177
2001053571	1447330177
3776986012	1447330185
1994750873	1447330206
5656621555	1447330211
2238101172	1447330228
3107073223	1447330230
3908216998	1447330231
3015742825	1447330234
5698693425	1447330257
1585979090	1447330262
5603242499	1447330275
5679392944	1447330280
2832899112	1447330281
2198961401	1447330291
2962054257	1447330295
5254929098	1447330301
2787982040	1447330304
1873636880	1447330305
2607517473	1447330312
2669127064	1447330323
2909301953	1447330329
5185263068	1447330341
1918773785	1447330343
5205877053	1447330345
1686386082	1447330345
2837110750	1447330352
2949751795	1447330357
5377214777	1447330377
2691571187	1447330418
5231759563	1447330437
1886939892	1447330464
1770270494	1447330479
5265091498	1447330480
1814746847	1447330485
5716123571	1447330485
5022298826	1447330495
5138691714	1447330512
5145834977	1447330514
3503408182	1447330518
5531023776	1447330518
1743779060	1447330518
5558418994	1447330525
1684590743	1447330527
3516760315	1447330532
2118272217	1447330538
2485632710	1447330560
5422312939	1447330563
1804188161	1447330574
2298336361	1447330580
2166174374	1447330593
2424672354	1447330600
2066645332	1447330600
2010056475	1447330605
2091269851	1447330611
1792944280	1447330619
3040606325	1447330621
1440198451	1447330621
2115354371	1447330622
2023937371	1447330625
1299825673	1447330637
2492488301	1447330642
3635788902	1447330644
2634430811	1447330651
2188789343	1447330656
1657096111	1447330685
3101247022	1447330693
2104634311	1447330699
2508441287	1447330711
3943123826	1447330735
3014615307	1447330735
5350168314	1447330743
2049975544	1447330758
2335338587	1447330768
3380075672	1447330768
5744455189	1447330770
3550443382	1447330771
3169350803	1447330775
5687502648	1447330781
1996519433	1447330796
1998808405	1447330805
2491845617	1447330809
5531581960	1447330812
1996649502	1447330819
2748047611	1447330821
1781794105	1447330824
2172400824	1447330828
3030202677	1447330840
1776643584	1447330840
3767590242	1447330841
2322391911	1447330847
2302845090	1447330848
5659586633	1447330852
5140935959	1447330855
1768484054	1447330875
3004213691	1447330883
1922125903	1447330883
1746319842	1447330884
2699407462	1447330885
2507737943	1447330901
1967408641	1447330906
1971447325	1447330922
1860209384	1447330928
1697489530	1447330928
1797043121	1447330929
5243668821	1447330932
1954076763	1447330936
1965280171	1447330939
2174416962	1447330943
5747138215	1447330944
3281118655	1447330944
2918598427	1447330946
1841756173	1447330950
2885526820	1447330951
5389165343	1447330953
2656494985	1447330953
2858281064	1447330959
5629334096	1447330965
3251876744	1447330970
2742062004	1447330975
5494043204	1447330982
5616450224	1447330988
1992626255	1447330989
1916637547	1447330989
2261949947	1447330989
1659664012	1447330993
1054550580	1447331004
2660401380	1447331005
2301606332	1447331015
3220601190	1447331018
2291421315	1447331034
3904114898	1447331036
1881067554	1447331038
3787838127	1447331039
2385761481	1447331040
1631093214	1447331058
1978813031	1447331064
3743276155	1447331083
5632203182	1447331093
5023720080	1447331120
1238014824	1447331124
3883517201	1447331140
5753803943	1447331148
1950667943	1447331150
3885208773	1447331153
3199437173	1447331163
5539398429	1447331167
3210182001	1447331177
1757531457	1447331179
2037847797	1447331199
3197735963	1447331200
3463272804	1447331202
3894650507	1447331229
3058798207	1447331233
1858300894	1447331234
3635901233	1447331238
5296737332	1447331245
1014707047	1447331245
1780372192	1447331246
2764340130	1447331252
2884258627	1447331254
2102158474	1447331255
1994274437	1447331259
2146305873	1447331265
2703095340	1447331268
3262326735	1447331268
1897296594	1447331278
2607196603	1447331279
5355584417	1447331283
1813478192	1447331287
5715318976	1447331305
1876356263	1447331308
2635821713	1447331310
2483189880	1447331316
5750512894	1447331317
2875534662	1447331336
3786432150	1447331338
3316999171	1447331353
5293232285	1447331356
3895672214	1447331363
2421387133	1447331373
2414261131	1447331378
2112917712	1447331381
5226201661	1447331413
3228001431	1447331416
1502774204	1447331422
1866797821	1447331441
1790797987	1447331442
5592525969	1447331457
3648809710	1447331484
5093581111	1447331489
5019337067	1447331507
1673732412	1447331551
5516868759	1447331566
1793870977	1447331590
5391950615	1447331590
2659552594	1447331655
2622588055	1447331674
2936327347	1447331725
2852289125	1447331808
3371877710	1447331808
3547955363	1447331819
3221304312	1447331850
5624556895	1447331889
1691211575	1447331895
3883993728	1447331896
1826711001	1447331907
3160198751	1447331910
3968238650	1447331915
5089273260	1447331922
5316729107	1447331947
1987901991	1447331957
5455453283	1447331958
1952527641	1447331967
2976218892	1447331969
2027792357	1447331971
2395484950	1447331988
5505648455	1447332018
2357404804	1447332091
3164062247	1447332135
2501813653	1447332151
2169616264	1447332188
1358825042	1447332230
1884824337	1447332298
1734194157	1447332317
1877905197	1447332323
1882504903	1447332332
1300696412	1447332346
2656004647	1447332360
2072975015	1447332406
1954203172	1447332408
3962107711	1447332410
3687345130	1447332451
1151043613	1447332459
2744175123	1447332495
2042278891	1447332495
1954176453	1447332507
1972667305	1447332509
3798731762	1447332538
5696434662	1447332540
3283936092	1447332554
3026094682	1447332568
5422480588	1447332585
2279799671	1447332609
2410389363	1447332650
3434404834	1447332738
5116190354	1447332780
2927162857	1447332785
1837858451	1447332848
1862713827	1447332945
2947566852	1447332954
2589167480	1447333026
1937904942	1447333026
2544085724	1447333067
5728009695	1447333117
1779224850	1447333125
1831217164	1447333146
3177952130	1447333220
1585937903	1447333255
2362868725	1447333260
2152873234	1447333265
1607116547	1447333268
1185208953	1447333276
5627633260	1447333283
1832449837	1447333284
3234812840	1447333290
2010954111	1447333380
1946220107	1447333396
5338592126	1447333450
1763627541	1447333456
2681223191	1447333457
2867615004	1447333520
1924646595	1447333548
1909334201	1447333651
2819873450	1447333715
2232760180	1447333755
2744370700	1447333793
1813974290	1447333818
3579975674	1447333884
2639672911	1447333949
2646348963	1447334038
3040360377	1447334073
5574356688	1447334142
1909303793	1447334153
2314566734	1447334168
1704961860	1447334283
2273866212	1447334319
2211354112	1447334326
2969794375	1447334361
3173963034	1447334470
1880815533	1447334489
5639394429	1447334494
1735259004	1447334545
2271216153	1447334606
1662724433	1447334690
3896043977	1447334718
1770933995	1447334721
2110121540	1447334756
2173745747	1447334778
2529196614	1447334778
3926426680	1447334809
2667162073	1447334857
1550857861	1447334875
2903427421	1447334882
5717804478	1447334882
1269005072	1447334886
2738856113	1447334903
3516742931	1447334976
1238387282	1447334992
1841816972	1447334999
5234950737	1447335066
1234906654	1447335149
2394137461	1447335247
5088192713	1447335423
1821436413	1447335443
3527653002	1447335575
2913496481	1447335579
2622545645	1447335586
1740952207	1447335588
1926704394	1447335635
1950755513	1447335641
5317701818	1447335673
1917255017	1447335736
1737179412	1447335738
2136968130	1447335763
1851430655	1447335766
2203664024	1447335812
2173477307	1447335866
3285649595	1447335918
2738702377	1447335920
1777748733	1447335922
2250451442	1447335924
3810621148	1447335955
2528139262	1447336054
3881324244	1447336064
2175315241	1447336083
5320937639	1447336093
2960813452	1447336193
1603507064	1447336261
2394902183	1447336300
5339859914	1447336312
1922069163	1447336326
2700502722	1447336370
2387830715	1447336459
2542342950	1447336465
2258039775	1447336507
1890693125	1447336561
2049978527	1447336577
1173740922	1447336626
1467022515	1447336635
1663955430	1447336656
1725873615	1447336668
2929043081	1447336698
5117072832	1447336727
2166926501	1447336735
3278266954	1447336750
1788771941	1447336789
1731040387	1447336936
1843639404	1447336952
1742974332	1447336967
5243744268	1447336992
1976774513	1447337017
1794051794	1447337067
1769449164	1447337114
2908352662	1447337190
1665751907	1447337209
1640079071	1447337278
1781848617	1447337299
3334895402	1447337354
1271983047	1447337355
5138261838	1447337369
1784024720	1447337394
1729351493	1447337399
2140686644	1447337415
2237336224	1447337424
5602096118	1447337449
5074856434	1447337576
5292525870	1447337622
1864371831	1447337623
1952376771	1447337780
3546534853	1447337793
5399593314	1447337795
3185632120	1447337860
2616089905	1447337916
2658726551	1447337924
3058732461	1447337992
5663224810	1447338012
1265670834	1447338029
2309579862	1447338076
1025900800	1447338078
2104860221	1447338119
5069811649	1447338200
1111980747	1447338226
1762747550	1447338322
2877304254	1447338341
2495646820	1447338401
1843089680	1447338405
5657348591	1447338426
1940680522	1447338429
1317869774	1447338452
3888010329	1447338507
2348326712	1447338563
3281842125	1447338592
1662971095	1447338669
3734606201	1447338724
2822437003	1447338776
3109943611	1447338874
2173245794	1447338876
2724724123	1447339018
1245796785	1447339079
5251525154	1447339103
1192457387	1447339132
3246215502	1447339154
2107479530	1447339182
1949230825	1447339188
2405491183	1447339236
2263905771	1447339281
1727559744	1447339322
3827420547	1447339348
1857238980	1447339359
2809495771	1447339406
1748598634	1447339468
2832584863	1447339597
3083758235	1447339618
2393803930	1447339689
2922893860	1447339753
2709908161	1447339922
1764751244	1447339934
1911272700	1447340055
1880662702	1447340140
2268567281	1447340162
2813836270	1447340222
1564091335	1447340240
1561392764	1447340273
1747145393	1447340325
2011349681	1447340331
2018755043	1447340361
1821686247	1447340376
1461570021	1447340455
2856186170	1447340495
5074214953	1447340503
2957704937	1447340548
1893193941	1447340570
3791709333	1447340571
2421957605	1447340575
1597876103	1447340580
2474644387	1447340593
3169710997	1447340628
1748577990	1447340648
2393502471	1447340808
2803878764	1447340891
2122361821	1447340943
5261396978	1447341114
2136477203	1447341118
1804801841	1447341273
1743122053	1447341284
3166123033	1447341330
2606789885	1447341367
1925106140	1447341467
2341620545	1447341488
2878938147	1447341595
2304863421	1447341626
2122672135	1447341655
3244232812	1447341686
3472579482	1447341788
3934004071	1447341823
2275692362	1447341918
1639483893	1447341952
3808764572	1447341959
2168593283	1447341964
2472267734	1447341978
1835659052	1447341979
5135233841	1447341983
1651016462	1447341996
2018678375	1447342000
2819519207	1447342005
1244850883	1447342006
5311422837	1447342009
1616850325	1447342014
2912486955	1447342018
1065424940	1447342019
5044383972	1447342023
1408599405	1447342028
2135798733	1447342029
5054708061	1447342040
5671425546	1447342041
3284931291	1447342041
1038789374	1447342052
2299353854	1447342054
1672254360	1447342058
3656949883	1447342059
1758393453	1447342062
1393739650	1447342068
5613949930	1447342073
1829740832	1447342074
3517876651	1447342096
1288189047	1447342096
1857689044	1447342099
2040746084	1447342099
1224340441	1447342101
1585402493	1447342103
2824358012	1447342108
2494030377	1447342108
2792169663	1447342109
1767480113	1447342114
2755228195	1447342120
3188357850	1447342122
1950802153	1447342127
2652993123	1447342128
3899466979	1447342130
2082307341	1447342131
5559686446	1447342131
2350150721	1447342132
1724130763	1447342133
1845516925	1447342143
1620466934	1447342143
3171470204	1447342146
3607686763	1447342155
1822372411	1447342161
1793549170	1447342165
2893947604	1447342167
2316642111	1447342181
5548776474	1447342182
2829432380	1447342183
3151577550	1447342184
5244823528	1447342185
1774552302	1447342185
2576984110	1447342186
3523952637	1447342187
3174664673	1447342192
3011728223	1447342198
1936005327	1447342206
5469584869	1447342211
1264619971	1447342215
2247695685	1447342215
1169974024	1447342218
2691167970	1447342230
1762397542	1447342233
2883995772	1447342238
1423145535	1447342239
2319927553	1447342248
3069293961	1447342248
3829594136	1447342249
3089704582	1447342250
2217470520	1447342250
2719788711	1447342253
5303352878	1447342253
1953966223	1447342255
3934585130	1447342258
2059943247	1447342259
3854634354	1447342260
1746861150	1447342260
5066649642	1447342260
5343450569	1447342263
1418725122	1447342266
5548776474	1447342275
3280747363	1447342277
1725944833	1447342277
1961373791	1447342281
5241236254	1447342294
1652471091	1447342296
5430631859	1447342299
2405066094	1447342304
1081541075	1447342309
1655126502	1447342312
3904665889	1447342316
2707524491	1447342321
2452454411	1447342327
3362253282	1447342328
1855584037	1447342334
2688241474	1447342338
1413250255	1447342340
1772559103	1447342341
1343568774	1447342343
1215913144	1447342357
1817443695	1447342359
3241218775	1447342360
3141256645	1447342363
3983989679	1447342367
1915376765	1447342369
1412309171	1447342389
2308774694	1447342391
1923104743	1447342393
1757314251	1447342393
3843121920	1447342395
2985930777	1447342398
1862501571	1447342401
1826701482	1447342404
2907277261	1447342419
1401622234	1447342421
5063395490	1447342427
3986812457	1447342431
2562507873	1447342431
1057449597	1447342454
2106033612	1447342465
1889660941	1447342467
1791038820	1447342470
3256445904	1447342470
1613490624	1447342474
2579649244	1447342476
5206770448	1447342491
3361598984	1447342496
3035139183	1447342497
3099360294	1447342503
1835635621	1447342504
2749500535	1447342505
1596897641	1447342506
2571150291	1447342506
3121472921	1447342512
1898962403	1447342514
5646421366	1447342516
1748727450	1447342517
1775358630	1447342518
1953546525	1447342521
2037720045	1447342521
5685329085	1447342534
5692449075	1447342536
2957629360	1447342548
3225252302	1447342553
1863476794	1447342555
2691667583	1447342555
1884631570	1447342579
2834100547	1447342582
1890521552	1447342586
2218702704	1447342586
3502083060	1447342610
2787939911	1447342615
3753221897	1447342635
3081659803	1447342637
1782166601	1447342641
5107703107	1447342643
2713739804	1447342644
5387021079	1447342649
1301952892	1447342649
1509060237	1447342653
1454420505	1447342664
3847729256	1447342679
5241982218	1447342680
3540945104	1447342682
1954386245	1447342685
5325631440	1447342685
5100174536	1447342707
3558385630	1447342710
1773377821	1447342710
2633025981	1447342726
2289556485	1447342730
5338689233	1447342733
1769284931	1447342734
2273679151	1447342739
3182153360	1447342755
1656063203	1447342756
2274095194	1447342773
5034098226	1447342787
2466717752	1447342789
1806260124	1447342797
5255059571	1447342813
1799930134	1447342826
2208590615	1447342826
5014153546	1447342827
3381608672	1447342829
1838109590	1447342831
1884624910	1447342839
3970532017	1447342842
2351620847	1447342842
2135809991	1447342844
1765833734	1447342853
2771165997	1447342856
5035818853	1447342858
1771811780	1447342865
2733918423	1447342876
2849148461	1447342876
1705602773	1447342877
5626971569	1447342879
2721650033	1447342880
1932161961	1447342888
1827206813	1447342892
2618130447	1447342893
3502005543	1447342893
5213802343	1447342895
1682798765	1447342897
1732000861	1447342898
2684706540	1447342907
5129548944	1447342911
1844984735	1447342941
2747682721	1447342944
2122292697	1447342962
2803634704	1447342973
3223771401	1447342974
1077469791	1447342981
3424365764	1447342985
3720512972	1447342990
2064686161	1447342992
1618694691	1447342996
5336074595	1447342997
2662279375	1447343013
3628314273	1447343026
1651911632	1447343027
1296424510	1447343028
2677005351	1447343030
2005342131	1447343035
2881738920	1447343039
3550511151	1447343046
5115181816	1447343053
5033355334	1447343065
1652120871	1447343066
3453592832	1447343072
1748431432	1447343072
1794564454	1447343076
1297321880	1447343077
3087705125	1447343087
2796818110	1447343110
2927429495	1447343111
2941047461	1447343126
1423814591	1447343128
2662287621	1447343147
1979890263	1447343148
1888433085	1447343154
2577162945	1447343176
3028769273	1447343176
2848622763	1447343190
1903613623	1447343201
5386401705	1447343202
3151170357	1447343204
2285054575	1447343205
2117519735	1447343209
2404733654	1447343216
3960251128	1447343228
2275898950	1447343234
2260176130	1447343238
3914003575	1447343251
1006679660	1447343264
1678928285	1447343278
3799836339	1447343282
3886564257	1447343284
5425756956	1447343292
2785718274	1447343293
1851864670	1447343296
2752793690	1447343306
2561558713	1447343308
1791710710	1447343348
5731022128	1447343349
2299114343	1447343350
3762322721	1447343363
3153617390	1447343370
2927024257	1447343372
3957367514	1447343373
5627655816	1447343378
1002875453	1447343449
3308127953	1447343470
2612843241	1447343477
3482132112	1447343510
5023391361	1447343517
2299103732	1447343523
1856424500	1447343526
3178348263	1447343534
2712167062	1447343546
1788598212	1447343564
2913894351	1447343582
3039027507	1447343587
5250008436	1447343604
2148628740	1447343617
3165529870	1447343638
1903034091	1447343654
1919258847	1447343656
2834410871	1447343664
5087610907	1447343667
2253400347	1447343676
5635496134	1447343678
3471908840	1447343688
2716313973	1447343698
1744537693	1447343728
3675610001	1447343731
1407803254	1447343743
1897674860	1447343748
3246455052	1447343751
1061591980	1447343791
3036265952	1447343798
1983338533	1447343800
2968798057	1447343810
2151686081	1447343811
3645779082	1447343824
2709109637	1447343839
2657690171	1447343862
2698059803	1447343864
2739213282	1447343868
1806164882	1447343877
3087314435	1447343882
2869270424	1447343893
2262211020	1447343910
5088600319	1447343913
1833884830	1447343921
1806275084	1447343946
2735361347	1447343951
5417622290	1447343960
1668932615	1447343963
5048560747	1447343970
2427306840	1447343974
1907198545	1447343978
2771651941	1447344005
2608856414	1447344007
3545289991	1447344028
2364697031	1447344028
1045207587	1447344041
1795005842	1447344067
2063614091	1447344069
2093732255	1447344076
2635882504	1447344076
2607289210	1447344083
1720713991	1447344121
1774028360	1447344129
5124622511	1447344130
1371686263	1447344165
2412633130	1447344167
3762344237	1447344172
2252442250	1447344177
2012655907	1447344196
2261138441	1447344200
1279885230	1447344207
1722040630	1447344211
1743114241	1447344219
2194697244	1447344223
2004772383	1447344239
5015465016	1447344282
1800939017	1447344283
5329875419	1447344287
2907407985	1447344298
1884412127	1447344300
2534541812	1447344335
2334152695	1447344337
1752218830	1447344344
2406201260	1447344383
1323884801	1447344423
2722119440	1447344456
3257197635	1447344488
2566435447	1447344509
2143931717	1447344530
3817036649	1447344539
5180516647	1447344570
5351930553	1447344572
5633058632	1447344577
2309933175	1447344592
3881503872	1447344603
1413424291	1447344609
2478662711	1447344619
1634680300	1447344644
1726992672	1447344684
2968419272	1447344686
1740344351	1447344691
2301958600	1447344699
5205961668	1447344717
1963249522	1447344749
1108616985	1447344753
1894132353	1447344766
3547920751	1447344796
1809111121	1447344802
1749106757	1447344838
1839398544	1447344919
5729823161	1447344928
1837929917	1447344932
1923749995	1447344938
3171188257	1447344942
1683332412	1447344943
1961719327	1447344953
1820158352	1447344960
1895753020	1447344965
3896329321	1447344978
1558615842	1447344982
3930232969	1447345012
1687800311	1447345067
2254491644	1447345107
1856997327	1447345118
2658341644	1447345120
2392002335	1447345123
5234447139	1447345173
2354958432	1447345185
5174752656	1447345218
1746279011	1447345232
2119199620	1447345250
5238745288	1447345258
2657307725	1447345274
3633049655	1447345289
2820418085	1447345324
2274758584	1447345346
1990146124	1447345348
1245246975	1447345350
2325717701	1447345367
2552356012	1447345372
2439687401	1447345386
1767778167	1447345391
2836989631	1447345393
2483697630	1447345398
3586244273	1447345408
2103398714	1447345410
1066687871	1447345441
2185838114	1447345466
2791223667	1447345472
2408106232	1447345476
2886503380	1447345491
3066150657	1447345493
1910156055	1447345526
1789175457	1447345527
3557770721	1447345534
5393961546	1447345546
1816532345	1447345547
1832061654	1447345551
1727125237	1447345575
1627110763	1447345618
2874812652	1447345620
2423391605	1447345635
2679035284	1447345638
3276897671	1447345641
2946266313	1447345649
1853778781	1447345669
2575078970	1447345693
3234064640	1447345703
1711196554	1447345732
1959384041	1447345793
2695752592	1447345800
2993347985	1447345837
1919998404	1447345848
1975099663	1447345924
3250335595	1447345984
3128876977	1447346067
2013844283	1447346106
1775103591	1447346126
5339769339	1447346136
1367286755	1447346140
1779763355	1447346190
3032266142	1447346219
2769421520	1447346308
1879288581	1447346327
1797266522	1447346386
3966027305	1447346400
1419157155	1447346415
3966027305	1447346428
2998130741	1447346653
3877559728	1447346739
1403184422	1447346745
3225237145	1447346745
1731223544	1447346758
5750629676	1447346761
5314750010	1447346859
1747964825	1447346865
3493990624	1447346878
5586233111	1447346888
1877062457	1447346947
5292664987	1447346955
1842600327	1447346969
5651621220	1447346970
2856077397	1447347017
3934870638	1447347079
3081379603	1447347109
5501731202	1447347173
5501731202	1447347177
3923946080	1447347191
5726475654	1447347257
2111286210	1447347274
2105479462	1447347276
1806115263	1447347292
1853028960	1447347363
5706369516	1447347613
5620751996	1447347639
3827808893	1447347648
1850441697	1447347842
1815338437	1447347944
2696542743	1447347954
5210863082	1447347980
2201135175	1447348280
1728148394	1447348316
3018071081	1447348351
1973599211	1447348396
2487078295	1447348511
2633205131	1447348925
2445029701	1447348946
1965087873	1447349038
2817456671	1447349081
5034309125	1447349098
2642209801	1447349120
1730995037	1447349193
3216374575	1447349205
2010823022	1447349209
1762907053	1447349354
2709083250	1447349377
1707171980	1447349444
2068968741	1447349460
2112979437	1447349678
3152257670	1447349770
2094221161	1447349771
5035218093	1447349810
3930679903	1447349848
2196304667	1447349870
3953319161	1447349885
2825394653	1447350131
2104473774	1447350200
1954175615	1447350218
5276780707	1447350305
2691426041	1447350501
3894995230	1447350510
1976602643	1447350587
1609566942	1447350799
1645694514	1447350897
1765659364	1447350927
3211767194	1447351173
1737319134	1447351279
1878651572	1447351627
5240233468	1447351796
2108109643	1447351811
3518794755	1447352412
3148493715	1447352432
2682517305	1447353077
3270901223	1447353465
1931111707	1447354260
1732948104	1447354342
1835287821	1447354771
1010242051	1447355108
1729597392	1447355235
1302777033	1447356492
2477516523	1447356817
1772647452	1447356887
3146925282	1447356905
2004729391	1447356927
2678620920	1447357300
1807185991	1447357556
1705930227	1447357571
2552887913	1447358312
2810690793	1447358369
2283329792	1447358417
2375805944	1447359232
2876585142	1447360059
1742716564	1447360240
5225711728	1447360902
1702800212	1447361020
3929546245	1447361234
3232656272	1447361797
2044733550	1447362092
2624139647	1447362339
2035189453	1447362419
1763240162	1447362758
2317276605	1447363733
3231379310	1447364010
5716321514	1447364273
2770574501	1447364610
1788699405	1447364757
5712146264	1447364908
2344863640	1447365025
2812240373	1447365166
1658109665	1447365447
1927849057	1447365872
2633071371	1447366399
2070427554	1447366725
5562406609	1447366746
5014521009	1447366957
2141932230	1447367020
1892776581	1447367194
3058315143	1447367235
3058315143	1447367238
5404863045	1447367531
1667561542	1447368442
3263291284	1447368523
5147384719	1447368602
3045457117	1447368618
1603047732	1447368621
2786950015	1447368685
5277182915	1447368833
1157457304	1447368936
5374495174	1447369138
2918471435	1447369190
1713020805	1447369349
2437024863	1447369477
2239860675	1447369530
1653681750	1447369676
2883547247	1447369765
1787289145	1447369951
1563569333	1447370017
2610268334	1447370034
3863394307	1447370085
3024293267	1447370107
2727606757	1447370132
2161014775	1447370165
1863888271	1447370181
1954161000	1447370208
2424806857	1447370332
2953147362	1447370361
1827938783	1447370494
2914082995	1447370536
3946203095	1447370638
1585885635	1447370778
2900161207	1447370797
1988837497	1447370907
1038657144	1447370921
2502319212	1447371310
3099446127	1447371351
2183843174	1447371404
1415304320	1447371495
1882837624	1447371552
2129135645	1447371561
5055966117	1447371567
2154619434	1447371604
5511803346	1447371655
1808362543	1447371828
1630613172	1447371884
1802264303	1447371897
1711526521	1447371933
3899153979	1447371962
3214137594	1447372067
1759184943	1447372088
2016813203	1447372174
2188608147	1447372214
2536607037	1447372261
5024374263	1447372268
2870765600	1447372352
3089394157	1447372383
1362415974	1447372418
1222083600	1447372442
1677161884	1447372453
5225480952	1447372619
1948204890	1447372667
5124991641	1447372698
2692676623	1447372761
3131782687	1447372782
1843501004	1447372831
1813513095	1447372851
1245030105	1447372854
2294505600	1447372947
1263268691	1447373025
2544012962	1447373066
3216399964	1447373090
3407093532	1447373136
3592699311	1447373177
1375784720	1447373203
1904760817	1447373421
1760001531	1447373554
1259825637	1447373568
3144523527	1447373664
1806254952	1447373665
3730958615	1447373823
5545065893	1447373865
2021075497	1447373976
2396203371	1447374014
2990820533	1447374054
5028474947	1447374090
3959820514	1447374095
1944310181	1447374112
2330121163	1447374128
3297530424	1447374143
1963401861	1447374155
1980113091	1447374157
3191180997	1447374188
3819570821	1447374258
5727648902	1447374263
2478664297	1447374448
2527817542	1447374466
1442654374	1447374520
5159260513	1447374530
1671339714	1447374685
2119714561	1447374727
3047322983	1447374740
1561205253	1447374841
3816821556	1447374851
1667997203	1447374943
1401945490	1447375002
2576249723	1447375066
2621911071	1447375121
1797734282	1447375166
3218937215	1447375272
2820621532	1447375286
3415248604	1447375315
2993238954	1447375340
3843399797	1447375554
2238505852	1447375681
2794695492	1447375725
3991393061	1447375749
3195529864	1447375774
1714543973	1447375841
1711224883	1447375913
2622198617	1447375946
1709001381	1447376020
1880640913	1447376040
5080934553	1447376054
1775815937	1447376257
1780429640	1447376275
2757694567	1447376321
1710599515	1447376361
3248170091	1447376423
3695646732	1447376423
1717904340	1447376562
1970976415	1447376708
2363315650	1447376747
2121415941	1447376747
2859880772	1447376794
2014486813	1447376825
1741822171	1447376833
1220094840	1447376876
3253123531	1447376903
3256069924	1447377091
2264881470	1447377102
2721497210	1447377266
2109488530	1447377304
3952492522	1447377430
2449921381	1447377487
2164577280	1447377517
1773129044	1447377543
1799314521	1447377676
2237108514	1447377720
2917136123	1447378108
1730208910	1447378266
2486585023	1447378328
1787049843	1447378341
1778751581	1447378546
2321041061	1447378564
3928602758	1447378568
3583992827	1447378573
3480182733	1447378619
2219346922	1447378666
2796954184	1447378694
5336678832	1447378775
2809044847	1447379113
2884774371	1447379223
1726873392	1447379245
3960545131	1447379253
1147941510	1447379356
2926909055	1447379468
5236005831	1447379479
1715455740	1447379553
1406921503	1447379614
2515510882	1447379665
3183391332	1447379874
5090301947	1447379914
1650872974	1447379963
1993446375	1447379975
2537489610	1447380154
5734331829	1447380301
3186779390	1447380325
3543831540	1447380428
2277321131	1447380616
1868700594	1447380931
2793796562	1447381057
3870344279	1447381300
1765624227	1447381446
3184134204	1447381637
3785971070	1447381714
2846042232	1447381886
5230896107	1447382000
1767548510	1447382078
2167331085	1447382149
1787754425	1447382452
5501691882	1447382575
5032840839	1447382579
3795891787	1447382588
5281023015	1447382615
5075872684	1447382658
1722284610	1447382760
2034001154	1447382797
3560816223	1447382891
3202067392	1447383034
3937721884	1447383284
2678573843	1447383436
2997126364	1447383524
2100845677	1447383598
1957740145	1447384074
2745973405	1447384171
3289121304	1447384200
3891318570	1447384208
2415254415	1447384253
2178973053	1447384860
5616645125	1447384986
1867321101	1447385011
2182820884	1447385082
3319446934	1447385130
2349899100	1447385446
3523971393	1447385526
1433342741	1447385641
1823634233	1447385674
2750950653	1447385761
2953450517	1447385853
2082173225	1447385978
2309468720	1447386058
2322869552	1447386129
5314951799	1447386194
5126876895	1447386227
2476951977	1447386701
3241814731	1447386794
2362838317	1447386939
5197600026	1447386959
2304007131	1447387194
1222963514	1447387215
2036040094	1447387366
1807606180	1447387460
3882785348	1447387581
1219342490	1447387589
2950729857	1447387680
2856868230	1447387841
2173812423	1447388127
5024657197	1447388130
2009291403	1447388184
3237518724	1447388381
2688146893	1447388519
5311213955	1447388635
2630812803	1447388850
2262468262	1447389012
2957290063	1447389015
3854661003	1447389431
1038657144	1447389909
5307258226	1447390043
3278175281	1447390128
5316480543	1447390296
2714210585	1447390370
3867601369	1447390503
1972968741	1447390615
2976290497	1447390621
2625601973	1447390788
2094874601	1447390798
3978240894	1447391138
5750478578	1447391147
2316385810	1447391781
3995695487	1447391943
5589903054	1447391967
2886359712	1447392092
3558236151	1447392321
3193336642	1447392594
2380899135	1447392632
1974200770	1447392725
1822994461	1447392732
3889055564	1447392859
1844082591	1447392983
3807478698	1447393268
2549255255	1447393557
5657631062	1447393753
1619322602	1447393792
3319885474	1447393883
2184945921	1447394244
2039405551	1447394387
5024276681	1447394899
1779029714	1447395001
2547854762	1447395106
1849639627	1447395120
3916487175	1447395283
3996139665	1447395330
5045220346	1447395392
2313268961	1447395530
2330538967	1447395609
2563880832	1447395633
5394318815	1447395967
2060974955	1447395969
1832395993	1447395979
1760996077	1447396187
1739982231	1447396549
1687412410	1447396776
5235074560	1447396929
5190934656	1447397719
2288202582	1447397772
1854384962	1447398023
3199387651	1447398039
2867312293	1447398073
2909922367	1447398304
5506318764	1447398345
2751142481	1447399271
2829237355	1447399296
2957734661	1447399305
2884619044	1447399991
2166183400	1447400376
5213156382	1447400398
3317783125	1447400653
2889984660	1447400915
1086627272	1447401610
2374790373	1447401639
2970440672	1447401852
3958562680	1447402280
5385950591	1447402451
1869684401	1447402914
1780993397	1447403647
5392385482	1447404210
1664742525	1447404227
2041750487	1447404510
1748209735	1447404807
3023697540	1447405158
2123019745	1447405248
1674577021	1447405371
5106566492	1447405840
2356206124	1447405930
1346571341	1447406185
2808608472	1447406206
5172115574	1447406452
1933886807	1447406849
3586668332	1447408605
1646776334	1447408614
3179186042	1447409301
2536335301	1447409855
1575869943	1447409996
2964651630	1447410352
5737864954	1447410369
5449552386	1447410428
5756602145	1447410585
1847563511	1447410709
5361044029	1447411194
2604561137	1447412113
1266230777	1447413279
3713068462	1447414196
2305527937	1447414589
3484503244	1447414740
5633431108	1447415090
5220755871	1447417237
5702271432	1447417245
2874178584	1447417402
5104510016	1447418408
3281090133	1447419191
2991715404	1447419344
2493745057	1447420522
2858699033	1447420606
5202813596	1447421407
2163397997	1447422699
1998014545	1447422761
1968304417	1447424423
2829344677	1447424473
2150903611	1447425268
2122969047	1447425701
5307905873	1447426304
1986371325	1447426487
1198570677	1447426740
1774942250	1447427114
5522241963	1447427869
5522241963	1447427931
2369466817	1447428111
5339529595	1447428325
1919955987	1447429027
2073805943	1447429056
1752016943	1447429230
5024034541	1447431435
5536244644	1447433420
3861215938	1447433633
5204091868	1447435228
1283254754	1447436002
5306969072	1447436660
3166208293	1447437037
1644285801	1447439489
3703223424	1447440731
3802261911	1447446320
1404605277	1447451327
2612829175	1447459089
3928044050	1447460029
2749332243	1447460573
2649036563	1447468847
2417392137	1447470435
5690493461	1447477990
2218930385	1447483473
1594303234	1447484036
3142996765	1447487210
5156171239	1447488896
3071924675	1447490602
1738070455	1447492646
2109467810	1447494568
2301654964	1447496225
1645914492	1447499594
2490059721	1447501006
3772823392	1447503205
1707113680	1447504599
1774055265	1447504762
3638043673	1447506822
2654896361	1447508604
3229435073	1447511124
3987669387	1447511730
5637934150	1447513164
3814606585	1447513788
3913701525	1447516519
5460952197	1447517516
2240311822	1447549892
2253892881	1447556409
5750468113	1447556770
2184674647	1447558845
3090552043	1447567866
2899282595	1447570462
1774282082	1447575681
1789488055	1447578471
3341346062	1447579946
2829658107	1447584319
1796628293	1447585997
5181141917	1447598711
5072350907	1447599419
2476357262	1447647804
3933883858	1447655260
5698004924	1447663526
3898844163	1447674572
1889685317	1447675519
1679713003	1447675871
2164430343	1447753245
1650872974	1447754670
2727997424	1447907561
3254491454	1447951205
2908931247	1448014932
1661992020	1448261336
2233016010	1448490009
2338167437	1448937199
2598306880	1450363522
5207644669	1450627086
3675467861	1452322963
