1130677950	1447148311
5140017452	1447148319
5252058725	1447148334
5638727353	1447148366
5718922988	1447148385
5118150455	1447148386
5708407723	1447148423
5681424873	1447148426
5187082517	1447148427
1637641355	1447148437
5281379586	1447148584
5107374200	1447148613
5621707826	1447148700
5710045840	1447148720
5095953296	1447148737
5744153093	1447148746
5160799183	1447148786
3799051631	1447148792
5274415783	1447148820
5537977192	1447148890
3049516800	1447148954
3960024271	1447148972
3302571207	1447149017
3869766513	1447149027
2936169231	1447149096
5255933416	1447149144
2960172053	1447149166
5555659495	1447149199
3190928280	1447149211
1673853625	1447149247
5689193237	1447149278
5055357226	1447149283
3162318285	1447149298
3846629538	1447149347
5672652590	1447149353
2305880043	1447149404
3212572870	1447149444
5705683293	1447149534
5025840273	1447149595
5165479062	1447149622
2010162945	1447149634
5654286170	1447149692
3810838220	1447149722
5743652851	1447149731
5747668111	1447149935
2704295072	1447149968
2814139594	1447149970
2453660475	1447149983
5745242887	1447150028
5241133998	1447150113
1843321303	1447150226
5682029850	1447150229
5699667912	1447150249
5732723693	1447150317
5711793747	1447150408
5460703132	1447150445
5647053345	1447150577
5719109644	1447150605
5404426459	1447150625
5627170923	1447150665
3477987114	1447150687
3890155251	1447150933
5642272344	1447150944
5669787647	1447151127
3027380282	1447151149
5193584657	1447151457
5015006180	1447151494
3915036538	1447151639
5039570314	1447151751
5655692840	1447151911
5664421875	1447151933
5013127267	1447152077
5073551800	1447152232
5499569691	1447152705
5241577969	1447152994
1864087145	1447153058
5349902097	1447153439
5091195539	1447154205
5359171053	1447154209
5284152644	1447154456
1995378185	1447154610
2595325745	1447155094
5592039546	1447155283
5534462105	1447155299
1786763097	1447155366
1774487815	1447155876
5620154506	1447156212
5478419388	1447156292
5242463702	1447156378
5592536481	1447156734
2605219431	1447157174
5139494393	1447157194
5114669734	1447157202
5681479547	1447157458
2864542874	1447157760
5700573362	1447157928
3674094953	1447158411
3207851670	1447158943
5232981939	1447159006
3914224055	1447159097
3759954704	1447159737
5370098651	1447160045
5387939306	1447160329
5015025758	1447160854
3405330710	1447161412
3592054592	1447162504
5155225333	1447163005
3965215473	1447163007
3889962554	1447163289
1000333601	1447163748
3908634350	1447163909
3741496461	1447163998
5532086097	1447164284
2703963251	1447164451
3921060598	1447165138
5683879307	1447166381
5659401642	1447167031
5174158182	1447167214
5533733175	1447167371
5266062311	1447167801
5145787872	1447168807
5630776265	1447169300
2447326010	1447170200
5416746499	1447172726
5106373664	1447173052
2921659117	1447173307
5520274925	1447175953
2593310625	1447176086
1018216765	1447179489
5121696680	1447187984
5608661883	1447197247
2688342651	1447200103
3562026462	1447203400
3028481757	1447209668
2685250197	1447252110
5613099181	1447261262
2026577485	1447261302
3806964889	1447418330
2315381633	1448040854
