2656274875	1448063403
2114015321	1448063420
1296286385	1448063426
5672449958	1448063426
5553218360	1448063432
5709594054	1448063437
5597684190	1448063444
2778844717	1448063452
2021689783	1448063454
5686992068	1448063457
5238546730	1448063465
5677095968	1448063468
5012549532	1448063469
1572892363	1448063470
5763304338	1448063471
3265533444	1448063476
5160363700	1448063477
5448562941	1448063481
2040760525	1448063483
2267227205	1448063484
2748223284	1448063487
3951687563	1448063494
3962649470	1448063496
3267086592	1448063497
1909830845	1448063499
2805398123	1448063504
1970594791	1448063512
5767581248	1448063512
2696138111	1448063518
3034859301	1448063518
1980833951	1448063520
1828931474	1448063521
1810491813	1448063522
3616223793	1448063527
5728951326	1448063532
3036523024	1448063537
3082880437	1448063538
1997879407	1448063538
2953989400	1448063542
5701794691	1448063542
1802638937	1448063544
1450853437	1448063546
2011910513	1448063548
5332863616	1448063548
1743139620	1448063551
5000208457	1448063556
5410985123	1448063562
3981733254	1448063564
2357256535	1448063565
1893993422	1448063565
5177834270	1448063567
5333010636	1448063569
1722773284	1448063570
1922639280	1448063573
2564414861	1448063573
2393168641	1448063573
5733225548	1448063574
2256534541	1448063575
1080586460	1448063575
1915343015	1448063575
5589281967	1448063576
5532942017	1448063578
1852531293	1448063582
2139857362	1448063583
1902954025	1448063585
3290708335	1448063590
3745448452	1448063592
3593015025	1448063595
1839642500	1448063596
5465148422	1448063598
2938970652	1448063598
5029454114	1448063601
3489942090	1448063603
3976550410	1448063614
2958500301	1448063617
2599656642	1448063621
5239916702	1448063622
5758258377	1448063622
5462835864	1448063626
2773674460	1448063627
3540932287	1448063627
2778504427	1448063627
2482019187	1448063630
2302468665	1448063631
2502939192	1448063632
5284719424	1448063633
3307392057	1448063634
2648566262	1448063635
2265277113	1448063637
3603642407	1448063641
5177855912	1448063649
1084248273	1448063651
1969040537	1448063657
3307412723	1448063660
5453953612	1448063662
2515203787	1448063672
2238690091	1448063680
1639228521	1448063681
1849303552	1448063682
5766997785	1448063683
5276504492	1448063685
1303018412	1448063688
5334104166	1448063688
1136093815	1448063690
3960258305	1448063691
3535349434	1448063692
2406174205	1448063693
1307673363	1448063694
1223002161	1448063695
5677131700	1448063703
5713135383	1448063707
3187898617	1448063711
5499949396	1448063715
5184419572	1448063716
5683647307	1448063718
2429534764	1448063723
1918329657	1448063724
5285882294	1448063727
1438634914	1448063728
3879596351	1448063728
2859543784	1448063739
5759285266	1448063740
1345727452	1448063741
3170812443	1448063746
2611997241	1448063747
1763030525	1448063747
2505272954	1448063752
3226125691	1448063756
3172885231	1448063761
5679073286	1448063762
2470891770	1448063767
5394854035	1448063768
5694387198	1448063771
2568579197	1448063771
1936648402	1448063775
2214675495	1448063775
2988718337	1448063780
5088139310	1448063788
2916670730	1448063789
1770560714	1448063790
2717743584	1448063791
2131809352	1448063796
5663203160	1448063797
3848625383	1448063799
5639619400	1448063802
1256722093	1448063803
3023370012	1448063803
3208487695	1448063809
2524829045	1448063810
5738727417	1448063813
5577173176	1448063813
5176777830	1448063814
3254429637	1448063815
3625599681	1448063820
2319018991	1448063824
1821751010	1448063829
1724627371	1448063830
5285360889	1448063849
5242037768	1448063858
2400916867	1448063863
2680541444	1448063870
3174048592	1448063876
2288935397	1448063880
3700152147	1448063883
1043410621	1448063885
5309023405	1448063887
1868540322	1448063892
2954606633	1448063893
3304360473	1448063894
5369712722	1448063899
2213940711	1448063901
2054212017	1448063904
3465616480	1448063905
5577435389	1448063907
2359656722	1448063910
2675617364	1448063911
3020125897	1448063911
3219143507	1448063913
3169464620	1448063917
5072883255	1448063919
5696441771	1448063922
3349974474	1448063923
2492157421	1448063926
1428205573	1448063928
5558263322	1448063929
1841117957	1448063930
1749111663	1448063930
2472609974	1448063935
1428205573	1448063938
1586862970	1448063944
3758866070	1448063950
5202617739	1448063952
3311073671	1448063955
5682004602	1448063959
2184974705	1448063959
5661641278	1448063964
3888624596	1448063965
5335135091	1448063966
3140270861	1448063967
1699007427	1448063969
3957999868	1448063972
5760677721	1448063976
5067695892	1448063977
1780575547	1448063983
3733058104	1448063984
1802571004	1448063989
3798442802	1448063995
2996142023	1448063996
5113484030	1448063997
5053996456	1448063999
2276242045	1448064000
5085378592	1448064000
3071440317	1448064010
3248146274	1448064010
5631925026	1448064015
2402749230	1448064024
2641582291	1448064024
1751892411	1448064026
2451946993	1448064027
5061668711	1448064029
5119015673	1448064030
5723555413	1448064031
2846940163	1448064035
5536255028	1448064037
5032156424	1448064049
1649210013	1448064051
2033113235	1448064056
5671059894	1448064060
2805971624	1448064064
1778118597	1448064070
1992073581	1448064071
5173417134	1448064075
3811338565	1448064075
3356192190	1448064090
2382215723	1448064112
5019657363	1448064113
3229482017	1448064113
5185344011	1448064116
1043695144	1448064116
5384155777	1448064119
5487515403	1448064124
2381763510	1448064125
5761143143	1448064125
5684787005	1448064136
1862319527	1448064147
3088765141	1448064148
5107740323	1448064149
3736625945	1448064159
5638049811	1448064164
3800081825	1448064166
2076949351	1448064173
3252198645	1448064175
2445939781	1448064184
3085292112	1448064185
5160043039	1448064193
3382938784	1448064204
5598627198	1448064210
3993429043	1448064210
2046606091	1448064215
1824692883	1448064218
5605710775	1448064219
2733838594	1448064221
3814364680	1448064226
5642693504	1448064227
3839170743	1448064231
1775046052	1448064243
1864299821	1448064248
1964323134	1448064251
5079533340	1448064253
3991034232	1448064265
5271760741	1448064270
3547290071	1448064273
3024683287	1448064288
5581465204	1448064289
2255749524	1448064292
5244160936	1448064295
5500820864	1448064299
3261486000	1448064305
1767721231	1448064315
3824067126	1448064316
1839619253	1448064317
2792425505	1448064319
3800326273	1448064321
2917180383	1448064331
5680395486	1448064338
3754835467	1448064338
1753062781	1448064349
1113213541	1448064356
2651445520	1448064358
3814991110	1448064360
1839577071	1448064360
1781198381	1448064366
62062660	1448064368
1335136082	1448064369
5062750800	1448064373
3137384213	1448064374
2446419221	1448064375
1558470775	1448064376
2828381515	1448064378
1233865183	1448064390
1860836284	1448064398
3743306200	1448064407
5443332610	1448064409
2904914242	1448064415
3358517544	1448064415
1709509580	1448064421
2871474391	1448064422
2211973053	1448064427
2997445902	1448064428
1927451771	1448064430
2423389093	1448064443
5250389368	1448064446
3506758563	1448064449
5170306446	1448064449
5689469340	1448064459
5668214864	1448064464
5078359967	1448064465
3681790172	1448064470
2748686223	1448064475
2236346212	1448064479
2014044707	1448064491
3282042505	1448064497
5036014033	1448064499
3957678270	1448064512
5689007741	1448064513
1908475791	1448064517
2557944107	1448064521
3245072901	1448064522
5414452293	1448064522
1770112961	1448064531
3673075723	1448064534
1669655442	1448064535
3261916650	1448064539
3908115070	1448064539
1768079424	1448064559
2872517871	1448064574
5132595907	1448064586
5657903812	1448064594
2955305014	1448064595
2031552113	1448064595
5678033062	1448064596
1000323851	1448064599
1739286030	1448064599
3518159915	1448064601
5252499506	1448064605
3319799300	1448064605
2017532245	1448064608
2103923641	1448064626
2198245185	1448064634
3086989357	1448064636
2288595114	1448064640
3194654783	1448064643
5135963239	1448064646
3923997165	1448064646
1825311525	1448064654
1045230805	1448064659
5018597156	1448064663
3315856460	1448064675
3866363158	1448064683
2989050635	1448064686
3893726695	1448064687
3363417540	1448064690
1972139373	1448064708
1693315600	1448064717
1801543175	1448064722
2398524413	1448064731
3493551913	1448064733
3313874313	1448064733
5660984402	1448064734
2695655871	1448064738
2516277287	1448064739
2865700920	1448064741
3954158502	1448064747
5108717327	1448064752
2380748211	1448064755
2196630351	1448064755
2463501257	1448064764
2806827192	1448064768
5437835263	1448064778
1886448311	1448064780
2658767300	1448064788
5089646619	1448064803
5483855712	1448064807
2328629365	1448064808
5687183238	1448064811
5350314586	1448064812
2704242415	1448064813
5284178733	1448064815
5026272010	1448064821
2977643697	1448064835
3198348112	1448064845
2071361347	1448064850
1693540643	1448064852
1042579193	1448064874
3897001964	1448064874
3731920265	1448064878
5236004105	1448064880
3931463504	1448064882
5695767129	1448064894
5512193730	1448064899
5106273529	1448064913
5217207748	1448064914
5272046120	1448064921
2891898242	1448064927
1405980830	1448064931
5538613492	1448064933
2210753584	1448064933
1830439832	1448064937
5463953842	1448064948
2747760423	1448064958
2386220951	1448064958
3517879937	1448064963
5327302380	1448064990
3524326521	1448064993
2906771095	1448064997
5733036334	1448064998
5388376545	1448065005
5319105978	1448065012
5457124182	1448065017
5036843120	1448065022
5312774925	1448065024
3218393733	1448065027
2697546544	1448065036
5410168968	1448065041
2153603512	1448065042
2049561852	1448065044
2197270887	1448065046
2372240374	1448065059
1557202580	1448065063
1773322444	1448065074
5264628968	1448065077
3579229385	1448065078
5436233475	1448065081
1323740922	1448065083
2095178741	1448065088
2684164971	1448065109
2667975421	1448065111
1736053217	1448065111
2292774727	1448065118
2434150692	1448065118
5201723241	1448065119
3981307784	1448065126
3171336137	1448065130
5392316631	1448065138
3273501205	1448065141
1737224275	1448065145
5635996352	1448065150
3508543591	1448065154
2480520461	1448065159
3608723831	1448065162
3973237061	1448065163
3688828990	1448065173
1784853431	1448065183
2631035991	1448065184
3612662690	1448065186
3289156245	1448065191
2429982167	1448065207
2604596547	1448065210
2805519440	1448065217
5704769241	1448065230
3810077776	1448065249
3113610307	1448065249
5439293791	1448065258
2705766945	1448065265
3418193480	1448065294
3779600107	1448065304
5173789336	1448065307
2437934580	1448065309
1781882823	1448065315
5638004591	1448065346
5105159801	1448065349
5589420398	1448065352
2399715053	1448065361
5611494245	1448065364
3723391255	1448065369
2812479237	1448065386
3263710034	1448065398
3315429422	1448065398
3390913232	1448065402
2949409762	1448065405
2050503631	1448065408
1947903114	1448065409
5334296733	1448065425
1832808677	1448065431
5351134392	1448065435
2944276353	1448065443
2466268263	1448065452
3465618264	1448065456
2686104811	1448065465
3716580397	1448065470
1959241132	1448065481
2994024662	1448065483
2371046154	1448065506
3730868181	1448065522
5255607429	1448065531
3224155494	1448065531
5460560947	1448065534
3195391611	1448065543
2197928442	1448065548
5350330119	1448065556
2371895453	1448065558
3871688794	1448065559
2824170703	1448065561
1809078142	1448065562
1752962284	1448065565
3268443454	1448065572
5710606639	1448065574
2165235154	1448065585
1719610692	1448065590
5184826739	1448065590
3986130463	1448065591
2524241885	1448065598
1984379643	1448065606
3294787974	1448065625
2550950864	1448065638
5204356360	1448065640
5317724080	1448065646
2416899811	1448065646
1264951061	1448065664
5303592168	1448065674
1686750397	1448065677
1357158085	1448065682
3717682592	1448065684
2216353921	1448065686
3026897844	1448065688
5662829150	1448065704
5763792805	1448065712
1765235983	1448065731
2219533293	1448065736
3979301800	1448065740
5075777741	1448065741
5650049546	1448065749
3482954301	1448065753
5702297610	1448065757
5045762898	1448065759
1617035727	1448065770
2020931601	1448065772
5321919519	1448065777
2981506102	1448065780
3957138888	1448065784
1280691465	1448065794
5445735214	1448065795
2042261927	1448065802
5474934420	1448065809
5207798738	1448065811
2219207997	1448065813
3237445217	1448065813
1986225223	1448065819
5446613818	1448065852
3093912115	1448065853
5197258354	1448065861
3244760223	1448065895
5333263249	1448065901
3235846170	1448065915
2783936635	1448065919
2127176563	1448065922
3860177897	1448065928
3319641514	1448065938
2720192314	1448065942
3257989884	1448065947
5342875314	1448065950
2152251132	1448065952
5540375071	1448065953
2575700417	1448065968
2541484905	1448065968
1095986131	1448065990
3958571639	1448065993
5462310303	1448066002
2526529975	1448066006
2670749443	1448066008
2961264973	1448066017
2808149110	1448066022
3162217573	1448066025
1416593565	1448066031
5401411900	1448066045
2369695052	1448066055
5708143168	1448066060
2032966194	1448066079
5019029578	1448066080
2969374597	1448066082
2668457767	1448066093
2931075642	1448066103
1598829567	1448066105
1923390030	1448066106
5131243407	1448066112
5590209863	1448066113
1352845300	1448066119
5577222993	1448066124
2139203923	1448066161
5371086338	1448066164
1250946600	1448066165
2963342763	1448066166
1670987801	1448066178
3592624971	1448066188
2080562265	1448066193
5053060304	1448066196
2363280991	1448066199
5639590645	1448066204
2327384913	1448066215
2879953607	1448066215
3949668163	1448066224
5328012365	1448066231
5268348754	1448066235
2165492867	1448066236
3280018442	1448066241
5307043464	1448066254
2484909771	1448066263
1435188522	1448066265
2728812773	1448066278
3195500643	1448066288
5184687760	1448066303
3721166201	1448066325
1668074445	1448066333
1221025474	1448066334
2241811671	1448066337
2872418683	1448066347
1713808990	1448066349
3880503657	1448066350
1231500132	1448066357
5309056503	1448066357
1936553632	1448066359
5497959806	1448066371
3258744294	1448066394
1768425044	1448066394
5474885869	1448066417
1760787427	1448066429
3069543391	1448066439
5291429530	1448066441
5629497632	1448066467
3152081714	1448066470
3730659220	1448066473
3949726682	1448066475
1853813241	1448066475
5581324760	1448066485
2129089020	1448066486
2950554952	1448066487
5349085308	1448066497
2054819661	1448066512
3463887084	1448066519
1658728265	1448066521
3509405004	1448066534
2690540817	1448066573
2675882004	1448066583
2339190687	1448066587
5637884898	1448066596
3508069470	1448066601
1783923292	1448066606
5226370111	1448066607
5253235944	1448066620
2501969967	1448066626
5482898098	1448066626
3902823197	1448066645
2811929190	1448066649
2232625672	1448066662
5516772295	1448066666
5415493032	1448066673
2668568551	1448066677
3500723163	1448066682
1656276123	1448066713
5518846950	1448066719
3080320227	1448066732
2107177911	1448066742
2389702110	1448066750
5685955863	1448066763
3873519911	1448066774
1311722052	1448066775
1949305023	1448066777
5715925646	1448066783
2294002043	1448066783
5588573963	1448066791
1932517892	1448066792
2663235017	1448066793
5747079303	1448066805
1256958285	1448066806
1222561360	1448066808
3206592404	1448066816
1954055083	1448066824
1815540500	1448066827
2923591543	1448066830
1791579757	1448066836
3093184540	1448066836
3219573434	1448066838
3075154717	1448066839
1939333707	1448066856
2447788110	1448066856
5302333413	1448066860
3477916780	1448066867
2855341371	1448066872
1942270305	1448066877
1646424034	1448066878
3166750864	1448066881
5737474516	1448066882
5558907137	1448066889
5502797633	1448066889
5347101655	1448066894
2439128587	1448066897
5612013276	1448066897
5375675217	1448066898
5131659524	1448066908
1902329845	1448066908
1805506664	1448066916
5311923882	1448066917
3284885960	1448066918
5127378961	1448066924
5615930719	1448066937
5678534415	1448066942
3305974062	1448066945
3963438827	1448066954
1222291263	1448066965
2749446071	1448066975
3913753881	1448066986
1583924061	1448066995
1455347932	1448067004
3816361741	1448067052
1980321205	1448067055
3535467592	1448067059
2970734092	1448067070
5626765429	1448067084
3888005136	1448067085
1844902302	1448067102
1918574507	1448067107
5061755676	1448067128
1454380324	1448067153
1804882012	1448067162
2690151865	1448067162
1636372383	1448067165
2867664580	1448067192
3939206929	1448067192
5509812753	1448067212
5517515510	1448067220
5574732736	1448067222
3936507061	1448067232
3665275760	1448067264
2727926170	1448067291
2855223752	1448067309
5142302320	1448067325
3260252501	1448067336
3280711002	1448067336
2037245764	1448067338
2633105313	1448067349
2592753280	1448067354
5146026148	1448067358
2538465670	1448067382
5332636923	1448067393
3247407072	1448067408
5351571291	1448067414
2669168547	1448067420
5365849826	1448067420
1827047872	1448067441
5291788384	1448067441
2501572644	1448067443
1657785723	1448067461
2547614145	1448067481
2872476693	1448067484
2947355751	1448067513
5306410103	1448067519
5603773231	1448067533
5758088157	1448067535
2932106874	1448067542
3220626835	1448067547
1748085891	1448067573
3085137467	1448067579
5754915304	1448067589
2685084654	1448067599
2674380400	1448067637
2186126105	1448067639
5726532047	1448067640
1918892541	1448067642
2576010785	1448067643
2837435485	1448067644
2466995677	1448067660
5199324615	1448067662
3992329977	1448067665
3912085139	1448067670
1632537842	1448067673
5492158430	1448067687
2117160202	1448067701
5405073242	1448067716
3958458916	1448067731
2642047094	1448067749
2799819800	1448067753
2321616774	1448067754
5698256600	1448067809
3212231473	1448067826
5480139766	1448067828
2987960445	1448067856
2954203893	1448067924
3164219325	1448067932
5284145825	1448067959
5523953656	1448067963
3487455794	1448067976
5669480969	1448067981
5323832463	1448067985
1205228231	1448068028
1034731967	1448068030
2327334112	1448068037
5766268381	1448068038
1741427602	1448068041
5756942781	1448068070
5702781328	1448068082
5293571386	1448068087
1619862522	1448068095
1750502487	1448068104
2803019730	1448068113
2624902545	1448068115
2076812151	1448068129
1172032201	1448068138
3796499865	1448068149
3972807005	1448068158
5527589995	1448068160
1652624937	1448068162
1034731967	1448068163
2922584641	1448068166
3731324897	1448068182
1921786700	1448068220
5547790124	1448068230
5754920861	1448068230
5155570941	1448068273
2826354145	1448068274
5511040049	1448068279
3533681963	1448068298
2144726025	1448068315
2840373677	1448068353
2608223021	1448068370
2990440843	1448068372
2412334720	1448068376
5577371966	1448068395
3920019659	1448068401
1268993495	1448068413
2672137691	1448068416
2812110127	1448068428
1413627232	1448068430
5766744442	1448068444
5203743421	1448068451
2326950012	1448068458
5158576885	1448068478
5707094599	1448068494
2072875512	1448068505
3717647244	1448068505
5469654074	1448068539
2918848807	1448068543
3281108950	1448068560
2814973607	1448068589
2149153721	1448068616
1719218281	1448068625
1814556861	1448068635
2642997660	1448068636
5302345917	1448068643
2660184314	1448068659
5517003237	1448068667
2647585733	1448068670
5136473299	1448068717
2631462707	1448068734
1916842051	1448068778
5480391327	1448068788
5318127750	1448068794
5389071016	1448068800
2336657003	1448068825
5763743797	1448068832
5509783342	1448068891
5487378685	1448068951
5507104330	1448069034
2128121214	1448069047
5532643549	1448069062
5574689961	1448069085
2628803625	1448069097
2682318300	1448069143
5288209185	1448069181
5050348886	1448069207
2548190481	1448069215
2809240460	1448069220
5443925986	1448069222
2672687873	1448069231
1731279677	1448069273
2457576183	1448069329
5625200054	1448069402
2814687092	1448069433
5375604826	1448069435
5000785404	1448069469
1795213627	1448069476
2901127865	1448069480
2102939021	1448069492
5188296575	1448069500
2093827211	1448069509
2992878080	1448069596
2579527844	1448069617
5534023236	1448069627
5517288702	1448069665
2238206845	1448069694
1899443207	1448069695
5373361139	1448069703
5209197967	1448069719
1873972433	1448069747
5303212751	1448069759
3666805884	1448069762
5748755911	1448069770
5302753400	1448069776
1250896004	1448069790
5244093551	1448069808
2102219595	1448069817
1706163492	1448069822
3545315983	1448069838
3890230259	1448069857
1750012357	1448069910
3877383393	1448069917
3747733481	1448069971
2664241975	1448070018
2829873793	1448070077
2894423421	1448070119
3597180210	1448070136
2708219695	1448070139
2281843391	1448070172
1438371243	1448070189
3270591813	1448070232
2034712964	1448070269
1714093235	1448070277
5045710981	1448070327
2109422311	1448070362
5199207971	1448070446
5625685228	1448070494
5755971827	1448070500
3589727745	1448070518
3831202769	1448070523
5475080437	1448070527
3205989300	1448070541
1752209610	1448070573
2812965102	1448070589
2257438440	1448070598
3249941704	1448070602
2446252553	1448070602
5673836800	1448070608
3941294399	1448070616
2346392761	1448070625
3262338272	1448070646
5174381056	1448070677
5744385423	1448070684
5677761241	1448070692
1842307347	1448070708
3516915803	1448070731
5050448952	1448070807
1349904145	1448070831
1909693761	1448070851
3861612336	1448070856
5429460184	1448070872
5110475857	1448070918
5721797790	1448070953
2802838990	1448071003
5680394155	1448071040
1752051882	1448071072
2866732954	1448071076
3233458170	1448071085
5715920340	1448071090
3818888566	1448071094
3901366558	1448071126
5211654271	1448071140
5093072059	1448071175
5351799917	1448071234
2820291954	1448071288
1955186261	1448071325
1098681953	1448071337
2126731537	1448071339
3234918202	1448071370
2594986464	1448071392
2377327190	1448071454
2060660252	1448071458
5755843734	1448071501
2170609873	1448071549
1068769334	1448071570
5657285377	1448071627
5347276865	1448071654
2433519245	1448071734
3073376811	1448071775
3904868475	1448071783
2661387813	1448071814
3291618700	1448071845
2941382920	1448071873
2831570944	1448071891
3180544362	1448071983
5515929900	1448072016
1762579522	1448072081
1284019981	1448072105
1274169295	1448072130
2306240243	1448072154
5587885898	1448072178
2813677850	1448072198
5648636255	1448072201
2808165330	1448072210
1850884377	1448072272
3850846536	1448072276
2653363004	1448072292
1280741190	1448072294
3971470072	1448072367
3665652015	1448072420
5578863046	1448072496
1269465587	1448072568
5115690581	1448072568
5564203667	1448072580
2251067574	1448072613
2379478255	1448072633
5437131554	1448072709
5652128363	1448072736
5699963803	1448072833
3970728190	1448072840
1965484415	1448072908
5405704561	1448072917
2494883767	1448072934
1547212497	1448072952
1899584575	1448072968
3181178845	1448072968
5177914333	1448073027
5227740678	1448073067
2306177694	1448073120
1936345292	1448073295
5758528973	1448073304
5735433205	1448073386
2230167203	1448073428
1358559077	1448073459
3883456610	1448073462
3554187400	1448073493
5546314320	1448073518
5063490324	1448073551
2781563075	1448073552
3696105517	1448073592
1809580411	1448073645
5689153300	1448073737
1853056051	1448073806
3755151360	1448074001
3974403686	1448074071
1853056051	1448074134
2699533414	1448074250
1736628967	1448074314
1853056051	1448074330
1964259761	1448074335
3341733770	1448074385
5055064078	1448074411
5164074449	1448074466
2650156073	1448074480
5184318231	1448074502
5767387954	1448074509
3503915157	1448074527
5650972856	1448074657
2782691253	1448074680
2501982862	1448074681
5052191143	1448074683
5662852572	1448074709
1746355724	1448074729
2716323003	1448074730
1751897447	1448074836
2012229034	1448074841
2509583953	1448074844
5643515595	1448074916
5147261086	1448074967
5539438178	1448074982
3862758220	1448075006
2530796853	1448075013
2291846491	1448075024
5738048662	1448075037
2955795093	1448075148
3769420941	1448075184
3169673967	1448075315
5520471644	1448075321
2286974611	1448075321
3219361991	1448075347
3518305824	1448075632
3132322135	1448075698
5020967707	1448075764
3195771910	1448075784
2697159405	1448075824
3260865592	1448075841
2327502467	1448075961
5013338087	1448075989
5121689832	1448075995
1749991291	1448075996
1544592961	1448076147
5750325442	1448076269
1624700462	1448076313
3764134391	1448076355
3627104701	1448076395
3099014853	1448076449
2711415143	1448076473
3277496974	1448076505
3940249748	1448076723
3764823951	1448076781
2415160190	1448076783
5265149010	1448076799
3016882601	1448076801
2697132503	1448076885
3529747644	1448076954
2881799684	1448077333
3213104515	1448077337
2762765731	1448077372
1196221333	1448077432
3295485557	1448077535
3912277772	1448077690
5764465912	1448077736
3198204070	1448078140
3884770119	1448078153
5368631755	1448078222
1549663705	1448078270
5578412471	1448078281
3024695942	1448078386
1105889273	1448078518
5340203514	1448078537
1835819684	1448078564
2605305734	1448078643
2210718562	1448078651
1837618242	1448078661
5709869498	1448078663
3856589706	1448078689
3148785330	1448078796
2359072430	1448078805
1225703781	1448078894
1314154460	1448079270
5505303392	1448079279
3298027002	1448079385
5199870660	1448079398
3826261088	1448079497
2927833961	1448079553
3211637067	1448079654
5445363771	1448079732
3573797490	1448079942
2667971894	1448079963
2964845107	1448080196
3564362413	1448080507
5642570540	1448080519
3489937410	1448080599
3672293717	1448080649
2670996264	1448080666
2658287071	1448080759
2962069775	1448080848
5184419572	1448081007
3841441675	1448081141
1401444174	1448081216
2276611667	1448081275
5201330490	1448081289
1310864232	1448081452
3315890172	1448081460
3093157835	1448081567
5066164876	1448081612
3468372884	1448081705
3873197703	1448081976
2193626022	1448082051
2609339185	1448082149
3489717094	1448082340
3681959777	1448082426
5557400245	1448082448
3974417459	1448082756
5617801499	1448082827
5736398159	1448082847
2653573527	1448082968
2843897033	1448082994
3040890633	1448083071
2396378783	1448083099
1657219272	1448083187
5214586215	1448083236
2396378783	1448083256
1605049247	1448083279
1957745057	1448083527
2785415924	1448083529
2857937914	1448083706
2178428960	1448083763
5684642991	1448083910
5738057960	1448084163
1971414604	1448084473
1886253591	1448084498
1842258052	1448084524
2236547535	1448084606
1901878575	1448085232
5271452326	1448085616
5512229867	1448085821
1764978884	1448086048
3182205984	1448086220
5436298686	1448086824
2437066467	1448087039
2817664630	1448087468
5708730793	1448087645
3887071429	1448087820
5699075359	1448089240
5706671390	1448089391
1855965373	1448089440
2219057005	1448089536
2610107384	1448089553
3217971320	1448090151
1775964835	1448090478
1158727301	1448090539
3206220995	1448090640
3186514720	1448090716
5049463854	1448090992
1082454871	1448091652
2656274875	1448091917
5026330849	1448091936
3241352154	1448091941
3691153993	1448091955
2941881751	1448091958
1274823430	1448091959
3826911824	1448091960
1280514824	1448091964
5688868631	1448091968
2270087683	1448091970
2658996365	1448091973
3155939395	1448091974
5055017647	1448091974
5433980170	1448091978
3483271995	1448091981
3772467737	1448091984
5140116564	1448091984
5666988656	1448091987
5255585435	1448091992
1869546104	1448091994
1785348453	1448091995
2397728803	1448091998
5655581693	1448092000
2882690474	1448092001
1646304805	1448092001
3086195633	1448092002
1786691845	1448092004
2665702681	1448092004
3267039474	1448092008
5681520290	1448092013
3630313364	1448092015
5765503779	1448092018
1963273643	1448092025
1785781557	1448092031
1115521125	1448092035
2658996365	1448092036
3814991110	1448092047
3846312458	1448092051
3515557875	1448092055
2014097637	1448092057
5585319757	1448092061
2860967384	1448092064
3177509081	1448092066
1148405140	1448092068
2601189201	1448092070
2608301035	1448092072
5614496815	1448092075
3486671181	1448092088
2124795870	1448092088
1796474812	1448092089
2440902701	1448092101
5700120029	1448092115
3265133402	1448092120
5299216921	1448092121
2667290071	1448092126
2275855087	1448092129
1856058025	1448092130
3249572895	1448092130
1751487772	1448092131
5517816546	1448092137
5663766296	1448092138
5648563288	1448092141
3465386262	1448092149
3839170743	1448092157
2364113510	1448092161
5075593506	1448092162
2904692265	1448092165
5596969524	1448092165
1296791241	1448092171
5457516330	1448092175
1279901972	1448092178
2910359555	1448092180
1557569680	1448092183
3037386963	1448092185
5593564465	1448092185
2736845115	1448092195
2695758110	1448092197
5201726186	1448092202
2735456262	1448092211
5718995887	1448092211
5326842074	1448092213
5743818773	1448092217
3540709405	1448092219
2916915605	1448092222
2297108422	1448092224
1765399814	1448092236
1296147384	1448092242
5761130714	1448092242
2655887753	1448092256
5000649828	1448092258
2180803730	1448092259
1573481943	1448092269
1801119853	1448092269
2993327827	1448092273
2639060422	1448092275
5666994083	1448092277
2205472034	1448092280
3598160623	1448092292
5101898825	1448092301
3429964404	1448092308
3705422020	1448092309
1761859217	1448092323
2727113713	1448092324
3433145080	1448092329
1652001534	1448092332
5651982277	1448092332
1733806562	1448092337
5304202739	1448092352
3483831845	1448092353
2842090284	1448092356
1870221507	1448092361
5047721532	1448092362
1392679750	1448092365
1784804361	1448092380
5735225272	1448092380
5114483451	1448092382
3463824044	1448092392
2778082823	1448092398
2217014835	1448092412
1491365023	1448092412
2424976372	1448092416
2861043024	1448092417
1689976457	1448092418
3824880293	1448092419
3818289118	1448092430
5179694033	1448092445
3028597233	1448092480
1056897511	1448092490
5766491122	1448092490
3827154450	1448092498
5117043424	1448092507
2410219381	1448092512
2594079191	1448092515
1347194304	1448092515
2669638011	1448092518
3021315501	1448092518
5532161668	1448092518
3860480236	1448092520
5706744225	1448092521
2995217302	1448092537
5758470174	1448092539
2143913650	1448092543
2682252043	1448092544
5293571386	1448092570
1455636990	1448092573
1357467207	1448092578
3023540767	1448092582
1661944641	1448092591
5012118739	1448092601
2231050781	1448092606
5688002966	1448092607
2417618320	1448092620
3081797613	1448092623
1764049494	1448092630
2838487547	1448092632
2344170721	1448092634
5372718448	1448092655
5326355328	1448092661
2255732205	1448092665
5604504733	1448092673
1646448185	1448092683
5667539649	1448092684
2469879267	1448092689
2478810277	1448092694
2563902545	1448092694
1977373652	1448092695
5708134957	1448092709
5455313511	1448092725
1228449267	1448092732
1640632044	1448092739
5453928522	1448092772
1598503753	1448092777
3447454564	1448092777
2996142023	1448092779
2103086771	1448092780
2130448267	1448092785
2412850385	1448092789
1713847712	1448092791
3876363721	1448092794
5059164685	1448092794
2135987907	1448092802
2694033105	1448092806
1481659343	1448092808
1669959705	1448092810
5269375327	1448092813
5629672048	1448092830
1235550643	1448092833
5105228466	1448092855
2644827551	1448092856
3153143382	1448092858
5617635238	1448092866
1912025485	1448092874
2778197031	1448092881
3215632154	1448092881
2763892895	1448092904
1789089874	1448092906
1969453545	1448092909
2400879543	1448092913
2972625275	1448092936
5297403188	1448092938
3908210297	1448092943
2703374933	1448092956
2138678937	1448092958
5488423419	1448092961
5369698457	1448092964
2895776640	1448092971
1898030520	1448092973
5765343769	1448092974
3224010350	1448092980
1899286425	1448092982
2620420077	1448092993
2255313185	1448093007
2582853520	1448093012
3468372884	1448093028
5211461378	1448093040
5561990903	1448093045
5626114244	1448093060
2864183812	1448093064
5134611041	1448093072
2471789263	1448093093
3172078720	1448093102
5704663605	1448093109
5095953845	1448093128
1104766212	1448093140
2815209477	1448093146
2206055725	1448093151
1961490185	1448093151
1789604752	1448093162
5358243158	1448093166
1761602730	1448093186
5315523490	1448093208
3479993823	1448093211
2153926227	1448093228
3750135505	1448093271
1624664171	1448093280
3015471647	1448093306
2665401703	1448093313
5189437954	1448093335
5373244401	1448093351
5737799468	1448093352
3426703474	1448093366
2381711455	1448093367
5648289511	1448093373
1852651011	1448093380
3193655807	1448093382
3269134865	1448093387
5449320992	1448093420
5532335537	1448093428
1262680204	1448093429
1815042033	1448093430
2451603391	1448093444
3168535532	1448093468
2708438875	1448093472
3818086119	1448093490
3518412623	1448093492
1043643301	1448093505
5398315066	1448093526
2428001277	1448093531
1776842024	1448093540
5478773510	1448093575
5634536917	1448093588
2284387925	1448093596
2988727433	1448093601
5057486969	1448093620
2637275307	1448093625
5752569693	1448093640
3810232652	1448093681
5745124464	1448093694
5350414641	1448093695
5327222432	1448093700
2143861260	1448093705
1095986131	1448093707
5626695604	1448093714
5471781973	1448093761
5637968258	1448093771
5606587394	1448093812
3082409407	1448093814
2817623017	1448093901
2879633962	1448093943
5125850622	1448093952
2411082184	1448093959
2026494843	1448093974
2163305214	1448093982
2218622615	1448094005
5316620518	1448094011
5329224978	1448094014
1624174131	1448094045
2857944333	1448094081
3126058791	1448094121
2683645682	1448094133
5611413588	1448094144
3810853983	1448094174
1539138393	1448094176
2994575921	1448094192
5183316636	1448094207
3895537236	1448094217
1705403057	1448094229
3155333610	1448094231
2335159877	1448094262
2887493633	1448094263
2205981554	1448094266
1667185911	1448094267
1814556861	1448094280
3503266304	1448094296
2263575581	1448094308
2673990351	1448094364
2882472321	1448094384
5122795594	1448094385
1085221533	1448094387
1497094052	1448094406
3050845523	1448094421
5626767042	1448094444
2829594494	1448094445
5213716474	1448094450
2462087940	1448094460
2240325110	1448094465
3985239272	1448094482
2521724181	1448094525
5611671145	1448094536
5639957479	1448094556
2945542127	1448094601
2948305687	1448094606
5636008782	1448094609
5688881277	1448094650
5096311991	1448094666
1442828084	1448094705
5651771286	1448094712
2141762791	1448094719
5364021330	1448094741
1859329157	1448094754
3443851640	1448094756
2637385895	1448094804
3228260505	1448094835
3063132743	1448094890
1401668497	1448094894
1853700845	1448094896
1839300542	1448094917
2196024271	1448094960
1828273661	1448094982
2784829595	1448095008
1547404185	1448095055
1748943295	1448095074
1824133093	1448095089
1821237037	1448095110
5743321431	1448095111
1785903011	1448095125
3181886591	1448095140
2618730682	1448095149
5394301224	1448095150
2211321362	1448095164
5396188092	1448095177
1909467284	1448095202
2645786501	1448095213
3986130463	1448095299
3302445385	1448095310
3814038136	1448095325
2308812582	1448095357
5374244071	1448095375
1823628550	1448095384
2945814211	1448095477
2254508725	1448095478
3743723041	1448095488
5614272284	1448095495
5724614153	1448095507
2060250123	1448095525
3552248433	1448095542
3106396555	1448095602
2214107983	1448095624
5580745612	1448095686
5706919543	1448095698
5647559807	1448095723
5658333291	1448095725
3198282931	1448095775
2477687047	1448095799
2838002197	1448095808
5348178855	1448095909
5604473629	1448095917
2157980307	1448095929
1882010542	1448095971
5590892088	1448095989
2101677744	1448096010
2027981212	1448096035
5617801499	1448096045
3205525627	1448096146
1848000201	1448096166
5387529161	1448096176
5669238649	1448096194
2327633571	1448096202
1573585321	1448096203
2979036274	1448096266
2079989635	1448096291
1731545791	1448096292
3337472952	1448096323
1154384022	1448096342
2984096244	1448096347
3424279814	1448096353
5503764606	1448096375
5203916663	1448096380
2520328602	1448096406
1163566787	1448096436
1704277014	1448096459
2273400643	1448096472
5174049983	1448096534
5182174019	1448096573
1808925075	1448096607
2200531335	1448096611
5174049983	1448096616
3722433784	1448096755
3209032270	1448096760
5263713982	1448096772
2616871990	1448096793
5710285873	1448096812
2842159110	1448096816
1497365913	1448096897
2174978162	1448096948
3436006010	1448097046
2002183727	1448097200
5374535746	1448097224
2187616365	1448097260
5172569268	1448097263
5726026430	1448097304
1823006797	1448097361
5022453303	1448097377
3597322301	1448097431
5445629956	1448097488
5518486665	1448097489
5743288663	1448097505
3848873700	1448097513
5239749696	1448097671
3615671870	1448097732
3810982830	1448097779
5286233602	1448097812
3216641464	1448097826
2091907763	1448097892
2802592295	1448097909
3268289572	1448097928
3319471373	1448097992
3271427170	1448098086
5397046598	1448098137
2685961321	1448098147
2445654300	1448098161
2738253457	1448098173
1929061112	1448098252
3912818818	1448098270
3216345535	1448098310
5177826994	1448098318
3258081095	1448098515
5117310925	1448098533
3084738993	1448098586
1777448587	1448098587
3514944234	1448098668
5677761241	1448098740
3720418352	1448098772
1073126103	1448098787
2330708052	1448098840
2134043180	1448098899
5678033062	1448098901
3213128004	1448098990
85823556	1448098999
3092405943	1448099021
3985639999	1448099057
2706299011	1448099094
5258675111	1448099207
1250896004	1448099364
1853715247	1448099481
5583939170	1448099487
3974322977	1448099526
3981764314	1448099707
5397275875	1448099804
5756392740	1448099857
5653045888	1448099910
2995041304	1448099912
74924920	1448099973
2463195202	1448099978
5253372764	1448099992
5030315834	1448100005
3395212370	1448100015
2404421607	1448100193
2955807743	1448100335
3527873454	1448100365
2955807743	1448100406
2955807743	1448100443
2955807743	1448100490
5189667695	1448100527
5205757354	1448100537
5034657701	1448100559
5189667695	1448100636
3550103201	1448100649
2955807743	1448100666
2925153175	1448100704
5648478905	1448100754
3059896081	1448100766
3991921245	1448100781
3928767081	1448101019
2673181705	1448101071
5401113528	1448101168
5584227734	1448101170
1312222433	1448101217
2401556441	1448101427
3737434594	1448101464
5324689517	1448101635
5729454920	1448101691
5102686412	1448101693
5333263249	1448101835
3238164004	1448101887
5064632766	1448101941
2705385400	1448101948
1962104731	1448102000
5534023236	1448102057
1712543162	1448102081
2950783514	1448102106
5542639090	1448102130
5045710981	1448102180
1654876592	1448102184
3760105570	1448102393
3624406732	1448102465
2730609565	1448102500
5220214679	1448102503
2973753682	1448102512
3843065435	1448102517
1810093395	1448102535
3112339733	1448102581
3903382325	1448102708
5368590475	1448102746
2330337152	1448102781
5111882056	1448102812
1819756191	1448102851
2959017793	1448102895
3098133232	1448102902
2818697375	1448102971
5319806977	1448103026
5234424951	1448103029
5742356674	1448103051
5668155341	1448103068
1773582384	1448103071
2308156187	1448103115
2730609565	1448103125
5624997997	1448103222
2365979012	1448103284
2568692687	1448103302
2564231823	1448103351
2881799684	1448103410
1049049042	1448103559
2293059685	1448103646
2723429564	1448103659
5345725876	1448103662
5234277646	1448103696
3354687110	1448103706
5199480745	1448103729
5315316297	1448103781
5555975955	1448103789
2683272963	1448103975
5650396388	1448103983
3802872114	1448104073
5400292461	1448104077
3639670725	1448104191
1154537477	1448104289
2832206443	1448104323
5750312706	1448104330
2520881593	1448104375
3662712882	1448104406
2174891121	1448104643
5229644993	1448104723
1970149544	1448104860
5353904511	1448105018
2797618264	1448105038
1916245983	1448105042
2643370203	1448105055
2634636714	1448105062
2106840540	1448105237
2004951471	1448105243
2332042655	1448105394
1663101302	1448105395
3477118473	1448105509
1821662484	1448105634
1920165901	1448105689
5314317226	1448105706
5240190637	1448105740
3874801491	1448105864
1585934554	1448105870
1839577071	1448106087
2114492083	1448106211
3374375242	1448106349
5658481808	1448106564
1306534124	1448106608
3304620023	1448106757
5262340424	1448106793
1939468221	1448106832
3841186493	1448106848
5287038672	1448107049
2296647305	1448107226
2141467317	1448107289
3306206101	1448107302
1647076677	1448107352
5486971108	1448107353
2176428653	1448107525
1984105797	1448107596
5566892978	1448107618
5745698747	1448107803
1956797482	1448108586
2854400640	1448108613
5663612162	1448108630
5031679473	1448108986
1841318767	1448109121
5209703476	1448109165
5699924799	1448109190
3200338451	1448109243
5491767243	1448109265
3123756487	1448109434
2210290145	1448109526
3229756705	1448109600
5767405751	1448110036
3227106583	1448110227
1401581782	1448110304
1836313943	1448110508
1641516883	1448110581
2772036367	1448110629
2278121575	1448110842
2664075143	1448110852
2259245364	1448111204
5119692049	1448111472
2093300965	1448111512
3930460640	1448111581
3625514760	1448111592
2729697731	1448111702
2210224900	1448111761
2090563137	1448112031
3165884832	1448112177
5303798676	1448112179
2844054503	1448112405
2567087047	1448112414
2615003711	1448112684
3705743503	1448112742
2817664630	1448112798
5746188738	1448113109
1897065944	1448113217
5201330490	1448113254
2218476963	1448113484
5660922330	1448113527
2316703103	1448113562
5335456933	1448113873
3511117303	1448114200
1162961360	1448114272
3479756090	1448114971
2421924422	1448115070
3970982786	1448115156
5270383192	1448115344
5709537579	1448115616
5129086593	1448115917
1764379077	1448115951
3982046716	1448116147
5723913578	1448116175
2213146282	1448116192
5754096333	1448116243
5034106875	1448116570
2406218533	1448116603
1642485282	1448116634
2122655447	1448116665
3104216945	1448116725
3231704517	1448116911
1863201842	1448116998
2476840617	1448117385
2670032331	1448117750
1792164610	1448117760
1215710581	1448117798
5112651092	1448119131
5536989745	1448119175
3220012570	1448120248
3996786045	1448120658
1941890420	1448120839
5541902723	1448120908
1896420407	1448121300
1074373024	1448121866
2457203895	1448122018
2872089464	1448123294
2792246252	1448123460
2643062443	1448123772
3108425735	1448124019
3816148430	1448124082
2592697830	1448124231
2241231520	1448124314
2949969002	1448124488
5099848417	1448124613
5588573963	1448124936
3309088524	1448125033
3821018994	1448125097
5058179660	1448125609
5118963234	1448126254
5723964813	1448127618
3242630690	1448127667
1836241017	1448127741
3225433310	1448128255
2974015615	1448132722
3962326113	1448132798
1937350312	1448137156
3165563891	1448139348
3674330384	1448139667
2125101397	1448140257
2771080501	1448141184
2674073941	1448146970
1783633124	1448149446
3318977751	1448149914
5544158802	1448150610
2612724475	1448151789
2625668651	1448152269
3333795312	1448152572
2449110425	1448153540
1963453207	1448153939
2521393920	1448154603
5358724852	1448155664
2930318715	1448156066
3983915680	1448156136
5081289139	1448158270
5462814721	1448158356
5164431346	1448159625
3979022706	1448159872
3584825742	1448160325
5517786681	1448160515
1405503201	1448161925
3179724095	1448162230
1827489415	1448162683
2246984740	1448163269
5209537371	1448163987
5634041998	1448164284
3030596720	1448164320
2013639834	1448165653
2417961303	1448165691
3775249572	1448166163
3961035289	1448166191
3912138718	1448166891
2772783951	1448167861
5729394124	1448167943
3179604883	1448169495
5041773426	1448172053
3198210200	1448172248
3671526337	1448173878
1196221333	1448180403
1628910983	1448181195
5754374601	1448184634
5035729489	1448186292
5444485854	1448186949
1111244900	1448193205
1973426251	1448196224
3762285854	1448196648
3385532382	1448199191
3562626265	1448200107
3847952029	1448202057
2675880383	1448203434
1680780714	1448205508
1690162432	1448207438
1706085480	1448208164
2308804362	1448210766
1970168893	1448212099
2681481204	1448231684
1272265173	1448236774
5743824365	1448240302
5410168968	1448246392
2709270560	1448250450
2801826507	1448255239
5446420232	1448264222
5597107262	1448269726
2307159824	1448312158
1785781557	1448345839
5769343294	1448354362
5769413701	1448354717
5769368994	1448354780
5770476905	1448354964
5769814849	1448355589
5769834017	1448355878
5770021792	1448356015
5769810533	1448356173
5769624288	1448356431
5770270939	1448356943
5648295809	1448412494
5759008953	1448437061
3861481839	1448457089
3662289203	1448501116
2210011677	1448514521
5035729489	1448635395
5035729489	1448635454
2198617445	1448694578
2797618264	1448712436
3223780480	1449005536
5398769839	1449459048
5517003237	1450102908
1673738875	1450243862
2812805564	1450368413
5802498540	1450787414
