2656274875	1449734974
1718116340	1449735008
2985694131	1449735011
3171219290	1449735021
3184020490	1449735036
2928059003	1449735037
5186948148	1449735061
2612428351	1449735062
1064382150	1449735073
3159982482	1449735074
5533297885	1449735092
3094061923	1449735097
3270942313	1449735101
2317870097	1449735101
1452549437	1449735108
1084248273	1449735132
2337514957	1449735135
1740638211	1449735138
3151073734	1449735141
3813037653	1449735147
5013018791	1449735153
2441987017	1449735161
1628531284	1449735164
5120938122	1449735179
1991449695	1449735195
1782075034	1449735196
5084739021	1449735229
1130098413	1449735236
2879784925	1449735237
2251585891	1449735249
3870888208	1449735260
2960317893	1449735266
5149425363	1449735271
5711090789	1449735277
2112108113	1449735279
1885815243	1449735284
5600615501	1449735291
1940857671	1449735294
1322843527	1449735320
2416859791	1449735323
3576101304	1449735328
2356563631	1449735328
2872755342	1449735361
2183851032	1449735396
3929081871	1449735398
5078290574	1449735402
1933809477	1449735437
2446324415	1449735465
1148405140	1449735497
2756842465	1449735505
5324368944	1449735510
3575971292	1449735514
3215802390	1449735514
5303351376	1449735515
5664076001	1449735519
5419620002	1449735520
3782260760	1449735556
1251314755	1449735556
2178811917	1449735564
1010367430	1449735575
1652853844	1449735584
2295090544	1449735585
3979301800	1449735592
1046357374	1449735602
2875947407	1449735611
2089991132	1449735611
3857093361	1449735622
3185604330	1449735625
2513499214	1449735642
1608393911	1449735666
2645678063	1449735673
5128950441	1449735683
3192818275	1449735688
3801748517	1449735695
2634432897	1449735743
1819756191	1449735770
1211754025	1449735787
5373940715	1449735793
2177364614	1449735838
2332495097	1449735844
2304483832	1449735845
2309197523	1449735856
1467415222	1449735864
2514521611	1449735959
2763378563	1449735963
3167914062	1449735963
1620661874	1449735965
1272089920	1449735968
3300268192	1449736001
3598617231	1449736010
3876429369	1449736015
5208852678	1449736021
5242442407	1449736046
1626231491	1449736060
3828517108	1449736061
2630697123	1449736092
2694774067	1449736112
2432921315	1449736143
2488096280	1449736155
1869491170	1449736164
2180630333	1449736182
3822048664	1449736192
2656274875	1449736194
3525891100	1449736194
3860052944	1449736204
3860052944	1449736207
2175819662	1449736208
1651700383	1449736210
5056665695	1449736231
2958731995	1449736235
3832924923	1449736238
1420398274	1449736242
3151073734	1449736246
5596153314	1449736246
3166962015	1449736249
5329820746	1449736250
5370997461	1449736281
2237142867	1449736281
1736780207	1449736291
1893897613	1449736296
3379389092	1449736300
2439321273	1449736311
2600433614	1449736311
1784264335	1449736313
2233080773	1449736316
1872171364	1449736317
2196847415	1449736331
5361348029	1449736332
1309045923	1449736340
2694934533	1449736354
2521026624	1449736357
2579680167	1449736358
1811571905	1449736360
2859543784	1449736361
1794894903	1449736361
2908725167	1449736373
3066213245	1449736381
2163030974	1449736383
3876429369	1449736384
2378438341	1449736386
3488429721	1449736394
2931035643	1449736445
1960342091	1449736452
1251635332	1449736464
5045718989	1449736480
2574374407	1449736489
3902803169	1449736495
1407774745	1449736504
2313472052	1449736509
5219564724	1449736512
5514802095	1449736531
2919760971	1449736534
5066626682	1449736538
1826890215	1449736562
2878425404	1449736598
3035941777	1449736620
1880631684	1449736632
1114296084	1449736640
5071448560	1449736703
2093719984	1449736716
1237167363	1449736721
3305612815	1449736750
5227110273	1449736754
2533829311	1449736777
1990387410	1449736797
3255598564	1449736797
5643200098	1449736809
2729070152	1449736812
1408792753	1449736814
3189202374	1449736838
3544172270	1449736852
5515365831	1449736888
5715719882	1449736936
3691023015	1449736938
5750107690	1449736958
1653213864	1449736963
1783925902	1449736981
2589875987	1449736982
3966239562	1449737053
5204195049	1449737085
2795293241	1449737099
2277609567	1449737100
3888970606	1449737141
1794466025	1449737176
5581397857	1449737182
5358120459	1449737219
2619486991	1449737227
5627664364	1449737229
2317033885	1449737251
2620189752	1449737257
3272043651	1449737265
1409228631	1449737273
2026758367	1449737280
2292059793	1449737290
1671112795	1449737305
3193940887	1449737381
5227110273	1449737394
1820151065	1449737451
1906689811	1449737456
3607360230	1449737526
5327749135	1449737535
3807834833	1449737572
2785005402	1449737610
5617582094	1449737617
2470340681	1449737621
1798355352	1449737642
1800484467	1449737644
5747162930	1449737703
3478775452	1449737705
5707198503	1449737909
3367573920	1449737910
5126201461	1449737957
5586084872	1449738000
1884269867	1449738008
2482176185	1449738125
5408181261	1449738150
1167196292	1449738179
5277955685	1449738187
3071929795	1449738194
1769915981	1449738200
3923554045	1449738255
3923554045	1449738274
1962191527	1449738299
3830402943	1449738300
2100487944	1449738321
1064901520	1449738352
2141929171	1449738377
2156451665	1449738412
2015024907	1449738432
1847253833	1449738447
2346765845	1449738454
3806693006	1449738512
5730147707	1449738515
3806693006	1449738516
3220592490	1449738545
5034238452	1449738602
5034238452	1449738606
5255066936	1449738688
1893547043	1449738746
1796082617	1449738747
2017962811	1449738761
3295485557	1449738792
3295485557	1449738797
2991079677	1449738817
5219564724	1449738853
3025116425	1449738934
5189417269	1449738959
1842692433	1449739007
5731259996	1449739068
5328037952	1449739072
2908811845	1449739156
1974055192	1449739235
1768165933	1449739236
5034238452	1449739298
3914193363	1449739316
1803593460	1449739318
1724162307	1449739328
2077322963	1449739338
1803593460	1449739384
3247132242	1449739400
1619543494	1449739474
1931489231	1449739525
1649130184	1449739574
3949494294	1449739788
5327222432	1449739803
5137338359	1449739811
5677794714	1449739862
5779110817	1449739924
1959132241	1449739935
1836042243	1449740019
5608323560	1449740036
3916727340	1449740058
2672687873	1449740103
1778679471	1449740114
1803088597	1449740145
1822524651	1449740185
3234522115	1449740188
3234522115	1449740198
2795500615	1449740232
2104400431	1449740295
3428889292	1449740306
2193850760	1449740339
1890457950	1449740521
3916692073	1449740760
1794490394	1449740777
5668363414	1449740843
5697923420	1449740940
2197270887	1449740992
5727358478	1449741077
3855481387	1449741470
3734971590	1449741639
5062043043	1449741765
5556809690	1449741814
2970561820	1449741820
5283228950	1449741823
3184233474	1449741845
3856725264	1449741868
1980024653	1449741946
2302132381	1449741957
1823130473	1449742012
2047282241	1449742055
3598452240	1449742098
3817043499	1449742119
2646253315	1449742144
1740477695	1449742230
3843378832	1449742358
3736151797	1449742403
3863789055	1449742537
3821892421	1449742694
3736151797	1449742701
5102016325	1449742773
5369597777	1449742971
2879711637	1449743171
1627502873	1449743193
1081685984	1449743202
5709511300	1449743205
1257578494	1449743294
3248381181	1449743361
2936168471	1449743392
3203579722	1449743431
2732199297	1449743452
1268938180	1449743460
3203579722	1449743829
2647756485	1449743837
2818031911	1449743881
2205596851	1449744174
1792849594	1449744249
1667710573	1449744266
2359321523	1449744322
1970898763	1449744662
5399860373	1449744703
3165124147	1449744973
1337842694	1449745214
3180500293	1449745345
2034357261	1449745409
3483570402	1449745440
1701850560	1449745554
2624541197	1449745624
5657682653	1449745687
2902264857	1449745864
2467645870	1449745970
1744562045	1449746005
3483570402	1449746076
1251314755	1449746149
5466450743	1449746220
3008275357	1449746492
1797260567	1449746504
2871471062	1449746517
3420156974	1449746586
5730238964	1449746614
2063482215	1449746834
5693783304	1449747014
5051361380	1449747017
2257146987	1449747049
2045826581	1449747471
2554240192	1449747482
3224466462	1449747515
2060602933	1449747535
1441109200	1449747614
2434879105	1449747652
1616427195	1449747824
2664862065	1449747843
1778212903	1449747866
2415257647	1449747993
3475321732	1449748165
5145827567	1449748295
2254130791	1449748509
5729949777	1449748717
1933174453	1449748889
5213823477	1449749051
3312987613	1449749312
3807077940	1449749481
1642460124	1449749574
1939163331	1449749594
3714097753	1449749607
2747965951	1449749859
2827410871	1449749897
1032217923	1449750172
2387595733	1449750318
1921015695	1449750454
2533721620	1449750650
3596893987	1449750822
1647016404	1449750880
3749018782	1449750938
5346431908	1449751089
2692034343	1449751268
5226296047	1449751437
1792962661	1449751719
2318321023	1449751871
2509567914	1449751913
1569588525	1449751932
5219666989	1449752069
5590123177	1449752154
3587107225	1449752223
3049314263	1449752383
2007336843	1449752551
2302074841	1449752615
1778794075	1449752942
5671090098	1449753006
2421924422	1449753012
1908294855	1449753328
3244801791	1449753446
3235373970	1449753489
5669918654	1449753496
1774842740	1449753535
1804886971	1449753554
3209864701	1449754192
1915943145	1449754700
1803696141	1449754884
1210870297	1449755172
2706762070	1449755250
2930357931	1449755373
3210951847	1449755391
5359389839	1449755502
5236213175	1449755568
3097356372	1449755604
3847524385	1449755703
5483740658	1449755772
5117626844	1449755791
1793587970	1449756372
1659844050	1449756587
1354660955	1449756760
3739951652	1449756848
3950652808	1449757052
3950652808	1449757063
2447786603	1449757280
5528202844	1449757452
5711347701	1449758038
3655164081	1449758070
5780064050	1449758142
5755026050	1449758236
5171860601	1449758261
3674330384	1449758640
5459146966	1449758751
1830063191	1449758846
3747961735	1449759095
2072793451	1449759189
1810318983	1449759454
1645198732	1449760020
1750545990	1449760085
1908132061	1449760096
5310782864	1449760414
2508572261	1449760436
1793029600	1449760629
2001105903	1449760972
1442839543	1449761106
3773878234	1449761143
5025661305	1449761253
5387673398	1449761561
3525753627	1449761689
2480607734	1449761727
2738021847	1449761818
5025661305	1449761883
3089793480	1449761946
1834490524	1449762037
1242075424	1449762193
2910954174	1449762337
5097664438	1449762546
1727426394	1449762705
5246419111	1449762838
2642918341	1449763036
3043913435	1449763377
1944087381	1449764098
1990050015	1449764513
1963719021	1449765213
3164702144	1449786088
5275215814	1449787488
1592571332	1449787941
5465721289	1449788701
5709436026	1449790664
1239110317	1449791026
3732699614	1449791575
5714507363	1449791623
3981806836	1449792052
3168963495	1449792378
3168963495	1449792409
3552195301	1449792815
2415139267	1449792893
3168963495	1449793126
2177821852	1449793329
1681142973	1449793329
3876454675	1449793702
2345430581	1449794549
2339172770	1449794758
2208696621	1449796006
1816588743	1449799853
1682891784	1449801641
1368213030	1449801971
5368631755	1449802442
2251347715	1449802595
3765098161	1449803479
1781570721	1449804452
1948623410	1449805092
5052957414	1449806187
3234313450	1449806373
3051533812	1449810146
2262775455	1449812156
2868871310	1449813771
1653342004	1449815067
3058681745	1449815849
1772792520	1449817392
3227215125	1449818389
5736677083	1449818942
2969345911	1449820369
5743572598	1449820492
3743547115	1449820786
1165278845	1449823345
5400036455	1449824130
3676446771	1449829008
3676446771	1449829032
5382665891	1449842860
5063490324	1449843600
5063490324	1449843614
2872724373	1449846423
1838603641	1449846724
1995093457	1449847626
2708171290	1449910465
3928062774	1449922964
3928062774	1449924554
1112599433	1449967202
3035085791	1449979303
1862312754	1449989969
1448668223	1450008101
5732582284	1450012975
5206965450	1450251584
5171860601	1450707406
5099169178	1451236764
