1974808274	1450503948
1952839317	1450503971
1558578472	1450503971
1920095275	1450503972
1738023832	1450503975
3655628992	1450503983
1650702615	1450503994
1902116605	1450504023
1894033460	1450504063
1667891157	1450504071
3263165090	1450504090
2237273593	1450504133
1928036482	1450504145
1655826343	1450504182
1873873633	1450504188
1965770422	1450504205
1283656883	1450504226
2174767714	1450504244
5253888682	1450504262
3164702175	1450504274
1730905367	1450504278
1346618711	1450504288
1308685594	1450504291
1416871265	1450504298
1698615017	1450504302
1791796317	1450504305
1653402411	1450504339
2003386553	1450504353
1092256740	1450504360
1632709034	1450504394
1448051430	1450504397
3231104542	1450504402
1837069162	1450504454
3178209062	1450504457
1941723697	1450504540
1906698021	1450504622
1844414861	1450504694
1609072452	1450504702
1638891713	1450504737
1774389617	1450504741
2151306095	1450504744
1773477423	1450504782
2477586780	1450504790
1767898245	1450504805
3291173384	1450504808
5193543627	1450504838
1664510832	1450504839
2831083792	1450504851
1581433801	1450504895
2328284404	1450504926
1839846035	1450504945
1424995894	1450504960
2449941754	1450505040
3229652757	1450505092
2969762137	1450505113
1465388284	1450505114
5150094208	1450505148
1231952551	1450505164
1423787865	1450505305
5106202756	1450505368
2651903892	1450505376
5761050756	1450505389
1495033273	1450505404
3307106635	1450505453
1922285637	1450505492
1784067122	1450505506
5632180461	1450505514
2406105472	1450505547
3191256293	1450505599
1703621095	1450505623
1825316347	1450505651
1810853243	1450505674
3737383072	1450505722
1031241325	1450505736
1698313411	1450505778
2660034004	1450505781
1450011327	1450505819
1527228463	1450505856
5015610882	1450505925
2970056481	1450506007
1586943061	1450506123
3167150351	1450506129
1866747261	1450506189
1706277297	1450506231
1916241351	1450506390
1642744491	1450506395
3986850040	1450506432
1732003357	1450506491
1400125325	1450506522
1733805710	1450506660
2424462377	1450506674
2490841205	1450506699
1651956533	1450506776
1992111891	1450506870
1946950657	1450506933
1463507111	1450507024
5111440769	1450507166
2655273891	1450507209
1794481052	1450507308
1302548795	1450507359
1004021367	1450507367
1659415822	1450507368
2169773345	1450507398
3292845665	1450507417
1824683437	1450507654
2510790081	1450507688
1926967095	1450507867
1847654673	1450507883
1979876425	1450507900
2255387362	1450508078
1997436272	1450508107
1773039714	1450508246
1828377851	1450508347
1922764081	1450508423
1497183074	1450508499
1596773733	1450508577
1341857673	1450508779
1652920885	1450508782
1438101854	1450508804
1664435802	1450508872
2420882915	1450509281
2374646055	1450509365
1496855785	1450509491
2046414623	1450509533
1756676031	1450509567
1849038995	1450509767
2548661150	1450509918
3250909601	1450509971
1725856955	1450510288
1081685984	1450510291
1081685984	1450510310
1280473373	1450510569
3499426214	1450510705
1907022402	1450511197
1751480753	1450511285
5146259886	1450511297
1089287783	1450511414
1350352255	1450511533
5597466830	1450511581
2936785263	1450511838
1211811427	1450512057
2014155881	1450512151
1407326000	1450512488
2344851295	1450512890
3816420534	1450513231
3218105243	1450513292
5211494701	1450513342
5454828642	1450513389
3652348480	1450513807
5144979977	1450513843
2747719713	1450514143
5344419220	1450514558
2286831804	1450514841
3236737751	1450514883
1638764042	1450514909
2595820757	1450514991
2892298851	1450515195
1549041851	1450515219
2671354585	1450515639
5589225449	1450515731
2786429632	1450515905
2214245844	1450516025
1270752717	1450516088
5414974784	1450516313
1562963053	1450516430
2336745574	1450516900
3298033090	1450516978
1547596314	1450518040
1203720170	1450518303
2027089335	1450518467
1930221284	1450518541
3635484081	1450518580
3173397535	1450518727
1654085317	1450518832
2373049770	1450519175
2550857793	1450519342
2728992817	1450519413
1890643863	1450519437
1178247714	1450519547
1169254897	1450519648
1410243485	1450519655
2719167753	1450519827
2172029527	1450519886
1663880471	1450520156
1087919360	1450520768
2471746144	1450521024
5634643746	1450521179
1817924694	1450521350
1220091095	1450521416
1076428635	1450521442
1408621512	1450521478
1605894951	1450521718
2258367165	1450521951
2624212351	1450522149
5676983987	1450522947
5124909928	1450523205
5269064528	1450523270
1668674432	1450523434
2001820831	1450523522
2785108962	1450524749
1817699265	1450525403
3314106403	1450526504
1467141782	1450526993
2951693027	1450527117
3795963015	1450527575
1863037441	1450527853
1054259547	1450528434
3756788215	1450529108
1834858960	1450529251
3516737467	1450529366
1758957047	1450530226
1942059802	1450530651
1594259865	1450532326
1313922305	1450532426
2551090765	1450532480
1494068834	1450532516
2430869247	1450532926
2717297431	1450533233
2696513610	1450533829
1762955844	1450534297
2701219914	1450534397
3128185985	1450535353
5166342588	1450535624
1958150662	1450536060
2064429333	1450537952
5707083946	1450538389
2045174343	1450538417
3651309243	1450538977
1139089611	1450539400
1558488347	1450539499
1181584971	1450539976
2891137520	1450547171
1549663705	1450564256
1254423500	1450565383
1890321947	1450567909
3428141494	1450569453
2091345851	1450570321
1303369041	1450570354
1658615490	1450576535
3207218877	1450581056
1976223327	1450583769
1976223327	1450583788
5754117215	1450585504
5754117215	1450585797
1688847832	1450593282
1678110817	1450593867
2691890375	1450600015
2655001551	1450609488
1438005620	1450609727
3800358100	1450627797
2729700545	1450684034
2709704411	1450688458
5121978266	1450688937
1048298590	1450692340
3036032972	1450702076
3970641161	1450757401
5146800156	1450763669
1820313011	1450787711
5238016879	1450858668
2954521243	1451621139
