1974808274	1450493438
2843221864	1450493498
1731803767	1450493529
1219292323	1450493531
5506402551	1450493575
1199103024	1450493587
2253631465	1450493617
1960424694	1450493619
1770469105	1450493681
3480504870	1450493716
2216873095	1450493761
2467226437	1450493763
1866951527	1450493803
3986792437	1450493814
2745605891	1450493865
2548512024	1450493893
1620111344	1450493930
1447411525	1450493932
1680455464	1450493956
1807716700	1450493967
2152619880	1450494000
1710810174	1450494008
3205779107	1450494038
2706944393	1450494041
2588031002	1450494067
1269560063	1450494074
2081635203	1450494113
5054087627	1450494158
2037817617	1450494158
1733467235	1450494166
1260082101	1450494167
1903398782	1450494197
2035953413	1450494275
1219617284	1450494323
1664214760	1450494338
3116596275	1450494354
1165111665	1450494396
2706258262	1450494437
2741854855	1450494580
1652125197	1450494643
1881125090	1450494822
3552168213	1450494845
1735776705	1450494869
5258880731	1450494909
1751497942	1450494942
2111501883	1450494955
1932468252	1450495009
2064416801	1450495054
3552168213	1450495136
5750467935	1450495207
1847310675	1450495256
2823405243	1450495263
1346875713	1450495364
1501770573	1450495365
2272980102	1450495814
3250909601	1450495883
1163271240	1450495924
2116107751	1450495955
1893761673	1450496034
1239763881	1450496273
1653877775	1450496643
1908649357	1450496903
3499082991	1450496960
1723560355	1450497535
2276643563	1450497956
2232622967	1450498224
1000705234	1450498402
1863301421	1450498419
3045966813	1450498627
2305331191	1450498793
2935225193	1450498909
2857249250	1450499538
1773514440	1450499597
3354014474	1450499707
1554864663	1450499895
2627287967	1450500056
1700040413	1450500284
1429119410	1450500601
1226475907	1450500993
2092958394	1450501134
1996095627	1450501632
2711227100	1450501749
2044378722	1450502189
2859723600	1450502444
2174847535	1450503152
1907240517	1450503425
5713523188	1450503711
1948178821	1450504034
2119480687	1450504396
1691730965	1450504615
5334618722	1450504627
5639474975	1450504689
3750763841	1450504900
2116529517	1450504963
1648674143	1450505028
5746594886	1450505402
5106202756	1450505963
1917203415	1450506413
1992040685	1450506961
5384456850	1450507131
5511701831	1450509367
1896932460	1450510404
2374646055	1450511488
2173728430	1450514213
1038459924	1450514652
2074564221	1450515478
1847654673	1450516570
2023754121	1450517775
5513953178	1450518909
2694275722	1450519878
1998701504	1450520392
2453629262	1450526507
2108919400	1450529077
2696342575	1450530630
1887841733	1450530838
2500904807	1450531906
1748606290	1450532145
1692686674	1450535772
1953106075	1450537102
2729723741	1450569722
1746897723	1450608101
2126468844	1450784610
