2656274875	1448959174
1874251335	1448959195
1024633847	1448959208
2635824411	1448959208
5129159945	1448959209
1640632044	1448959216
3741407274	1448959221
3434340754	1448959230
5654392606	1448959258
1968554935	1448959265
5227582820	1448959281
2403788301	1448959285
2285051593	1448959287
1448799372	1448959292
2535894217	1448959293
1414683954	1448959337
1604374865	1448959347
5653223481	1448959366
3217304360	1448959367
2034072480	1448959368
3547884631	1448959404
3227709507	1448959418
1402859635	1448959441
1827201833	1448959446
5662088998	1448959452
1629645295	1448959456
5776199399	1448959457
5413148196	1448959458
5647342299	1448959498
5341858893	1448959499
1819677251	1448959501
2136358530	1448959512
5710123449	1448959563
3023033520	1448959587
3206436153	1448959594
2581167754	1448959597
2188059922	1448959602
1761583362	1448959609
2875423604	1448959621
1781524293	1448959629
1863473097	1448959635
5288193164	1448959644
5491933507	1448959644
5137837686	1448959651
2750804005	1448959659
5207937331	1448959685
2725299163	1448959692
2771702382	1448959695
5165921361	1448959699
3166728952	1448959704
2318304057	1448959728
2107052592	1448959747
5652824747	1448959760
1902461885	1448959760
1856818254	1448959781
2696329705	1448959784
2134406623	1448959793
5357406191	1448959813
1773019392	1448959821
1783784927	1448959839
1578180273	1448959844
2753808645	1448959851
2156451665	1448959859
2466491834	1448959878
2678637497	1448959899
3169815843	1448959914
5323734273	1448959919
5139817472	1448959932
5179514648	1448959940
3814991110	1448959950
2616046333	1448959959
2131979530	1448959983
1905821295	1448960006
2103826711	1448960008
3805746726	1448960028
1104770720	1448960037
2242170251	1448960063
1672703162	1448960066
3672987532	1448960067
2238104701	1448960078
3964890912	1448960101
2727793795	1448960136
5404379777	1448960137
5734627411	1448960143
3839170743	1448960149
1973566625	1448960158
1909577683	1448960180
5352926143	1448960233
1484556153	1448960321
3876161775	1448960343
1787077872	1448960350
1443568347	1448960357
2609494635	1448960390
5118008886	1448960409
2748223284	1448960415
1562913703	1448960425
5102686412	1448960429
2356298087	1448960465
3102077057	1448960477
3544415225	1448960511
3813037653	1448960516
5234388684	1448960569
5473350631	1448960592
3027078140	1448960602
5319442409	1448960625
2044116937	1448960664
5219564724	1448960722
5243891642	1448960722
2427321613	1448960741
3271447757	1448960804
3933996932	1448960813
2772264111	1448960865
1681702374	1448960909
1717537761	1448960964
2273201655	1448961051
5293571386	1448961060
5323734273	1448961071
1670987801	1448961083
3914075428	1448961154
5088501968	1448961277
5711830846	1448961429
5485227174	1448961470
5141139821	1448961538
3535264034	1448961569
2386941954	1448961575
1108054735	1448961668
2243986254	1448961687
1200527221	1448961883
2382664485	1448961928
3592672332	1448961970
1988752325	1448962357
3025273867	1448962366
5651982277	1448962541
2216389112	1448962617
5558435686	1448962666
1700702191	1448962681
2578261081	1448962873
5612255154	1448962959
2318826311	1448963396
3076762271	1448963529
5309019548	1448963540
5693635868	1448963620
3703191200	1448963730
2583321244	1448963825
2366399022	1448963911
1981017961	1448964241
1687739610	1448964302
3828396808	1448964449
1235481400	1448964575
3943199403	1448965215
5310840498	1448965237
3182662530	1448965255
3182892444	1448965373
2281843391	1448965463
5505303392	1448965502
5714507363	1448965665
3812463611	1448965784
5373889589	1448965792
2452687001	1448966049
5637607688	1448966096
3031697851	1448966116
2304514161	1448966500
1401581782	1448966785
1751099314	1448966847
1772250382	1448966899
2258626067	1448966979
5245227553	1448967240
2450701292	1448967270
5134968644	1448967453
2625566700	1448967497
2911338541	1448967583
3947407589	1448967609
2127571737	1448967634
5758449874	1448967755
1869934904	1448967904
5693134404	1448968137
2721562994	1448968715
1841272905	1448968796
2768337673	1448969258
3730151967	1448969622
3734445394	1448969861
2902264857	1448970261
5699719594	1448970940
3539165080	1448971015
3611435072	1448971488
3903305474	1448972245
2011374437	1448974894
1285240653	1448975612
5621421624	1448975709
1787665407	1448976296
3963923819	1448976643
5647932578	1448976770
2079170221	1448976795
3619840125	1448977324
5387526225	1448977649
3953716663	1448978448
1974539664	1448978450
5631744685	1448981386
5634566436	1448988651
2119162504	1448995435
5253536343	1449012728
3346296410	1449014461
2352377175	1449015831
5288193164	1449016360
5056934050	1449017443
3806693006	1449018492
5346458393	1449018582
2509123010	1449018983
5311399838	1449032088
1970922293	1449035534
5063490324	1449036056
5642623383	1449039895
5226296047	1449041896
2969345911	1449043337
5760342345	1449051425
5314470550	1449063835
3060418747	1449107745
5079687116	1449143345
1692775164	1449143596
5594211468	1449922427
5634566436	1449923100
5634566436	1450001209
5634566436	1450149088
3144376857	1450686416
5104725058	1451533043
