3613440743	1448064466
5590854839	1448064498
5746749131	1448064498
5629291783	1448064518
5635883082	1448064535
5750119245	1448064549
5760035738	1448064568
5667407663	1448064595
5749152790	1448064602
5763592566	1448064612
5484451099	1448064675
5689962741	1448064680
5698722888	1448064698
5652832956	1448064699
5639411907	1448064701
5539923362	1448064716
5619721768	1448064737
5648768057	1448064747
5738131044	1448064749
5726760569	1448064777
3187363554	1448064838
5667179761	1448064841
5731023887	1448064894
5722869830	1448064895
5661108237	1448064909
5711150422	1448064924
5654136131	1448064954
5742384776	1448065008
5672671191	1448065013
5639471634	1448065034
5436155537	1448065122
5262610357	1448065157
5763783403	1448065215
2598931505	1448065227
5617601262	1448065244
5764586446	1448065266
5702418547	1448065285
5747869858	1448065294
5756737607	1448065431
3847615450	1448065442
5019013078	1448065449
5763780071	1448065462
5672510275	1448065534
5488113349	1448065643
5619168654	1448065679
3312955141	1448065682
5706390097	1448065691
5751080941	1448065746
5648580356	1448065939
5400063004	1448066019
5763286504	1448066044
3056340097	1448066087
3821720437	1448066154
5705722942	1448066158
5738576070	1448066168
5746767160	1448066215
5766992771	1448066331
2704330011	1448066350
5745009114	1448066399
3013851663	1448066434
2910019721	1448066460
5460253376	1448066495
5460253376	1448066552
5695680876	1448066571
5763595445	1448066622
5737892793	1448066630
5706432944	1448066706
5762642419	1448066805
5706537704	1448066876
5737297056	1448066937
5701900984	1448066972
5537990135	1448066993
5651030099	1448066996
5672667141	1448067136
5683673746	1448067172
5695981212	1448067183
5696746244	1448067215
5758804295	1448067255
5758289724	1448067319
5767201631	1448067337
5147791153	1448067363
5669219416	1448067411
5644291387	1448067449
5736972421	1448067632
5652161964	1448067786
5673080300	1448067790
5171826779	1448067859
5692900063	1448068025
2659404070	1448068186
5766842950	1448068314
5621681540	1448068420
5679830457	1448068502
5680764651	1448068529
5198799304	1448068570
2653928801	1448068629
5758266101	1448068674
5514626207	1448068736
5764484537	1448068804
2192792331	1448069110
5761333183	1448069133
5748296392	1448069166
5620559289	1448069347
5703029081	1448069504
5717295592	1448069602
5680757995	1448069774
5711513596	1448069783
3135813515	1448070998
2947768554	1448071013
3802842770	1448071015
5750525818	1448071233
3795463255	1448071662
2812363971	1448071844
1104012592	1448071937
5082448129	1448072054
5239749837	1448072163
3896668047	1448072381
5721671035	1448072727
5721570510	1448072917
5652039462	1448073671
5670786682	1448073985
5726733286	1448074056
5714960699	1448074440
5697949930	1448074446
5765106631	1448074720
5094416289	1448075047
5706551212	1448075187
2836648583	1448075666
3969503859	1448075999
5749103413	1448078208
5763447219	1448078335
3898894608	1448079957
5180762702	1448084545
5717415900	1448092613
5595486160	1448111354
5726605227	1448167300
3254892085	1448236595
5736785662	1448280321
5712601804	1448292044
3613036241	1448879394
5697340343	1449328843
