5291032498	1447858803
5691345057	1447858839
5733151149	1447858844
3561447922	1447858847
5651534480	1447858858
5576397576	1447858862
5685668498	1447858865
5762885989	1447858880
5706906997	1447858881
5665702535	1447858886
5676047876	1447858898
5705277150	1447858898
5732774005	1447858904
2140368262	1447858906
5674862859	1447858910
5653706750	1447858920
5583617183	1447858922
5742351080	1447858929
5667341159	1447858944
5764988414	1447858947
5598185787	1447858953
5120803559	1447858955
5745006531	1447858958
5688377245	1447858965
5653073113	1447858967
5737096377	1447858968
5710204939	1447858972
3664587615	1447858978
5543557854	1447858980
5678365257	1447858985
5390712965	1447858989
5603209967	1447858990
5181376487	1447858993
5754239399	1447858996
5656202091	1447859001
5718692746	1447859007
5658664357	1447859008
2714972682	1447859023
5747981202	1447859027
5575536994	1447859034
5573159428	1447859046
5708998990	1447859047
5719832579	1447859051
5680452712	1447859060
5022363599	1447859064
5379133880	1447859065
5650753894	1447859067
5674805191	1447859067
5247395297	1447859068
5309914814	1447859070
5704895193	1447859075
5661510024	1447859107
5746842909	1447859113
5685342871	1447859120
5708871848	1447859126
5711378913	1447859137
5762409903	1447859139
5645065818	1447859143
5673047561	1447859149
5620893124	1447859165
5214208882	1447859165
5722585656	1447859165
5682417585	1447859169
5715425548	1447859171
5579736553	1447859175
3496668371	1447859176
5708426125	1447859179
5738740586	1447859186
5570245544	1447859190
5732785417	1447859192
5410586367	1447859197
5702168350	1447859199
5744922586	1447859206
5745810236	1447859211
2203523921	1447859222
5669239967	1447859230
5726712781	1447859243
5656782663	1447859245
5656422933	1447859252
5721530547	1447859259
5673799313	1447859261
5658816027	1447859261
3553557075	1447859267
5530663507	1447859269
5581254855	1447859290
5186132759	1447859302
3220359523	1447859338
5696355239	1447859351
5756070979	1447859353
5335364477	1447859360
5327158535	1447859361
5583182583	1447859361
5589728909	1447859365
5700335346	1447859376
5688862311	1447859382
5734857338	1447859389
5764371575	1447859396
5758919827	1447859396
5698718780	1447859403
5736638111	1447859407
5765376282	1447859411
5722691182	1447859412
5724606787	1447859416
5656860600	1447859422
2747130871	1447859424
5757876460	1447859428
5700142028	1447859445
5667356716	1447859445
5695426515	1447859446
5750157766	1447859456
5658552197	1447859457
5639621702	1447859465
5319738317	1447859468
5172782923	1447859474
5703053401	1447859483
5687633082	1447859483
5360164330	1447859488
5664721965	1447859502
5713328316	1447859507
5575835592	1447859523
5698651748	1447859525
5705806175	1447859528
5643196663	1447859530
5677724074	1447859539
5738694446	1447859552
5459137153	1447859563
5723688896	1447859581
5745072454	1447859582
5699867112	1447859604
5748828467	1447859611
5748270534	1447859618
2885839142	1447859638
5642295458	1447859647
5640158771	1447859650
5749814498	1447859656
5688932865	1447859675
5732513963	1447859676
5669010743	1447859678
5659375787	1447859681
5677870875	1447859688
5725991000	1447859689
5748242409	1447859691
5738347581	1447859705
5744880157	1447859709
5697854928	1447859719
2028091951	1447859730
5713458637	1447859737
5719998408	1447859742
5760027356	1447859747
5713492526	1447859750
1034179761	1447859756
5657654192	1447859756
5375446671	1447859758
5724285389	1447859763
5760747468	1447859773
5556184681	1447859786
3102485221	1447859786
5737486982	1447859796
5476506945	1447859808
5743907071	1447859812
5551347745	1447859813
2513652067	1447859815
5651163131	1447859823
5726764917	1447859837
5748108918	1447859838
5641168562	1447859849
2494212321	1447859858
5686349698	1447859883
5295166783	1447859890
5567890094	1447859893
5494336777	1447859895
5756125357	1447859903
5657525589	1447859908
5736438678	1447859919
5680278588	1447859925
5723373530	1447859935
5703214617	1447859935
5591939927	1447859936
5743183182	1447859942
5703796083	1447859949
2795067587	1447859957
5669233339	1447859957
5737002968	1447859964
5605460309	1447859983
5038694856	1447859984
5067708303	1447859986
5734679610	1447859995
3168853503	1447860000
1801533937	1447860012
5708821454	1447860042
5516250260	1447860054
5760350866	1447860055
5714400702	1447860062
5709783066	1447860064
5652574404	1447860075
5713756932	1447860112
5504455162	1447860122
5466784602	1447860133
5709746262	1447860151
5660260966	1447860157
5704714858	1447860159
5760086456	1447860191
5725514469	1447860192
5622071863	1447860196
5683449211	1447860211
5692078570	1447860218
3848206006	1447860223
5620239964	1447860238
5728084427	1447860247
5737600518	1447860257
5651912828	1447860257
5480218238	1447860258
5589944219	1447860262
5657282708	1447860263
5756671447	1447860274
5652089181	1447860285
5730998787	1447860289
5710943768	1447860307
5232296614	1447860310
5644592832	1447860334
5512522518	1447860336
5698227439	1447860344
5628123953	1447860346
5745098328	1447860347
5710184831	1447860353
3975802913	1447860361
5745651888	1447860380
5340155337	1447860394
5616613241	1447860404
5725741912	1447860419
5664529217	1447860463
5656429223	1447860473
5651776382	1447860506
5683592822	1447860513
5683988008	1447860521
5648503303	1447860536
5729309705	1447860538
5658296814	1447860540
5752655198	1447860545
5507015055	1447860552
5758865676	1447860565
5708790529	1447860586
5706947826	1447860594
5696772836	1447860597
5272927989	1447860600
5746437926	1447860611
5574364181	1447860642
3782980925	1447860659
5725889347	1447860697
3064227607	1447860705
5488168741	1447860707
5715006696	1447860707
5144989341	1447860723
2547675607	1447860723
5716201116	1447860747
5700269148	1447860748
5702910228	1447860792
5735366774	1447860795
5715903391	1447860801
5470291724	1447860802
5674696979	1447860813
5667951000	1447860820
5763828630	1447860841
3791451194	1447860843
5039133477	1447860865
5664908057	1447860879
5588874626	1447860884
5751098560	1447860894
5625609106	1447860920
5667937459	1447860935
5575540647	1447860955
5340075003	1447860991
3202997624	1447860995
5667614377	1447861001
3805542680	1447861032
5660944347	1447861062
5502675642	1447861085
5759187256	1447861169
5697462908	1447861180
5601837547	1447861181
5657281391	1447861193
5758504255	1447861248
5456631011	1447861250
5742566650	1447861309
5698570049	1447861324
5709473931	1447861350
5648938049	1447861355
5744358809	1447861415
5235063202	1447861418
5290997742	1447861426
2781714313	1447861428
5701593098	1447861470
5702154224	1447861518
3921945260	1447861541
5349163234	1447861553
3509608942	1447861564
2624166293	1447861582
5675866882	1447861583
5760390778	1447861590
5736220208	1447861600
5514608755	1447861602
5701555300	1447861610
5457931091	1447861650
5672427908	1447861660
5705004600	1447861686
5676405341	1447861689
5723395363	1447861700
5576021556	1447861705
3741029870	1447861710
5729122503	1447861715
3410886590	1447861724
5663394301	1447861775
5763300966	1447861800
5722869456	1447861809
5511770222	1447861817
5748893742	1447861822
5650142278	1447861823
5696194754	1447861840
5745957255	1447861927
5760388773	1447861959
5678463610	1447861986
3046182974	1447861988
5661859491	1447862024
5721139176	1447862052
3110319861	1447862066
5666058007	1447862089
5690527856	1447862089
3826124301	1447862126
5614538638	1447862140
5661528826	1447862142
5706897362	1447862169
3974458398	1447862237
5715299526	1447862246
5756831915	1447862399
5737303510	1447862404
5675168827	1447862408
5756902576	1447862419
5063458622	1447862436
5704567662	1447862437
3101763963	1447862441
5665949252	1447862460
5248188365	1447862543
5318121504	1447862625
5725608683	1447862671
5322150383	1447862741
5722822669	1447862793
5667003937	1447862820
3953449128	1447862877
5754190376	1447862901
5556088058	1447862906
5644025062	1447863028
5746387907	1447863032
3880724570	1447863073
5672728909	1447863295
5756069680	1447863335
5728139334	1447863374
5763665209	1447863391
5526030791	1447863398
5215805845	1447863495
5530200091	1447863497
5714474285	1447863505
5709558769	1447863554
5704627922	1447863575
5568312424	1447863589
2728836400	1447863590
3992505084	1447863637
5721217048	1447863646
5493003051	1447863713
3285933605	1447863926
5657039350	1447863970
5754317610	1447864104
5667358536	1447864119
5744231255	1447864119
5112749007	1447864180
5707207019	1447864279
5619100594	1447864290
3639979437	1447864451
5705748131	1447864518
3224427572	1447864535
5743998037	1447864545
5203330139	1447864578
1760366705	1447864707
5224641917	1447864744
5720583135	1447864759
2894133741	1447864764
5581355615	1447864828
5673765319	1447864961
5209150565	1447864964
5658021408	1447864981
5662094036	1447864990
5195499142	1447865056
5610016425	1447865061
5611146638	1447865133
5612210775	1447865170
5705781357	1447865322
5669048005	1447865372
5753796251	1447865730
5681670643	1447865831
5628579107	1447865984
5693909312	1447865987
5756354332	1447866093
5725501611	1447866100
5705619698	1447866129
5756547790	1447866224
5679278806	1447866297
5706443699	1447866361
5697319094	1447866434
2865142864	1447866733
2909904617	1447866988
5702879051	1447867386
5666004189	1447867863
5672172193	1447867912
5564019025	1447868038
5684087919	1447868487
5648102265	1447868653
5510935209	1447868989
5669508043	1447869294
2792429923	1447869497
5707884912	1447869600
5577717234	1447869627
2771314807	1447870000
5660754993	1447870618
5750108050	1447870799
5729312055	1447871415
5754627752	1447871781
5686126370	1447872239
2630781965	1447872399
5686148659	1447873741
3280178351	1447876129
5736532352	1447876339
5621692585	1447876825
5592727325	1447878100
5344303274	1447880010
5735131700	1447884006
5637978258	1447885811
5759075062	1447886253
5654587040	1447886375
3482031015	1447886378
5640758692	1447886574
5589197839	1447886800
5686642929	1447888825
5660699312	1447891526
5755869950	1447891832
5701785687	1447899242
5674906289	1447900564
5651789731	1447900690
5737203738	1447905579
5194326560	1447907978
5760013873	1447908043
2945994113	1447909640
5760013180	1447909930
5765410695	1447910645
2940327001	1447910793
5708214968	1447916147
5699535567	1447920507
5748186903	1447926568
5738066561	1447928130
3134124997	1447931387
5582942208	1447943512
5720844902	1447946204
5718303445	1447946439
5343984515	1447977319
5763340641	1447988090
5660260966	1448023525
5403862403	1448061506
5640116592	1448117474
5672458445	1448156967
5723116630	1448185209
5643530644	1448453051
5718223473	1448581927
1914794885	1449140176
5807410360	1451210693
