2258727970	1447992144
2003440237	1447992175
3992639414	1447992180
5763137272	1447992247
3874648873	1447992250
3258907870	1447992268
5580681561	1447992279
5541575132	1447992292
5564611357	1447992295
5290882237	1447992311
1939138790	1447992330
2196770360	1447992352
3802405752	1447992365
1887086507	1447992404
1559220347	1447992405
1670279833	1447992416
5080396911	1447992428
2770651275	1447992444
2632066323	1447992454
1782761363	1447992482
3184419562	1447992512
1730494475	1447992522
5647869042	1447992528
2437851552	1447992536
2299100625	1447992557
5720253868	1447992583
5514068945	1447992601
2866700814	1447992645
2959169020	1447992654
3258778035	1447992662
2427458111	1447992665
2474147060	1447992672
1590088961	1447992672
1945732791	1447992696
2281167227	1447992711
1447264177	1447992726
2318548243	1447992748
1223593443	1447992754
5393333812	1447992768
2271075042	1447992770
2686415411	1447992802
5756817374	1447992811
5677724741	1447992847
2381136157	1447992869
1888340351	1447992969
2121722437	1447993014
2478989572	1447993041
2637402473	1447993162
2348451002	1447993187
2342563221	1447993295
2476961517	1447993437
1401392790	1447993482
3298098411	1447993493
5419820573	1447993615
1910964121	1447993639
1807748630	1447993693
2740530542	1447993898
5168288447	1447993898
1791579843	1447993999
5463809238	1447994022
5597004178	1447994056
5745276330	1447994094
2011672753	1447994094
1419320620	1447994260
2309040400	1447994282
3976134426	1447994306
1775784617	1447994318
1234031691	1447994351
2277838914	1447994383
3195040182	1447994419
1906629451	1447994613
1450500447	1447994658
1900563607	1447994671
2397577484	1447994727
5478800874	1447994731
1724458680	1447994897
1495128702	1447994907
1661323732	1447995191
2148696040	1447995191
2633131411	1447995354
5643604208	1447995402
5361798775	1447995510
2517869294	1447995568
1891480305	1447995628
1148857244	1447995678
2828365737	1447996117
5597096512	1447996353
1426859852	1447996381
3203069032	1447996444
2672687873	1447996474
1431815402	1447996582
3218696474	1447996792
1955033487	1447996856
1218844312	1447996868
2339140365	1447996991
1407617863	1447997410
1783242713	1447997579
1749151362	1447998037
5608380635	1447998091
3787885864	1447998351
5530460629	1447998546
3210215901	1447999540
3009392757	1448000241
2042306962	1448000501
1304475885	1448000943
5381070732	1448003364
5519989506	1448005784
1668688891	1448007995
5540686783	1448008132
1762962157	1448011341
5683936462	1448013183
1955166397	1448015690
5760355863	1448016100
3736157401	1448017671
5710582382	1448020727
5670912499	1448026001
3184251474	1448028964
2457144291	1448031180
5725373792	1448033716
3204765053	1448033917
2796550072	1448058955
3925824028	1448072671
1260414614	1448074526
3629094273	1448088447
1896708253	1448247957
2972663025	1449412951
2734985772	1450084656
1375575603	1450369904
2251964467	1450446479
1863859742	1451263193
5700214090	1451837666
