3217179555	1447837522
1585763722	1447837551
1672358553	1447837553
5121074477	1447837564
2787623934	1447837564
2130801393	1447837566
1688606132	1447837566
3146554730	1447837566
2521455237	1447837567
2146175933	1447837568
1808602292	1447837568
1564687021	1447837568
5683449138	1447837570
5701709815	1447837572
5338336539	1447837572
5462702694	1447837574
3733478273	1447837577
5463820345	1447837578
3949412534	1447837579
1866000542	1447837592
3642618270	1447837596
3988982377	1447837600
3547941674	1447837600
2959519201	1447837601
1857077450	1447837602
5756627256	1447837602
3209906670	1447837604
5335087811	1447837604
5148906331	1447837608
3986403579	1447837611
1693347944	1447837611
2012088683	1447837612
3616611540	1447837613
2014652455	1447837614
1765161935	1447837615
1674028204	1447837616
1800336425	1447837617
2923314545	1447837617
2339914953	1447837618
3969965617	1447837619
5067596524	1447837620
3959063677	1447837623
5517780508	1447837623
3221877092	1447837626
5290103132	1447837628
2360772992	1447837628
2031450163	1447837628
1767272173	1447837630
1877581143	1447837630
5702550846	1447837631
5647112376	1447837635
1753121565	1447837635
2476901365	1447837637
1784208572	1447837638
5272913949	1447837646
2380021783	1447837647
1913876317	1447837647
1017635825	1447837651
1811225245	1447837655
1726275351	1447837657
2275595253	1447837659
3131213595	1447837661
5307971523	1447837661
2708405247	1447837662
2645926161	1447837664
1155024435	1447837665
1926243370	1447837669
1859661084	1447837674
3834739271	1447837674
1679746922	1447837675
1991750303	1447837675
5038473408	1447837676
1773760804	1447837676
3558502114	1447837677
3866566979	1447837677
3978051210	1447837678
5431799304	1447837678
2584278171	1447837679
3319019403	1447837680
3213449313	1447837680
2980954063	1447837680
2373770325	1447837681
3051608443	1447837682
1728228007	1447837685
1700576220	1447837689
1785723951	1447837689
2461188243	1447837691
2334009147	1447837692
3722792617	1447837692
2613923725	1447837692
3821878750	1447837693
3039801455	1447837694
3853503514	1447837696
5611392197	1447837696
2428126382	1447837696
1750770901	1447837698
5100027770	1447837702
2380092435	1447837702
1965377625	1447837704
2526801391	1447837704
3567944790	1447837706
3209398871	1447837714
3549573834	1447837715
2835052582	1447837717
3996109200	1447837718
3182178400	1447837719
3748208307	1447837720
2524747622	1447837721
5652029418	1447837724
2416393665	1447837728
1898291742	1447837731
2180370370	1447837736
1247011694	1447837736
1562610284	1447837736
2061262631	1447837736
1926404647	1447837739
2063117900	1447837740
2664487887	1447837743
1775461110	1447837745
5149824541	1447837745
1406271843	1447837746
1979443724	1447837748
2048472610	1447837749
3265165462	1447837750
1890328905	1447837752
3177173474	1447837754
1851067460	1447837757
5609060391	1447837758
2823691144	1447837758
3284934182	1447837759
5686208560	1447837760
2370408712	1447837762
1841067167	1447837762
1623097401	1447837762
1925837037	1447837764
3032052530	1447837766
5745628230	1447837768
2904212431	1447837768
5721833746	1447837772
5589986957	1447837773
2708443783	1447837773
2361790761	1447837777
1870994083	1447837779
1833619030	1447837780
1751152500	1447837782
5000832182	1447837789
5449668725	1447837792
5750881865	1447837793
2119876625	1447837793
1856120452	1447837795
5239154498	1447837796
1729534135	1447837797
1310855830	1447837799
1740703515	1447837800
3529021224	1447837800
5688328367	1447837800
1785344127	1447837801
2821230112	1447837803
2801478534	1447837805
2271160561	1447837809
5506594958	1447837811
1790121217	1447837812
1559724807	1447837812
2051288080	1447837812
3158862714	1447837813
1737832487	1447837814
1749993397	1447837815
2963131591	1447837816
2058057864	1447837817
5703893419	1447837820
1783887602	1447837820
2606937387	1447837820
1589017785	1447837821
2447206582	1447837821
2641709802	1447837832
2826266290	1447837833
2938937727	1447837833
1869719305	1447837833
1756875637	1447837834
1762615652	1447837835
2903017911	1447837840
1771274072	1447837841
1962693315	1447837844
3812578870	1447837851
1722075992	1447837860
5642646450	1447837860
2493595013	1447837862
1842904435	1447837863
3339854554	1447837865
2644970933	1447837866
2764508417	1447837871
5247277049	1447837871
3199868611	1447837873
5024367757	1447837874
3826374103	1447837878
1736907272	1447837883
3264400462	1447837885
1752502427	1447837887
3032016777	1447837888
2195630521	1447837888
3654278367	1447837888
5629139055	1447837890
1773747181	1447837890
3974716390	1447837891
3262878200	1447837898
2676890014	1447837903
2651992173	1447837907
3710685845	1447837911
5096805738	1447837914
1395352904	1447837920
5260588703	1447837922
3777257170	1447837925
1841062270	1447837926
3214151017	1447837929
1924845765	1447837934
5581010485	1447837934
3355712862	1447837934
5260486927	1447837941
1823331324	1447837948
5245505843	1447837950
3612636000	1447837950
1914504361	1447837950
1886688265	1447837953
2265667700	1447837953
5142135125	1447837954
3956713242	1447837955
1774477073	1447837957
1687477504	1447837957
1733657793	1447837959
5233866509	1447837964
3266660127	1447837965
1219834835	1447837971
2101432097	1447837971
5213958719	1447837979
1872417831	1447837979
3426473920	1447837985
1802844891	1447837988
1370127560	1447837990
1889766037	1447837992
5175995705	1447837996
1593303962	1447838003
1872417831	1447838007
5180609019	1447838020
3178778797	1447838020
2368140520	1447838028
3477545975	1447838030
2735370253	1447838035
2167296447	1447838037
2172210067	1447838042
1218824672	1447838042
1852050772	1447838046
5172348303	1447838047
2099647135	1447838049
1762494740	1447838049
1580603284	1447838051
2180401001	1447838055
5362400502	1447838059
1904819083	1447838062
2308371010	1447838064
1876473335	1447838067
3832794165	1447838069
1585507014	1447838074
2841900924	1447838075
2001382517	1447838077
1742511555	1447838081
5345950219	1447838082
3974716390	1447838086
2420437524	1447838087
1911104083	1447838088
2019908890	1447838089
1728577034	1447838095
2239815305	1447838099
5658260301	1447838100
2393716871	1447838100
1663225334	1447838104
3183300365	1447838106
1761319233	1447838106
2506405455	1447838109
1950807697	1447838118
3973915086	1447838119
2205802664	1447838120
3946309951	1447838122
1101625531	1447838123
5198351496	1447838124
1766330044	1447838129
2342312703	1447838131
1556200672	1447838132
1774445191	1447838141
5521350000	1447838142
1892098794	1447838144
2722994963	1447838149
1972664083	1447838154
1870307623	1447838154
2729021425	1447838157
1879976643	1447838160
1795704824	1447838162
3826140934	1447838163
1845535367	1447838164
1892989905	1447838167
3181664620	1447838169
3195474881	1447838169
3235497370	1447838170
1973000672	1447838170
3602692665	1447838172
5425121097	1447838175
1769085934	1447838175
1821581943	1447838175
1222194401	1447838178
2791561295	1447838181
2689123163	1447838183
1773523781	1447838191
2328890122	1447838194
2927450885	1447838206
1975038543	1447838206
3866237813	1447838215
2239903951	1447838219
1758656087	1447838221
3108451173	1447838225
5464015884	1447838227
3682122141	1447838227
5399212731	1447838228
2909344363	1447838237
1728560453	1447838239
2454104713	1447838240
2433112135	1447838241
1700657174	1447838241
1742675987	1447838246
2972064533	1447838246
2836423484	1447838248
5354650931	1447838249
1375120393	1447838258
5501698698	1447838264
1350983063	1447838265
1847879074	1447838265
1105437800	1447838266
3966046965	1447838267
3967392946	1447838267
3635923887	1447838272
5737097262	1447838277
1914126197	1447838283
5108683363	1447838294
5036941218	1447838294
2787612032	1447838295
2778981697	1447838298
1868958472	1447838304
5621995145	1447838308
3982709157	1447838310
2195184294	1447838312
1802483377	1447838319
1415904123	1447838327
1881539754	1447838327
1832458271	1447838331
3938316366	1447838341
2006583761	1447838345
5052042918	1447838347
1974713850	1447838348
3020668447	1447838350
3704972120	1447838354
2468957710	1447838356
5081288906	1447838363
5710946864	1447838366
2775436821	1447838367
5696417497	1447838374
1756885053	1447838377
1735942281	1447838379
2794491834	1447838399
2602377527	1447838413
1085854852	1447838415
3079613301	1447838419
3219201234	1447838431
5720659009	1447838433
3006499555	1447838434
1918329751	1447838435
1966008471	1447838438
2588691801	1447838443
5581010485	1447838448
5014272435	1447838450
5509139888	1447838455
5336744283	1447838456
3176180452	1447838458
2273248993	1447838462
1305720953	1447838465
1922146051	1447838467
1757138907	1447838473
1893159073	1447838479
5543374390	1447838480
1133502050	1447838485
5224040903	1447838490
1765409021	1447838491
5287541366	1447838498
3865409625	1447838500
5031387575	1447838502
5245669394	1447838516
1514594030	1447838518
1794024581	1447838519
3668176170	1447838525
5147750216	1447838531
1608243722	1447838533
1780961785	1447838540
3169541367	1447838540
1900355124	1447838540
1242731201	1447838546
1867014130	1447838548
5587543526	1447838551
3788736954	1447838553
2771087575	1447838558
1954739223	1447838567
5726245270	1447838569
3153865684	1447838571
5102225557	1447838572
5756510029	1447838577
3225875193	1447838581
3428178330	1447838583
2653996092	1447838586
3031697851	1447838587
1737397631	1447838588
3217179555	1447838592
1624018234	1447838596
1768058843	1447838606
2589007081	1447838611
5211691728	1447838614
5068282683	1447838624
2204709314	1447838624
2949547592	1447838626
3292978807	1447838628
3285448011	1447838632
1788760171	1447838632
5648454543	1447838637
1939374217	1447838639
1239101437	1447838639
3226379907	1447838640
1823669320	1447838642
3561879657	1447838647
1758674407	1447838657
5662042594	1447838659
2480882385	1447838661
1777029884	1447838667
5527321732	1447838669
1750453753	1447838669
3185882025	1447838671
2130686923	1447838674
3238156852	1447838674
2644622301	1447838675
1949850422	1447838676
2709202905	1447838683
5652055790	1447838686
1990012991	1447838687
1802611833	1447838689
2096277993	1447838692
1946513331	1447838693
1682726204	1447838697
5392296138	1447838698
1655303443	1447838700
2947584037	1447838705
3290874875	1447838705
2614975367	1447838706
2117406810	1447838713
1888447750	1447838715
5061045870	1447838716
5642947506	1447838717
2195074223	1447838717
1933117357	1447838717
3645305974	1447838720
5032814476	1447838722
2194062152	1447838724
2583275462	1447838724
5145016813	1447838727
1721134792	1447838729
2139336503	1447838731
2011532857	1447838732
5538363203	1447838732
3715467761	1447838734
5039141453	1447838734
1578970407	1447838735
1242355812	1447838736
2588068927	1447838738
3641559660	1447838741
3452382342	1447838744
3446793384	1447838744
1758649381	1447838746
2034361603	1447838748
5288781206	1447838752
1450240783	1447838755
1835012817	1447838756
1776162753	1447838756
1930389353	1447838759
5597682663	1447838759
1786691845	1447838763
1736334950	1447838763
3826145032	1447838763
3190743700	1447838765
5620654936	1447838765
3535496520	1447838765
1840515060	1447838769
1760790464	1447838770
1694979112	1447838773
2585732427	1447838774
1840604262	1447838778
2891668843	1447838778
2801528457	1447838779
2494711574	1447838782
2208835910	1447838784
5699505482	1447838786
1747878430	1447838789
1889037491	1447838792
5355708798	1447838794
3025166861	1447838796
2072805235	1447838800
1288327544	1447838801
2301500483	1447838803
2869769370	1447838808
5666046883	1447838809
1749743860	1447838814
5042040634	1447838819
3296325575	1447838821
3535187253	1447838823
5042040634	1447838824
5588278280	1447838825
2703819311	1447838827
5135763858	1447838833
1758045513	1447838834
3249789371	1447838837
5487060862	1447838838
2604399865	1447838839
3989386042	1447838839
1749070887	1447838842
1825704007	1447838848
3337941042	1447838849
2763041435	1447838849
3156896971	1447838852
1978546492	1447838853
1739642084	1447838853
2661392040	1447838854
1762887433	1447838855
3029236484	1447838855
1650977512	1447838856
1779125090	1447838858
1783775022	1447838859
1823925731	1447838864
5661808939	1447838865
1615105632	1447838866
2618473263	1447838868
5310793449	1447838875
5566396421	1447838881
1723443645	1447838881
5033949628	1447838882
5206287475	1447838884
2165587993	1447838885
1790796101	1447838891
1743050984	1447838892
1739940021	1447838893
3591512101	1447838894
2208839912	1447838897
2420575081	1447838900
1701554873	1447838901
3845257895	1447838909
1886686023	1447838911
3855167654	1447838911
2051544775	1447838920
3887154982	1447838925
1740597455	1447838929
2636376037	1447838935
2857138624	1447838935
3636247432	1447838935
1718127235	1447838936
1975916485	1447838946
3363153284	1447838946
2217472691	1447838946
2993795655	1447838948
1905167922	1447838949
5097728384	1447838955
2006544362	1447838961
5232371558	1447838961
5537553416	1447838965
3035146187	1447838965
1792298111	1447838969
2764528077	1447838971
2641209161	1447838973
1805318563	1447838982
1708434750	1447838982
1651207673	1447838983
2708385081	1447838991
2076862025	1447838995
1954607350	1447838996
1696415147	1447839000
2994366383	1447839002
2756208143	1447839006
5074739323	1447839009
1864871292	1447839009
2137682921	1447839014
1742040677	1447839017
2185603631	1447839018
5724571583	1447839019
5725678715	1447839023
5674747027	1447839027
2287665414	1447839028
1955558085	1447839031
1732911171	1447839031
2312652031	1447839031
5755096401	1447839035
5154658028	1447839035
1852459092	1447839036
2482618974	1447839042
1651069704	1447839044
5301924089	1447839047
2620068622	1447839050
1758921904	1447839051
2827427571	1447839054
1977147833	1447839057
1744843811	1447839058
1267721817	1447839066
1746491342	1447839067
2725511635	1447839070
1765193333	1447839070
1666384837	1447839072
3223935565	1447839082
3737835405	1447839083
2827920231	1447839090
2620086975	1447839092
1502071882	1447839099
5663279504	1447839101
2787301500	1447839105
1782977045	1447839108
5609074362	1447839114
5081717245	1447839117
1768053034	1447839118
1794391132	1447839120
2452580727	1447839129
1764308281	1447839134
1868401223	1447839135
2131683695	1447839137
1750935942	1447839140
3258012592	1447839146
2578952421	1447839153
2527035147	1447839153
1927843281	1447839158
2367317537	1447839159
5237994264	1447839163
3743065245	1447839166
2736516424	1447839172
1868427613	1447839173
1748618621	1447839174
1922450225	1447839176
5584234866	1447839187
3206896491	1447839188
5228860179	1447839193
2947443631	1447839208
2144098687	1447839211
1890199423	1447839216
3297733360	1447839220
3731016812	1447839225
3186175972	1447839230
2477883197	1447839231
3865694456	1447839233
2746075427	1447839233
3873486930	1447839235
5626577792	1447839235
3891886313	1447839242
2348407441	1447839249
1811014082	1447839261
2004827463	1447839262
5602626542	1447839264
1229889491	1447839267
2837836540	1447839271
1836635841	1447839279
1926331190	1447839280
5214667371	1447839281
2479790305	1447839283
5629460014	1447839285
3670088590	1447839286
2577842574	1447839287
1820084831	1447839288
2632091651	1447839292
1829980432	1447839296
1906789091	1447839317
3199850825	1447839320
2803915993	1447839321
2678684710	1447839331
2903015317	1447839333
2947656704	1447839338
3332548430	1447839342
5408427906	1447839346
1625458091	1447839347
2536610865	1447839353
2533049664	1447839359
1842345792	1447839361
2641234911	1447839362
5428728409	1447839365
2270098721	1447839367
2787633450	1447839368
2655782537	1447839393
1793550961	1447839395
3865602400	1447839411
1469593581	1447839414
5530699662	1447839421
3149037170	1447839431
5397466726	1447839458
1803407774	1447839469
5654437614	1447839472
3194905604	1447839476
2718384501	1447839479
3005048937	1447839486
2722705673	1447839488
1900959991	1447839499
1774612320	1447839500
1772359407	1447839502
3562049004	1447839505
1976435487	1447839517
2686923643	1447839520
3085152701	1447839522
2712352603	1447839528
5235020702	1447839531
3276515904	1447839533
1940805053	1447839536
1760922255	1447839536
5235020702	1447839541
5362474338	1447839549
1864608720	1447839551
2480630911	1447839551
2288939760	1447839552
5537182144	1447839555
3990885573	1447839569
1750517641	1447839573
5577082502	1447839578
2820806027	1447839591
1303756837	1447839595
2403231775	1447839595
5402550736	1447839598
5080567003	1447839603
2502041340	1447839607
5571137667	1447839609
2729027787	1447839612
2765969524	1447839620
2046234571	1447839621
2634307415	1447839622
1430816175	1447839624
3041861387	1447839624
3277898335	1447839625
2614550645	1447839628
2031525061	1447839633
5313661678	1447839645
5371783396	1447839647
3226683564	1447839647
5318538621	1447839650
3170317041	1447839652
5253106560	1447839654
3310204795	1447839660
2852095161	1447839660
5336328095	1447839664
3580056660	1447839672
5331325809	1447839682
2012895443	1447839689
1817754803	1447839690
1870822747	1447839694
2957475760	1447839696
2985428483	1447839697
2852095161	1447839702
5639034550	1447839710
1812580041	1447839711
2643180874	1447839720
2684995911	1447839732
2039070444	1447839739
1715916231	1447839740
3694499017	1447839765
5312877006	1447839772
2149874662	1447839775
3294697755	1447839784
1849813200	1447839785
2278115541	1447839787
2383317221	1447839787
1748165493	1447839805
3187020287	1447839818
5399601208	1447839820
1789777861	1447839830
1694529820	1447839831
5177894248	1447839838
1831828155	1447839847
1847305252	1447839865
2383951771	1447839870
1847504907	1447839871
3881712092	1447839877
1860868072	1447839881
3164124410	1447839883
5095409288	1447839885
3567051330	1447839890
5706233645	1447839901
2930664062	1447839903
5434031291	1447839904
2614493705	1447839926
3463122334	1447839930
2176647297	1447839931
1840930845	1447839939
3227022003	1447839940
3846648898	1447839940
5184678676	1447839947
2240051542	1447839949
5404270187	1447839955
3139572261	1447839961
2610448023	1447839984
2310481855	1447839987
5464133253	1447839989
2191902004	1447839991
1654765995	1447840007
5586978578	1447840013
2301518395	1447840019
5319147305	1447840022
5124442435	1447840039
1447825057	1447840042
1896651675	1447840047
1569785522	1447840053
3869700633	1447840063
3681651097	1447840069
2349977522	1447840071
5542365326	1447840076
3291481623	1447840081
5044276109	1447840086
1856757001	1447840089
2980766727	1447840094
3135437455	1447840095
1847744871	1447840107
2233775225	1447840111
2302505125	1447840119
2517025313	1447840120
2804498815	1447840131
2676940545	1447840145
2797459805	1447840155
1301078910	1447840160
1235663802	1447840166
2375462042	1447840167
2187542683	1447840178
3319019403	1447840186
3226481411	1447840193
5156190550	1447840201
2560620227	1447840202
2596755652	1447840209
2024690125	1447840221
2961134754	1447840222
1625414497	1447840227
1659154111	1447840237
3968724636	1447840237
1842116465	1447840239
3196070512	1447840241
1756612603	1447840243
3184880032	1447840243
2391876884	1447840259
2683545325	1447840260
2970122197	1447840263
1075611364	1447840265
5602723434	1447840266
2041742671	1447840282
1986479437	1447840284
5334322206	1447840285
2422389121	1447840291
2708815347	1447840296
2385242381	1447840302
3084911455	1447840303
1864148724	1447840303
5351073450	1447840309
3861264770	1447840310
1846886760	1447840317
5677710499	1447840321
2806002514	1447840324
3500425763	1447840327
5114185405	1447840336
1965166871	1447840344
1776137720	1447840349
1768701540	1447840353
2708815347	1447840361
2414248692	1447840373
1862540605	1447840376
2732117297	1447840377
2276869491	1447840396
5365001031	1447840397
5660651763	1447840399
1645247552	1447840406
5172038961	1447840416
2048204665	1447840420
1803569955	1447840438
5269017894	1447840447
2561012937	1447840449
5483838148	1447840451
2203672402	1447840455
1267814375	1447840456
1402818003	1447840460
5041635823	1447840466
5477234994	1447840473
2523091582	1447840479
2753711345	1447840481
2145245071	1447840485
1566413611	1447840489
2767277421	1447840494
2671790555	1447840502
1568391047	1447840503
1879681232	1447840505
2230776793	1447840518
1205733777	1447840522
5649125586	1447840526
3225413465	1447840526
1618825323	1447840527
1229225087	1447840528
3637155312	1447840530
2995638867	1447840540
2394947345	1447840549
1652297891	1447840553
1205742452	1447840578
1749968340	1447840586
5538648623	1447840589
1736466777	1447840606
1791796731	1447840616
1767779420	1447840628
1869418791	1447840630
1408891570	1447840648
1246046485	1447840659
5214757006	1447840667
2701052492	1447840679
3303533527	1447840681
3969018918	1447840682
2663644311	1447840685
2993420022	1447840689
5755133890	1447840690
5163809578	1447840700
1691606132	1447840730
1914721862	1447840731
5238488919	1447840737
3561861860	1447840747
1918466822	1447840755
1861635884	1447840768
2805081201	1447840775
3865229649	1447840784
1964616203	1447840785
5454366401	1447840788
3484477734	1447840796
3468744620	1447840817
2803206195	1447840818
1864851715	1447840818
1253617357	1447840826
1797038574	1447840832
5607328430	1447840835
2870092854	1447840835
1787273364	1447840838
5751045711	1447840844
3196619495	1447840846
5187217429	1447840856
3929929077	1447840856
2259940624	1447840865
5248139583	1447840874
1609940627	1447840897
3992448681	1447840902
2771087575	1447840904
3977870154	1447840911
2792910463	1447840913
1704831343	1447840918
5212588248	1447840960
5333444689	1447840979
2448369244	1447841012
1459582964	1447841020
1939184917	1447841026
1650781643	1447841038
2318332537	1447841051
1997790905	1447841054
2766750391	1447841076
2715160671	1447841081
1946581884	1447841086
1980591133	1447841091
2757108693	1447841093
3228903682	1447841100
5501715034	1447841125
5242177355	1447841128
2505090623	1447841131
1951366427	1447841138
5715896822	1447841157
2868413770	1447841168
3831952414	1447841187
5546166127	1447841205
2141617273	1447841205
2469212600	1447841211
5589324683	1447841217
3183201344	1447841230
2748725343	1447841230
3617983280	1447841234
5075489496	1447841253
5296670072	1447841264
2622056743	1447841268
1452022785	1447841279
5190876462	1447841286
1809888563	1447841286
1892083031	1447841288
2515508982	1447841305
2837268791	1447841309
1700755360	1447841311
1823303290	1447841317
1788510627	1447841327
2265948967	1447841327
5592725561	1447841340
5285464440	1447841340
1759029521	1447841345
2745547151	1447841386
1861362770	1447841403
5724038217	1447841403
2142227821	1447841409
1651409035	1447841410
1811650113	1447841414
3109584303	1447841416
2607658045	1447841423
1864112285	1447841425
2046874671	1447841438
2901578811	1447841447
1985259527	1447841453
2804436541	1447841468
2628726634	1447841479
1115017793	1447841481
1041417593	1447841489
2882006392	1447841506
5685952553	1447841518
1914423593	1447841520
3959062082	1447841522
5126744249	1447841526
3946334587	1447841536
3202875034	1447841539
5651061654	1447841573
1082276561	1447841583
5536395321	1447841595
2293800437	1447841600
2398059787	1447841602
1901165517	1447841603
3625080017	1447841629
2786585462	1447841637
2763586745	1447841640
1719850631	1447841642
3182343642	1447841642
2281956144	1447841645
2232081243	1447841652
5100121352	1447841656
3219236002	1447841656
1931806803	1447841677
1421599481	1447841679
3228010462	1447841683
2790162722	1447841694
1893581667	1447841697
2002981361	1447841704
2248272121	1447841711
2064562411	1447841711
2434938764	1447841737
1826018521	1447841741
5303844791	1447841755
5300388528	1447841761
5063864332	1447841781
3220742973	1447841795
5237332243	1447841801
1771649284	1447841806
2644396201	1447841811
1736441394	1447841811
2645458171	1447841828
3192746283	1447841831
1742321414	1447841840
1670280177	1447841843
5287579177	1447841874
1763582290	1447841877
1691475353	1447841879
3070488617	1447841890
2145963885	1447841898
5626797493	1447841899
5143905092	1447841906
2669468517	1447841919
2914157731	1447841919
1850284375	1447841957
5454838370	1447841983
5480520087	1447841988
5147306931	1447841992
5641513030	1447842000
1633483431	1447842005
1786107520	1447842029
2413991460	1447842039
1889093943	1447842041
5266607348	1447842052
5241337889	1447842056
2313586112	1447842073
1974016404	1447842083
3014371847	1447842098
3760999693	1447842103
3975576230	1447842104
1730225734	1447842118
3977030806	1447842143
1911971285	1447842145
2505303524	1447842148
5624474172	1447842154
2233443424	1447842156
2357987765	1447842159
2511494174	1447842163
1944265365	1447842174
1250839025	1447842184
3584262993	1447842184
3973721150	1447842185
1930821565	1447842186
5575372935	1447842189
2402267751	1447842198
2841573012	1447842199
2828948582	1447842211
5496859358	1447842213
2354979033	1447842222
5211489302	1447842222
1910910700	1447842223
1845143012	1447842232
2462786880	1447842238
2920714201	1447842241
1336283041	1447842260
2929806233	1447842262
2347179525	1447842273
1743588404	1447842282
2245186517	1447842331
2485082215	1447842332
1907711721	1447842357
2486433597	1447842374
2142497530	1447842382
2958872517	1447842421
2964134845	1447842425
1739060821	1447842441
5713295057	1447842449
3554729687	1447842469
2276075325	1447842477
3669375554	1447842480
3136471971	1447842490
5238616860	1447842513
3800943188	1447842522
1150939793	1447842533
5489479409	1447842533
1963500162	1447842538
1824520075	1447842547
5051184236	1447842561
5252092274	1447842563
5677011177	1447842566
2734013943	1447842568
1989528294	1447842571
1950045167	1447842581
5552724096	1447842589
3965255694	1447842607
3831022201	1447842607
5735127930	1447842626
2248535602	1447842630
5454760866	1447842631
2416279607	1447842634
2956058685	1447842649
2116438604	1447842651
1787178057	1447842662
5355974634	1447842667
5306960816	1447842695
1186373661	1447842696
2043383565	1447842725
5314872250	1447842731
2354022594	1447842737
2272278472	1447842738
2164261342	1447842740
2201886427	1447842751
2604179463	1447842753
5716980381	1447842757
5101519010	1447842759
5533710153	1447842772
2664634095	1447842797
1808769177	1447842799
2460958980	1447842833
2857757207	1447842841
3771200190	1447842843
3672369611	1447842862
5119911252	1447842869
2969028995	1447842874
3034737897	1447842889
2812697541	1447842893
2642567764	1447842896
2789297763	1447842901
2268548464	1447842909
5524208986	1447842910
1631738980	1447842914
1624700462	1447842921
5174842763	1447842923
1181002754	1447842927
5399275440	1447842932
1811317632	1447842932
3887036565	1447842943
5620759169	1447842944
5049929096	1447842956
5309892376	1447842972
1930699277	1447842975
5692591869	1447842979
5457249781	1447843007
1511454610	1447843011
2455705831	1447843030
2086890073	1447843037
1864814447	1447843037
2158502973	1447843038
2006970473	1447843038
3556056884	1447843039
1784888311	1447843044
5102493475	1447843046
1767423914	1447843046
3982111200	1447843052
5661579443	1447843054
5747739084	1447843055
1677973051	1447843058
2461095162	1447843071
1902324611	1447843071
2005510443	1447843085
1775558434	1447843092
3710274761	1447843099
1827536911	1447843104
3802650911	1447843130
3965934566	1447843133
2410047631	1447843134
2952063543	1447843143
2204632580	1447843151
3758921590	1447843152
5676348783	1447843154
2736472903	1447843155
1302596731	1447843160
5672628424	1447843172
3216378845	1447843176
1253936270	1447843191
5647108188	1447843198
2322974652	1447843204
3742262673	1447843207
1734430753	1447843207
5256502013	1447843217
1904145957	1447843220
5197998473	1447843220
5039426238	1447843238
2149740552	1447843249
1815751995	1447843256
3164961032	1447843267
1802639113	1447843270
5052550556	1447843270
3121048924	1447843274
1743963044	1447843282
3807682482	1447843289
1853463010	1447843293
2756810301	1447843297
2609812653	1447843300
2160990701	1447843302
1783962025	1447843310
3099668295	1447843329
1974687351	1447843331
2911694783	1447843332
5668931310	1447843357
2571840922	1447843358
3966874398	1447843364
1890417144	1447843372
2951087001	1447843372
5667791124	1447843379
2911694783	1447843380
2286210563	1447843387
5466685025	1447843395
2716161085	1447843410
2944956527	1447843415
5646195319	1447843422
2302764607	1447843442
2416358507	1447843453
3608311743	1447843472
5631502960	1447843473
2399817350	1447843479
5271261464	1447843479
5240989021	1447843480
2485408303	1447843491
5678966161	1447843492
3493229800	1447843501
1625075193	1447843501
1870915480	1447843516
2911289301	1447843520
5525591655	1447843531
1868547945	1447843548
3476199460	1447843551
2134256295	1447843563
1776299937	1447843565
5135064048	1447843566
2176965355	1447843576
2598501864	1447843576
1790067077	1447843580
5078034314	1447843583
3989296386	1447843583
5755943232	1447843589
2658637223	1447843595
2861057535	1447843600
1955708722	1447843607
5561055313	1447843610
2805825411	1447843619
2550434412	1447843626
1558188430	1447843635
2210468940	1447843639
2764116565	1447843639
2896608701	1447843652
1943175415	1447843656
3878483266	1447843666
2802956205	1447843667
2115998844	1447843685
2845749723	1447843691
3139211417	1447843694
2634991441	1447843697
1778709245	1447843700
5397884076	1447843711
1255131217	1447843713
3381882144	1447843719
1980110027	1447843734
1211852784	1447843735
3211787004	1447843740
5604766827	1447843741
1318192844	1447843757
2608672967	1447843766
3142143065	1447843767
5305881248	1447843768
3891270597	1447843782
1617556365	1447843783
2880656501	1447843786
2550434412	1447843817
5157522540	1447843820
5639950553	1447843842
3916347515	1447843854
3649263173	1447843856
1570927141	1447843876
5762672526	1447843881
3566282851	1447843883
5520464778	1447843883
2312640195	1447843886
5601164665	1447843890
3278900103	1447843907
1766889485	1447843923
5023522268	1447843927
2318641464	1447843942
3252156710	1447843948
2697591791	1447843955
2611381467	1447843955
2439025995	1447843983
5564041506	1447843989
3098979750	1447843989
5285530702	1447843989
5092185717	1447843995
1650225901	1447843998
2834834551	1447844002
1788356973	1447844002
2313602253	1447844031
2097955162	1447844037
5418243214	1447844039
3512418443	1447844045
1907396490	1447844058
3479002740	1447844064
3085644724	1447844095
2010861642	1447844103
3096439085	1447844105
2991926182	1447844113
2940316722	1447844115
2055033223	1447844116
1680174410	1447844121
2447633183	1447844136
2068399235	1447844137
3672657661	1447844144
2624925803	1447844155
3200864675	1447844156
3143289143	1447844164
3196338745	1447844166
5376080132	1447844172
2919455143	1447844175
1950760377	1447844177
3169364484	1447844198
1787575997	1447844219
1821524744	1447844226
3319302015	1447844235
1813686285	1447844236
2180699365	1447844251
5427032416	1447844266
3800036119	1447844267
1968516297	1447844279
2347860684	1447844282
1842706243	1447844291
1047642087	1447844300
2531656107	1447844313
5508709980	1447844314
5750667075	1447844318
5711845504	1447844329
2471998945	1447844340
1454429561	1447844343
3840871579	1447844351
1821084072	1447844379
5697566400	1447844394
2254271804	1447844395
1828149007	1447844395
2698890715	1447844400
2130079683	1447844400
3642969207	1447844421
5518256704	1447844434
2287018007	1447844436
3310641681	1447844452
2796579123	1447844457
2621754495	1447844466
1736579363	1447844466
5307886416	1447844491
1632105165	1447844494
1835543575	1447844508
1655283635	1447844513
2177101347	1447844534
1876689477	1447844548
2268940820	1447844552
1847669907	1447844561
2493348191	1447844568
3200239992	1447844601
1860015533	1447844608
2464246434	1447844612
2078601494	1447844616
1740262063	1447844631
5170698828	1447844638
2633012401	1447844653
2792602633	1447844656
1790069151	1447844680
3059876107	1447844683
1884156345	1447844698
2523908630	1447844707
2613818777	1447844727
5311881046	1447844730
1765850342	1447844730
5360213561	1447844744
2038452011	1447844762
1133685854	1447844763
3905460599	1447844774
1970901495	1447844780
1680734307	1447844793
5763094508	1447844798
3210727844	1447844799
2468680062	1447844801
2586487334	1447844815
3742514203	1447844820
5744895647	1447844820
1744509982	1447844826
1990649325	1447844832
5629000847	1447844835
5369918350	1447844847
5056578919	1447844853
5611187298	1447844859
1844074285	1447844866
2897046091	1447844877
2182941582	1447844882
2814599292	1447844893
5340235120	1447844894
5051260052	1447844898
1906553703	1447844904
3562954631	1447844909
3030785441	1447844926
3179545827	1447844931
5622090998	1447844939
1931603582	1447844944
1163491140	1447844945
2727068234	1447844948
3220183983	1447844951
1573276710	1447844955
1868025493	1447844967
1771677134	1447844991
5265565288	1447844993
2882570360	1447845007
3967462117	1447845011
5057310994	1447845011
5664620715	1447845012
2232045765	1447845013
3194923291	1447845015
5157183674	1447845017
3801929267	1447845017
5088261560	1447845020
1923370210	1447845039
2554529562	1447845056
3733679804	1447845070
1782742165	1447845073
5606785579	1447845086
1071255723	1447845088
5415255723	1447845090
3868995436	1447845093
3220934012	1447845095
1640773214	1447845103
3972944593	1447845106
5627629188	1447845111
3527542991	1447845123
5356138707	1447845134
2693013031	1447845141
1802140220	1447845144
1018954837	1447845153
1767472271	1447845157
2671822171	1447845160
1743671952	1447845198
5658939292	1447845200
1645231675	1447845202
3842690347	1447845206
2930122117	1447845208
3874950395	1447845210
2836246080	1447845219
3450770302	1447845219
5533998035	1447845225
1887461902	1447845227
1860705032	1447845233
1999281073	1447845242
5436222203	1447845258
2722734421	1447845259
1902974881	1447845264
5177417573	1447845264
2465301270	1447845265
5527909493	1447845274
2930122117	1447845292
5044375843	1447845294
1866313080	1447845301
1808798782	1447845306
2616964133	1447845317
2275051654	1447845323
5314507612	1447845332
5754398408	1447845337
3168925022	1447845339
1663145322	1447845340
3192800062	1447845356
2082405703	1447845358
5235238686	1447845367
1768786530	1447845368
1750355825	1447845371
2558307342	1447845379
1770432792	1447845381
2154216727	1447845387
3212912195	1447845389
2729031160	1447845398
2352278747	1447845412
3247607305	1447845414
3041043533	1447845417
2212417903	1447845419
3186977112	1447845423
2364829705	1447845423
5503953193	1447845431
5321075429	1447845455
1546541615	1447845457
1944948452	1447845466
5215498266	1447845469
1723301592	1447845480
2264125181	1447845491
1266068182	1447845491
3283891344	1447845516
5607178796	1447845517
5538970601	1447845525
1836843051	1447845530
3052080534	1447845536
1661161724	1447845538
3132662571	1447845542
3666057575	1447845545
2626538861	1447845557
2148609160	1447845567
5319106584	1447845568
2011903975	1447845585
1984916871	1447845587
3198465090	1447845598
5128249523	1447845606
3898910054	1447845611
3198465090	1447845623
1776480531	1447845630
5411867157	1447845637
2518283511	1447845639
5584954355	1447845645
2546960963	1447845651
1652758180	1447845654
2667846175	1447845657
2291786605	1447845660
1562355433	1447845672
3100133783	1447845677
2608311521	1447845688
5172101387	1447845691
2239529744	1447845695
5484512059	1447845703
2233408825	1447845707
3686397932	1447845709
5237308237	1447845711
2251799104	1447845720
3172906695	1447845722
2344920457	1447845735
1991939545	1447845752
1832298354	1447845755
1956175217	1447845757
3226262545	1447845766
1367057412	1447845777
1073656083	1447845801
1658096830	1447845805
1001165780	1447845823
2435011832	1447845824
3854002165	1447845836
1583954024	1447845837
3947815969	1447845847
2491531993	1447845855
1741244133	1447845855
5295224576	1447845858
1783789873	1447845859
3895348665	1447845863
2514039265	1447845866
5677177120	1447845876
1718991240	1447845889
2101940727	1447845891
1883925902	1447845904
1901863823	1447845926
2789734960	1447845940
3597693281	1447845949
3942952364	1447845951
1911291130	1447845961
3316142801	1447845963
3436335332	1447845969
3977539133	1447845976
5319702636	1447846008
2670487445	1447846011
2726996041	1447846018
1247555942	1447846019
2785421203	1447846031
1802510154	1447846035
1408531570	1447846043
2525316572	1447846049
2341371267	1447846066
3928632114	1447846079
2366422765	1447846085
5211831985	1447846090
2026185461	1447846092
2190669845	1447846101
5143128661	1447846142
2287893394	1447846144
3038934022	1447846147
3122017097	1447846187
1768093083	1447846191
1818831065	1447846194
3228284954	1447846206
5485915698	1447846209
1840199154	1447846211
5020295243	1447846234
1582847510	1447846234
2516445870	1447846293
1908254220	1447846294
1730836602	1447846297
5110198490	1447846346
1890407231	1447846355
1896014633	1447846366
3883138198	1447846389
1707159145	1447846398
1249958015	1447846398
5626932090	1447846399
1986828912	1447846400
1949508545	1447846404
5040966763	1447846408
2533792911	1447846417
5032902469	1447846417
3723102240	1447846419
2104003024	1447846432
1825974687	1447846443
2704737563	1447846466
2450542397	1447846476
3966388603	1447846482
1664115061	1447846489
1759747357	1447846529
3100305931	1447846545
3962033972	1447846562
1799252387	1447846569
5244107831	1447846572
3198015684	1447846587
5515105938	1447846639
2265214543	1447846640
3132010285	1447846645
3052215935	1447846658
2980314863	1447846663
1866641077	1447846677
1709493403	1447846689
3245652694	1447846740
5275012811	1447846774
2825484457	1447846777
2968846605	1447846789
1199921362	1447846823
2681837754	1447846845
1746247015	1447846852
3290403221	1447846853
3517764995	1447846858
1742176863	1447846887
3678517335	1447846892
5034119750	1447846932
3120671995	1447846945
5644712480	1447846953
2475686287	1447846989
2937981873	1447847013
2435940143	1447847017
2351611960	1447847022
1892049421	1447847036
5675041178	1447847090
1141337003	1447847094
2792491361	1447847109
5277125148	1447847114
5342570606	1447847122
2379928767	1447847122
5086956948	1447847125
2109457280	1447847130
5352559854	1447847154
2128224430	1447847160
1700858774	1447847164
2348337495	1447847190
3294976367	1447847205
3480930300	1447847211
3956091561	1447847215
3206977581	1447847262
2994159672	1447847287
1863588305	1447847323
3229249850	1447847326
3076142463	1447847326
2113465145	1447847327
2920994010	1447847330
2299488281	1447847336
1963561325	1447847349
1419859562	1447847366
2809936910	1447847421
1930882677	1447847439
1824073825	1447847454
5031928692	1447847464
2689188902	1447847468
5337814958	1447847474
2812201033	1447847474
5147856483	1447847476
2012258435	1447847483
2076172271	1447847517
2469714690	1447847538
3206011164	1447847562
2484046043	1447847617
5682291967	1447847633
5338954858	1447847656
3217180635	1447847724
2409710117	1447847786
1766912913	1447847800
5467070808	1447847810
1874143907	1447847815
2148498734	1447847825
2088740127	1447847844
5602365434	1447847846
1745486224	1447847872
1698018615	1447847904
2616935701	1447847932
2662760345	1447847932
1923081845	1447848000
5262374053	1447848006
1936103293	1447848008
2808516377	1447848026
1351375267	1447848051
1816798757	1447848068
5087460117	1447848095
1458167584	1447848108
1700755360	1447848118
5226426092	1447848120
1876755573	1447848138
1782764027	1447848149
1661344687	1447848249
1790217901	1447848282
2595446144	1447848290
1853393942	1447848294
2367834933	1447848309
2399694060	1447848314
2304681837	1447848314
2795271952	1447848317
1002018521	1447848318
5360241564	1447848321
1849683361	1447848403
2294597440	1447848410
2470727561	1447848415
1619179575	1447848453
3833295825	1447848456
1910862963	1447848459
2707736913	1447848493
3632451684	1447848545
5700331209	1447848568
5304199090	1447848616
3967452589	1447848647
2410329177	1447848654
5103150614	1447848671
3668163700	1447848714
1688193527	1447848749
5607861033	1447848785
5103478884	1447848788
2108571853	1447848833
3206620940	1447848844
5125936031	1447848968
5462787028	1447848977
3631057371	1447849085
3168945312	1447849090
2357211310	1447849137
1827657524	1447849149
5271855329	1447849152
3644320920	1447849172
1912865154	1447849187
5758297780	1447849257
2600882511	1447849305
2585785617	1447849341
1838143100	1447849377
1767649793	1447849395
1565715941	1447849403
1860674540	1447849423
5716214704	1447849451
5585657618	1447849509
2793766281	1447849511
1780960002	1447849539
1644850765	1447849551
1623053014	1447849604
5000427333	1447849621
5225652428	1447849645
1978769441	1447849653
2407486400	1447849658
2557504533	1447849659
2805176134	1447849668
5743341110	1447849693
2214045103	1447849695
3001177391	1447849714
5091668305	1447849726
2933261140	1447849769
5424018652	1447849779
5275260884	1447849819
5489799622	1447849832
1947818592	1447849877
5143372330	1447849890
3139826490	1447849890
1849821421	1447849899
5587697914	1447849923
5119085792	1447849928
3182612787	1447849946
3182612787	1447849951
5569501949	1447850018
2623463815	1447850030
3641544470	1447850051
5247548444	1447850060
2371618942	1447850064
5676830002	1447850108
5189171546	1447850162
2489704857	1447850163
3699989357	1447850167
1655330554	1447850203
1576429265	1447850207
1769249510	1447850207
5657867903	1447850279
5090521337	1447850292
5730168206	1447850333
5661312220	1447850431
2634268041	1447850498
5722497726	1447850556
1877811323	1447850576
2718367105	1447850617
2005361605	1447850621
1743099292	1447850663
1836658234	1447850699
2285179905	1447850716
5147238502	1447850800
5243944204	1447850804
1812371970	1447850852
2676611694	1447850886
5505505560	1447850888
2397314937	1447850933
3877803468	1447850964
3494564107	1447850964
2821875385	1447851002
1804230862	1447851098
5678094922	1447851109
5212720333	1447851132
2116288595	1447851209
2646387984	1447851280
3603329030	1447851306
5461976155	1447851344
2212548407	1447851355
1357772067	1447851357
5603095566	1447851365
1748711090	1447851367
2399822663	1447851374
3090685803	1447851399
3486096105	1447851406
3036590502	1447851438
5706311639	1447851505
2797471303	1447851602
5107404655	1447851642
1777566912	1447851658
2971998947	1447851705
1931598530	1447851715
1730812327	1447851720
3819224871	1447851733
2116958272	1447851758
1601188354	1447851799
2115720057	1447851877
2585694330	1447851908
2873884064	1447851958
1073255657	1447852015
3806434120	1447852056
5230632262	1447852071
1036210055	1447852091
2011172355	1447852098
2566573043	1447852148
2312783483	1447852154
1796775377	1447852154
2632266934	1447852168
5700477237	1447852175
1676802503	1447852194
3913559168	1447852286
2252114775	1447852287
2658836585	1447852294
1930096944	1447852358
2908145983	1447852378
3227514595	1447852393
1703804307	1447852544
2729312555	1447852607
1747247682	1447852613
3212036577	1447852679
1797693293	1447852722
2617509707	1447852770
5217558815	1447852826
2001051273	1447852846
1610192597	1447852859
5146701695	1447852869
1710256065	1447852876
5558590059	1447852904
3123310975	1447852910
5407177381	1447852942
1136964257	1447852966
1849640672	1447853053
2035043353	1447853100
3265818007	1447853123
3741477582	1447853171
3056536311	1447853185
2636916731	1447853212
1778577902	1447853235
1868812781	1447853249
1606995723	1447853277
1003520037	1447853294
5628479490	1447853323
1936333290	1447853328
5151708779	1447853342
1751468107	1447853409
1727574353	1447853454
3847407963	1447853497
2386759695	1447853502
5024242379	1447853586
2449566265	1447853646
5330494586	1447853651
1370127560	1447853717
5037533813	1447853722
2630405537	1447853759
1698786430	1447853762
5048018235	1447853781
2459152740	1447853793
1801696864	1447853795
1907544853	1447853797
3991716129	1447853836
2148835834	1447853842
5656113337	1447853898
1345545024	1447853901
1060732802	1447854076
1060732802	1447854087
2162596091	1447854158
1730291351	1447854176
3213726693	1447854187
2193784205	1447854189
2710848511	1447854201
3170114491	1447854269
5463667684	1447854276
1997989793	1447854300
2576673701	1447854326
1951134267	1447854344
2558730855	1447854386
5176347590	1447854396
2263456451	1447854437
5227883877	1447854449
2741815880	1447854492
5684411075	1447854493
1747492902	1447854522
1846959057	1447854541
2271322422	1447854581
5333327428	1447854597
3263978630	1447854668
5286175183	1447854689
1920397902	1447854776
2253112842	1447854788
2695958983	1447854832
2617210435	1447854835
1899921423	1447854864
2038452011	1447854902
2234140887	1447854919
5531990574	1447854931
1669459755	1447854959
3280882501	1447854966
2102541621	1447854974
1550126424	1447855084
1903467115	1447855098
2066883150	1447855116
5078028173	1447855138
1940960044	1447855161
1381559314	1447855220
1764639712	1447855283
2538582134	1447855331
2269258477	1447855368
2787151175	1447855400
2069356514	1447855415
5329197956	1447855441
1834245775	1447855494
2828866303	1447855494
5578091733	1447855500
2686194435	1447855520
5623517758	1447855627
5643499663	1447855627
2465096230	1447855640
3094676491	1447855662
2736416713	1447855744
3842912230	1447855792
2090716930	1447855807
5365815222	1447855852
2200966015	1447855908
2623454070	1447855919
3121905942	1447855965
1434320237	1447855981
2814905102	1447856019
3280882501	1447856027
2184554232	1447856084
5192896851	1447856105
2029508732	1447856147
5683787282	1447856164
1403992885	1447856199
1111804120	1447856200
2676795652	1447856225
3930004905	1447856228
2426840037	1447856230
5012231521	1447856282
3697960435	1447856335
2114218453	1447856347
1782747892	1447856354
2189122815	1447856389
1772315884	1447856436
2136468040	1447856548
1885787060	1447856549
3219854125	1447856709
2930773887	1447856737
2854598534	1447856773
5512842322	1447856803
3962736805	1447856824
2607372965	1447856900
2123281054	1447856916
5631918301	1447856926
5540237108	1447857012
2195655043	1447857016
3544183032	1447857027
2716708393	1447857050
2248907783	1447857125
5205383278	1447857171
3256766700	1447857175
1821490631	1447857178
3148514302	1447857185
5559880485	1447857234
1801463862	1447857262
5171638298	1447857290
1088473383	1447857308
5268285761	1447857318
3187796753	1447857354
2004775805	1447857355
1758741567	1447857386
3266110902	1447857398
1204946921	1447857411
2719495083	1447857461
3283780611	1447857475
5219527639	1447857485
2674630763	1447857614
3943192601	1447857669
5144505647	1447857681
3880776042	1447857685
2316518955	1447857817
2606846924	1447857819
3074602293	1447857821
5293293128	1447857828
5644254726	1447857855
1326883877	1447857869
1765380991	1447857910
5510712527	1447857913
3304875575	1447857926
2473949441	1447857950
3880402686	1447858011
2661565763	1447858029
1690155040	1447858042
2061122240	1447858047
2447466165	1447858109
2833796120	1447858120
2565393930	1447858127
3279560774	1447858129
1774722110	1447858159
2808279062	1447858159
1625571350	1447858160
2559761713	1447858161
3229056547	1447858185
5311216744	1447858296
5631257701	1447858299
3888410826	1447858301
5263253696	1447858343
3199132595	1447858361
5554971518	1447858419
5574730971	1447858449
5321181483	1447858497
3974556066	1447858505
5237884846	1447858527
3538768241	1447858556
5384522966	1447858574
2172211693	1447858583
2695051831	1447858715
3129334090	1447858750
1991103937	1447858768
5508537614	1447858812
1793384781	1447858835
5508537614	1447858841
5662440650	1447858910
2606572653	1447858912
1908692482	1447858928
5248274626	1447858931
1773731583	1447858962
1916333232	1447859009
1892966420	1447859070
3551981662	1447859088
5335759099	1447859211
2183520285	1447859249
3299520675	1447859258
1817277014	1447859259
1943844392	1447859277
2320928297	1447859336
3508757624	1447859394
1775448052	1447859395
3477754675	1447859587
5611064485	1447859627
2973700853	1447859670
5025638483	1447859681
2606977215	1447859686
2983107740	1447859711
5025638483	1447859712
5643333219	1447859733
1823608824	1447859787
5155928164	1447859821
1260134125	1447859828
3172408674	1447859830
3271345990	1447859831
3902802988	1447859843
1984614540	1447859931
1880187734	1447859957
2864379734	1447860064
2864379734	1447860074
1232672907	1447860122
5150127831	1447860135
1739670921	1447860136
2485466164	1447860173
2185958912	1447860186
2890278620	1447860221
2937348973	1447860257
3181830710	1447860262
3070761524	1447860269
5364629853	1447860320
2726535351	1447860347
1607056460	1447860357
3436460400	1447860365
3208299397	1447860415
1941614480	1447860426
3690745620	1447860468
2396083252	1447860536
3304671315	1447860620
1353305752	1447860727
2268711234	1447860730
5723302310	1447860737
2193612000	1447860743
3046789841	1447860750
5235310934	1447860850
1829998373	1447860886
5341358267	1447860936
2381284622	1447860977
2041316512	1447860988
2427029211	1447861026
3523940243	1447861037
3870908557	1447861050
1719035260	1447861171
2357895983	1447861177
1781500442	1447861196
1740041621	1447861292
5088141706	1447861301
2876344642	1447861434
5669483880	1447861445
2351075741	1447861468
1785410151	1447861502
3798544007	1447861567
3580014681	1447861583
2414618657	1447861614
1225168020	1447861634
2991868114	1447861802
1742204845	1447861823
3716521113	1447861885
5543217174	1447861951
3082931865	1447861978
5128686901	1447861981
3204848795	1447862040
1774509351	1447862040
1278296094	1447862151
3143502753	1447862153
1789401327	1447862176
5381312387	1447862356
5029129349	1447862377
5021020817	1447862412
1841613820	1447862420
5336335390	1447862459
2727715662	1447862494
3273645147	1447862623
5241043816	1447862704
1750457665	1447862716
3845257895	1447862913
3303388383	1447862917
3191640341	1447862986
5205426917	1447863047
3861763178	1447863065
5334372330	1447863124
3839112848	1447863229
5052360308	1447863239
5052360308	1447863267
1838002707	1447863368
2675122353	1447863559
2298682057	1447863661
5310360523	1447863661
2576913297	1447863955
1839471850	1447863995
1649440531	1447864094
2318835251	1447864183
1656747370	1447864434
2257956142	1447864453
5017080443	1447864455
2036907145	1447864484
5032203848	1447864555
2074891944	1447864613
5092997226	1447864619
2115510147	1447864679
1810275233	1447864709
5092997226	1447864710
3074692741	1447864809
1881159963	1447865166
3052155117	1447865210
1869982147	1447865263
2115101100	1447865277
5754764348	1447865800
3850777452	1447865809
2341462357	1447865989
2167585123	1447865995
3241649597	1447866149
1770077462	1447866232
5254718417	1447866350
5186464471	1447866566
5501722873	1447866654
5281370567	1447866811
3544341802	1447866854
2907141401	1447866989
1767910710	1447867077
1917065681	1447867568
3195868787	1447867817
5151370935	1447868016
1704000475	1447868328
2817935253	1447868333
1864747257	1447868636
5154167043	1447868866
3142239730	1447868988
2723969344	1447869283
1849589034	1447869372
3146397577	1447869696
2328352252	1447869948
5174361736	1447870017
1930460071	1447870222
2484404494	1447870254
1927743782	1447870612
1973023417	1447870835
2430172623	1447871794
1862398027	1447872717
3124922647	1447873191
3209727393	1447873499
1882693100	1447877690
1984166427	1447878513
5415992039	1447879444
1772915053	1447881092
3916766731	1447882130
3374069990	1447882432
3301361570	1447882708
2782914551	1447883235
1974552905	1447885505
1061366771	1447886425
1988526281	1447886550
5254102363	1447886803
3287752012	1447886846
2106799222	1447886974
1141572080	1447887030
2616511313	1447887154
5510489214	1447887300
1669937475	1447888060
3591073634	1447888424
2846963115	1447889254
1743081041	1447889899
2316277260	1447890081
2455146425	1447890120
2697190535	1447890138
1795399281	1447890211
1819438907	1447890351
3156188134	1447890431
5386669595	1447890783
1968331253	1447890820
2459014990	1447890875
1436715083	1447890937
3613395133	1447890967
2177247351	1447891022
2177247351	1447891040
20673213	1447891147
2501759872	1447891385
1969961093	1447891545
1042349197	1447891699
3202446610	1447891804
1991749535	1447891850
2503247410	1447892005
3309388721	1447892040
1193364400	1447892068
2640616691	1447892215
1943185825	1447892286
3834708338	1447892465
1781115097	1447892696
2460769253	1447892907
5286224855	1447893602
2158545040	1447893772
2764152770	1447893823
2707966591	1447893999
1741890550	1447894169
2510131743	1447894455
2126433791	1447894513
3291319773	1447894524
3101101473	1447894542
5308384810	1447894547
1563795841	1447894740
3136370503	1447894906
2078173440	1447894908
3619743607	1447895035
5484266589	1447895565
3681162081	1447895578
1889188792	1447895825
5012151298	1447895965
2553741145	1447896061
5090187897	1447896085
1241094240	1447896460
3430611202	1447896491
1942720713	1447896604
1589270595	1447897173
5111793119	1447897224
2941427607	1447897335
1727194880	1447897676
2431275623	1447897822
5299809078	1447897958
3933184214	1447898278
1949468111	1447898371
3089726804	1447898505
2326520103	1447898769
2051865925	1447898849
2051865925	1447898978
5597136975	1447899085
3823996706	1447899488
2870609530	1447899530
5575489650	1447899883
2799302894	1447900101
2466991540	1447900159
1972348751	1447900348
3743346012	1447900426
1707832041	1447900603
2775356971	1447900635
3881714437	1447900683
1801295671	1447900939
3247454191	1447900982
2829748734	1447901128
2181380294	1447901132
2344098584	1447901138
3250193400	1447901171
3743346012	1447901460
1650762315	1447901464
5674587236	1447901949
3071905683	1447902024
1855455937	1447902468
1220452727	1447902784
3221889540	1447902901
1752123337	1447903072
2071402791	1447903130
1730169964	1447903182
3199332312	1447903592
2004822227	1447904059
5186195096	1447904602
5411715240	1447904658
5134639855	1447904841
1728864061	1447904952
1779814871	1447905144
2887735614	1447905283
2174418115	1447905355
1248906051	1447905614
2462597343	1447905793
3653582914	1447906598
1838960442	1447906752
1793041334	1447906849
3190239870	1447907277
3289432755	1447907502
3164835753	1447907614
1994879845	1447907648
1229695637	1447907674
2671186473	1447908143
1760155423	1447908196
3488565297	1447908336
5627823048	1447908342
3736433394	1447908401
2779967862	1447908651
2625626580	1447908683
3235122394	1447908723
2321601472	1447908851
3852403720	1447908879
5452708104	1447908880
2449126987	1447908953
2816796433	1447908967
2348972160	1447909435
3137401631	1447909794
2246573890	1447909834
5587181951	1447909955
1561737393	1447910084
1682667514	1447910335
5763298429	1447910728
1843137902	1447910871
2986338481	1447911164
2056709735	1447911284
3626263061	1447911592
5401479315	1447911907
1651829993	1447912103
1950820132	1447912132
1913191872	1447912357
2109117325	1447912453
3215970293	1447912838
5476988019	1447912946
5155912116	1447912969
2828510463	1447913209
2751802025	1447914087
5087777392	1447914208
1151948860	1447914546
3282244020	1447914764
5754259386	1447915321
2557174817	1447915728
5440727676	1447916212
1996705240	1447916335
3674802982	1447917543
5338496645	1447918462
1822353841	1447918662
3172007915	1447918768
2990757024	1447918882
1875104627	1447918990
2930235473	1447919040
1620347127	1447919146
5218190130	1447919278
5521482406	1447919511
1412473164	1447919643
1808696487	1447920468
5018873417	1447921121
2309453010	1447921331
3908869067	1447921757
3071212701	1447921992
2718073261	1447922668
2249363660	1447922908
3243270931	1447922992
1860279414	1447923592
1949966905	1447923596
5440093821	1447923633
5712635226	1447924348
5762709592	1447924438
1105858555	1447924647
2907202121	1447924690
1105858555	1447924692
1827440077	1447924694
5765047871	1447924706
1864340260	1447924726
5201694370	1447925781
3608960990	1447926222
5650109784	1447926627
1879778390	1447928823
1301908084	1447929763
1870063601	1447929994
2183703877	1447930621
2025823357	1447930656
5448127620	1447930804
5277841908	1447930830
3496653920	1447931827
3540228733	1447932167
2743039350	1447932242
1848738160	1447932518
1708134654	1447932839
1565791975	1447933099
3993711135	1447933561
2283487705	1447934158
5178229895	1447934971
1795507651	1447935032
2343074257	1447935829
2712914740	1447936719
1305410533	1447937453
3463068700	1447937888
5622100258	1447937982
3921115186	1447938996
2084569671	1447939616
5391739179	1447940270
1949586747	1447941525
2305692177	1447941901
1302638281	1447941993
3353917242	1447942583
2153374564	1447943156
1881334381	1447943166
2769363040	1447943554
3187890923	1447944314
2950060393	1447944690
1842200207	1447944853
2650447834	1447945467
2935980977	1447945542
3874280455	1447945569
5758521766	1447947546
5176761012	1447950193
2488609492	1447950349
2538176953	1447953958
1661234934	1447955347
1661234934	1447955432
5368936173	1447955858
2161601792	1447957903
5692288979	1447968444
1789942211	1447971268
1955124104	1447975561
3189918550	1447984291
3627707741	1447986126
5292458219	1447986919
1918221011	1447990499
5340846198	1447991090
3275709715	1447991800
3121906594	1447991949
3887436410	1447992271
2778803591	1447993822
3134741385	1447994526
2762780287	1447994974
2784405883	1448007364
3937358091	1448014718
5312242196	1448015659
5705594124	1448017192
2242100652	1448018008
2535930533	1448020155
2379180515	1448020844
2092995194	1448021741
1648291090	1448023493
2842716303	1448023678
3137350953	1448024718
1918482463	1448027176
5362312599	1448030866
3933858939	1448031775
2049230415	1448033557
2277677694	1448033802
1948648693	1448034845
2696438213	1448035319
2989637162	1448050112
2591950584	1448058788
5600151879	1448075175
3727131920	1448082492
2609045595	1448086245
3129522961	1448095585
1687362863	1448102389
3870330108	1448104121
2699473940	1448108291
3749516887	1448111378
2386025487	1448120778
2644918447	1448125833
2033344461	1448133242
1009198250	1448170656
2259976927	1448180110
2295798303	1448275935
5705594124	1448276474
2543945865	1448283852
5538780255	1448300960
3973772665	1448348103
1101911491	1448351120
1102393625	1448385688
5692288979	1448386320
2982624603	1448416615
5053219940	1448450060
3088714043	1448475538
2478201672	1448600278
2215996611	1448666680
3926997912	1448688366
5049798270	1448723635
2705895450	1449281860
5346277187	1449706378
3524320590	1449803099
3030468141	1449845920
3837232855	1449997314
5416622822	1452341577
1667363854	1452702888
1805067522	1452737132
