5608272697	1448002472
2196679210	1448002503
3246616917	1448002635
2650856251	1448002673
5660379298	1448002710
1412182092	1448002827
5762393605	1448002851
5038635525	1448002895
3893967900	1448003159
1899359145	1448003201
1806972260	1448003322
1892207203	1448003333
2029883567	1448003418
5055774203	1448003538
2782245761	1448003669
5515645266	1448003949
5643246136	1448004179
5187194033	1448004315
5361559494	1448004763
5320998869	1448005052
5733429809	1448005165
5634177281	1448005201
2302270963	1448005288
2485417690	1448005294
1928989013	1448005455
2644590894	1448005498
1403021513	1448005679
1430008815	1448005706
1779146121	1448005738
2151816765	1448005872
3672503927	1448005885
2632131257	1448005894
1773127403	1448005940
5426541607	1448005957
5378655085	1448006316
1928872055	1448006884
3912688239	1448006901
2549959287	1448006941
2707851503	1448006967
3664091193	1448007164
5307766040	1448007199
1554117187	1448007276
5302181043	1448007485
1773983484	1448007595
2482077065	1448007835
1050060984	1448008056
3863474540	1448008094
2776686633	1448008374
2289958764	1448008439
1672379593	1448008514
1787343375	1448008753
2649716592	1448008819
1401713462	1448009315
2624783275	1448009392
5370271919	1448009439
5753795854	1448009547
1297392453	1448009713
2637388784	1448009763
5244160936	1448010009
5131629967	1448010038
2675877887	1448010060
2374609565	1448010096
5308373214	1448010277
5336249291	1448010298
3090654063	1448010349
5326352573	1448010414
2700801207	1448010510
1102139163	1448010615
2705353671	1448010919
5269032846	1448010981
2245186517	1448011004
3085753991	1448011072
1877661045	1448011439
1891667883	1448011711
5125954438	1448011972
3869385709	1448012007
2691321762	1448012207
1708137933	1448012423
1159804012	1448012561
3722403311	1448012867
3200176317	1448012913
1890258651	1448013212
1506346484	1448013239
1925317077	1448013340
2562012294	1448013422
3630508255	1448013426
5364548882	1448013481
2802248312	1448013635
2314897067	1448014076
3441725974	1448014182
2783554677	1448014427
5474755346	1448014459
5677664592	1448014464
1667289782	1448014514
2967563143	1448014517
2348169097	1448014620
5598758549	1448014661
5229312365	1448014838
5472799138	1448014930
3219753235	1448015287
2019108233	1448015550
3566093101	1448015638
5557487815	1448015710
2275855087	1448015996
5405500578	1448016044
5242557435	1448016123
1891409944	1448016227
3889307663	1448016230
5262000051	1448016609
2275508293	1448016649
2088164433	1448016923
3168400617	1448016928
2267509960	1448017045
5097596491	1448017053
3723078711	1448017137
5287048231	1448017564
3822297845	1448017779
3238754070	1448017905
3791372574	1448018347
1660104957	1448018541
1773589097	1448018651
3401516710	1448018682
2140840410	1448018687
5272334870	1448018909
5098457003	1448019049
1222760522	1448019073
5694646003	1448019628
5114367639	1448019725
5026104425	1448019813
3625084373	1448020054
1817314880	1448020233
5557015969	1448020476
5681318770	1448020726
3896109082	1448020885
3097521030	1448020887
1801773194	1448021186
1817531515	1448021673
2392011361	1448021781
1764444840	1448022030
3748104155	1448022331
5025533714	1448022395
5137578279	1448022540
1547364830	1448022609
2379983833	1448022651
5043728199	1448023004
2179338950	1448023016
5049798601	1448023092
1733490052	1448023286
2080370631	1448023787
1198555943	1448024173
2436786825	1448024175
3825941994	1448025814
2807489693	1448026091
3656781211	1448026467
2508314493	1448026472
2269408572	1448026629
1042049432	1448026712
2738783243	1448026779
5498034938	1448027204
2609558927	1448027858
3687239975	1448027974
1774163071	1448028057
3874109684	1448028202
1756939315	1448028499
1760155423	1448028587
5751813924	1448028714
5486193647	1448028722
3936784521	1448028743
5100538505	1448028749
1762614137	1448028836
5069430972	1448028992
3496393757	1448029038
2660226364	1448029089
2908009545	1448029269
5333600103	1448029297
2740990611	1448029383
5646242677	1448029536
5357177361	1448029805
5177089350	1448029941
3114801907	1448029997
1571408960	1448030309
5737767828	1448030340
5393281023	1448030496
5393281023	1448030512
2134847011	1448030540
5202107547	1448030574
5624974307	1448030599
2686558410	1448030839
3195083595	1448031005
2784345622	1448031167
5127079940	1448031187
3982393884	1448031194
5598330444	1448031454
5140614360	1448031497
5370640075	1448031530
5598330444	1448031554
1756300755	1448031624
3825622688	1448031837
3209193665	1448032142
3218922560	1448032858
1724193704	1448032989
2480958387	1448033037
3120781540	1448033245
5579520701	1448034117
3150949890	1448034272
5370314710	1448034385
5218126179	1448034524
5639746472	1448034576
1909452092	1448034714
2442253820	1448034871
2012594547	1448034893
1251589012	1448035715
1107711227	1448036020
1946387940	1448036105
1801313591	1448036347
2009537843	1448036714
2217215132	1448036873
3963263965	1448036947
5633477394	1448037016
3090942675	1448037106
2569046054	1448037131
2535158282	1448037325
1457275595	1448038022
2106430973	1448038682
2013765800	1448038794
3148864057	1448038913
1844900562	1448039317
1506944601	1448039492
3172785642	1448039800
1901570957	1448040237
5628970018	1448040322
5628970018	1448040545
2286118567	1448040628
5321246761	1448041106
3903472999	1448041297
2066061425	1448042593
5263648179	1448043064
1612137751	1448043844
5042688141	1448045562
2035825057	1448046735
2326263565	1448048035
2674663711	1448048891
5105626654	1448055982
5711003211	1448057759
5615953686	1448058927
2628027917	1448059179
1908797995	1448059581
1174888142	1448060135
1993126862	1448060972
2829184177	1448061126
5507370602	1448061497
2041737225	1448061505
5475024097	1448061673
2647611002	1448062158
5033874650	1448063265
2061893617	1448063268
5476034278	1448063373
3721743107	1448063449
2755836131	1448063646
1839488654	1448064325
2354431861	1448064815
2575564850	1448064822
5204757234	1448065314
1260483703	1448065345
1954279597	1448065651
2159407170	1448065653
2860357610	1448065965
3166567560	1448066593
2046744981	1448066772
1787104110	1448066798
1463978797	1448066973
1790406460	1448067292
2315818282	1448067353
2292726787	1448067552
5189308705	1448067619
2646789612	1448067697
2581542713	1448067717
5299375403	1448067946
5584241059	1448068008
5063009213	1448068224
2599496564	1448068524
2895405971	1448068529
5531571354	1448068591
5295404405	1448068750
2212967955	1448068792
3006914530	1448068865
5680949494	1448069044
1862280361	1448069210
2364952647	1448069659
3816555509	1448069823
2744685627	1448069861
5333028977	1448069921
3033732553	1448069950
2841770745	1448070021
3829115040	1448070203
1803149395	1448070214
2806847722	1448070321
1144125702	1448070694
3163268244	1448070712
2419959747	1448071149
2814117907	1448071205
1532457042	1448071428
5623822241	1448072130
3107585085	1448072316
5157581577	1448072425
2452099234	1448072711
1908173197	1448072742
2874384070	1448072753
1283790912	1448073040
5451020791	1448073058
5077777001	1448073079
5732776276	1448073438
2369082173	1448073538
3550584877	1448073728
3198471261	1448073859
2569371744	1448073881
5569412651	1448073898
1657907214	1448074004
3667298431	1448074034
3922476290	1448074039
3164897663	1448074323
1005599381	1448074340
2358447507	1448074569
3163000344	1448074597
5436280913	1448074735
2913433707	1448074736
2005502997	1448074779
3794248412	1448074844
3227199000	1448075013
3692043667	1448075016
5125122563	1448075843
3285192490	1448075909
5261776757	1448076040
3169292283	1448076207
2268128777	1448076394
3080839297	1448076460
1244453223	1448076527
2955118451	1448076668
2621642183	1448076819
3025997437	1448077122
3202561240	1448077218
2581292307	1448077452
2278285073	1448077486
5420719971	1448077498
1873315634	1448077521
5038494147	1448077524
5582689976	1448077702
2456366454	1448077876
2833933715	1448078130
3708629420	1448078363
3412655672	1448078444
2394616971	1448078521
1867106947	1448078531
3896248400	1448078628
2900998267	1448078715
2738229853	1448078744
1572292690	1448078959
3218656142	1448079025
5311627755	1448079209
2159607180	1448079210
2696300943	1448079833
2125478854	1448079863
3555175275	1448080050
3271054237	1448080506
5525553077	1448080509
1930253975	1448080617
5393281023	1448080670
2811086395	1448081055
1296236351	1448081200
5383645436	1448081298
3276832931	1448081395
5518100770	1448081523
1946474371	1448081856
5311614638	1448081925
3816100991	1448082179
3297537205	1448082198
2799396993	1448082242
5132772369	1448082537
2697038787	1448082554
1762757355	1448082601
3184649552	1448082647
3029073394	1448082698
2483694841	1448082738
5671248271	1448082757
3794474915	1448082761
5367946407	1448082940
5734090872	1448083067
3958071958	1448083099
2162630724	1448083161
2315060425	1448083164
2684624924	1448083256
5378859875	1448083357
5620481495	1448083433
5279687564	1448083509
1231293942	1448083888
5665294257	1448084368
3199785661	1448084748
5522931389	1448085012
5031116220	1448085153
3312227523	1448085315
2928758805	1448085369
5671323310	1448085448
2145941500	1448085561
2153622580	1448085970
1887804395	1448086283
2590307611	1448086428
1346561977	1448086493
5599047743	1448086622
5517505533	1448086757
5234584576	1448086785
5587701077	1448086811
1713828791	1448086820
2749935561	1448086906
1817600452	1448087119
3223146110	1448087160
3832994213	1448087166
2658122932	1448087207
2718157235	1448087231
2147597613	1448087442
2340458495	1448087812
5102718583	1448088011
1794548261	1448088222
5590114692	1448088270
5066716207	1448088420
5361712569	1448088559
5582652491	1448088645
2116816744	1448088652
2728729871	1448088691
3880998098	1448088721
2322602105	1448089198
1915472933	1448089267
1782235134	1448089388
1685579253	1448089417
2028869617	1448089506
2695489233	1448089567
2361466287	1448089588
5151148224	1448089647
2286532104	1448089667
5605434997	1448089725
5236163837	1448089735
3234633767	1448089910
1872904595	1448089991
5361416984	1448090007
2569683631	1448090026
3772374804	1448090245
2163269081	1448090305
2901825922	1448090361
5537118746	1448090435
2954093183	1448090523
5317728208	1448090653
2716781261	1448090661
3833407510	1448090757
2652511942	1448090823
3606673964	1448090974
1956045412	1448090992
2953003957	1448091177
3564639811	1448091186
5054769491	1448091245
2611851525	1448093147
1961649255	1448093885
2270276870	1448095051
1673337584	1448096087
1649541775	1448096759
1842866570	1448098681
5599047743	1448100787
1878844982	1448102988
5611386175	1448110279
5100190376	1448111457
1896968705	1448118725
2829184177	1448119667
5295404405	1448123173
5500366381	1448144647
2318258027	1448144869
5027695523	1448149608
3034824515	1448149847
1862188840	1448152857
2003914401	1448158856
1861342542	1448160290
2711393153	1448160946
5087007522	1448162579
5640418249	1448166929
2811086395	1448174097
3316951572	1448178869
2874384070	1448184138
2894305915	1448184825
1742719634	1448197837
5436280913	1448202266
2807036781	1448236548
3989980501	1448269804
5436280913	1448270334
3034824515	1448278640
2672595501	1448287870
2315392287	1448291441
5615953686	1448371912
5436280913	1448420734
3205834495	1448445861
5049009722	1448467904
3802532891	1448531303
2396148901	1448671542
5389248583	1448697982
5577474602	1449148625
2396148901	1450342416
2065351215	1450663096
