1651595252	1303698020
1851821343	1303698613
1912974563	1303698746
1885103522	1303698975
1149095611	1303701578
1878283944	1303711917
2107947834	1303712450
1935024820	1303729553
1847148764	1303729781
1735515671	1303732310
1891613825	1303734104
1910199711	1303744624
1818966045	1303744915
1768814891	1303746058
1771304843	1303779370
1941930312	1303801439
1945652297	1303814006
1853663620	1303816379
1773703065	1303882792
1983490173	1303902551
1769411453	1303987987
1823843900	1303989459
1108540597	1303990363
1735449350	1303990547
1864780860	1303991950
1800456002	1303992859
2048485250	1303993403
1965760113	1303996585
1820743064	1303997373
2098954123	1303997417
2018551425	1303999646
1737746554	1304051045
2021088257	1304059982
1072903324	1304069445
1793840515	1304120504
1864258074	1304131148
2001643390	1304143804
1842512967	1304169215
1801145913	1304237201
1830703977	1304237783
1919944460	1304245652
2107682645	1304257817
1957227701	1304259680
1863527043	1304325371
1889250823	1304347437
1881340552	1304674726
1807944790	1304698386
1748061170	1304760052
1765214424	1304760080
1915515295	1304760100
1840350180	1304760101
1916857255	1304760212
1868559890	1304760311
2032432625	1304760359
2013466305	1304760360
1774251810	1304760396
1847405212	1304760460
1707518862	1304760542
1750466770	1304760547
1922956497	1304760606
1098089993	1304760713
1813162951	1304760813
1957541592	1304760942
1776936113	1304760965
1930219981	1304761235
1425724404	1304761273
1949508371	1304761469
1027301771	1304761492
1094010074	1304761516
1868681893	1304761832
1800411920	1304761866
1845202547	1304761882
1891255673	1304762226
1852172854	1304762227
1434169483	1304762366
1712212295	1304762628
1939186635	1304762795
1896839833	1304762843
1580330793	1304762918
1885330292	1304762957
1774093483	1304763027
1892377172	1304763641
1987721443	1304764171
1790810921	1304764621
1661364135	1304764688
1910536805	1304764882
1596776363	1304765252
1800782513	1304765321
1849883580	1304765688
1967721237	1304765928
2119015525	1304765983
1940858363	1304766421
1795787041	1304767216
1729069492	1304767454
1825294917	1304767485
1790077864	1304767500
2095068600	1304768796
1346982111	1304769439
1759933011	1304770035
1988799071	1304770616
2101818280	1304770647
1809519814	1304771734
2069984103	1304772425
2086627513	1304772581
1993848057	1304773379
2102037874	1304774473
1883488432	1304775370
1859417257	1304777576
1418683610	1304778950
1728525723	1304780235
1672819442	1304781738
1726545160	1304781816
1405989542	1304782387
1703664231	1304783339
1988484875	1304783583
1744421811	1304784481
2117534950	1304785867
1887150694	1304785888
1999091111	1304785992
1434171703	1304786295
1950141337	1304819385
1949747073	1304822227
1762393797	1304839728
1569871491	1304842054
1756793805	1304843666
1650133927	1304850984
1842814090	1304852514
1747075394	1304855145
2061501535	1304863366
1700810205	1304938239
1833213441	1304946849
1689301655	1304997901
1826733963	1305000377
1912679634	1305007112
2140330054	1305020935
2123905351	1305044135
1990917792	1305101281
1831685330	1305111672
1967749544	1305118923
2025807605	1305177206
1868284574	1305204545
1701982057	1305219350
1821112565	1305254535
1955840941	1305274845
1769834414	1305361671
1846269575	1305377002
1768744744	1305380564
1865156162	1305411165
1765627403	1305462189
1742121785	1305465150
1972906137	1305527550
1884364791	1305608770
1804901712	1305610818
1836628811	1305634970
1413374604	1305786772
1930510930	1305870187
1783879814	1305896037
1910049731	1305986459
2068236953	1306000152
1889604220	1306041142
2005975590	1306045645
1747455725	1306070162
1852227554	1306140599
1915674685	1306153224
1885683044	1306153763
2126273972	1306155667
1245899050	1306156753
1636470933	1306246308
1758655647	1306249563
1913498442	1306350117
1885800855	1306675074
1800342463	1306682676
1603552293	1306761252
1744503043	1306931833
1984756590	1307017067
1862741567	1307081797
2129604922	1307099808
1808179740	1307250213
1908822154	1307458610
1262590197	1307535826
1906901344	1307546107
2043777281	1307618222
1761580632	1307632644
2008792775	1307720963
2167389023	1307783180
2170154380	1307857530
1990315635	1307864254
1222507237	1307896442
1973239685	1307944848
1678227430	1307953955
1942144322	1308046047
2112454801	1308126463
1889131433	1308236097
2117357582	1308278806
1784879591	1308291460
2138938793	1308364148
2075345045	1308801386
1830655355	1308819073
2068671437	1308917459
1773455195	1308942808
2193200777	1309397951
2060262963	1309598667
1887372554	1310217990
1861134063	1310400448
2184479390	1311683183
2154983705	1311830880
1984969145	1311945571
1770700100	1335451995
