1956025337	1349679476
1722483040	1349679517
1409016983	1349679574
1903473545	1349679578
2245969614	1349679600
1805028402	1349679604
2171673060	1349679604
2165340353	1349679615
2273007674	1349679644
2883037594	1349679653
1261269594	1349679664
1680724445	1349679699
2389801592	1349679702
2476707185	1349679705
2130927083	1349679721
1878831300	1349679760
1885492987	1349679768
1853645205	1349679772
1661107515	1349679805
1813584767	1349679817
2649147151	1349679817
1678869963	1349679822
1896338341	1349679825
1402201884	1349679828
2346244834	1349679830
1612847451	1349679839
2210667167	1349679859
1305630760	1349679860
1429530381	1349679891
2002758013	1349679904
2183786811	1349679930
2273085577	1349679977
1418081293	1349680022
2595853803	1349680055
1652016815	1349680059
1250698360	1349680144
1251063153	1349680207
1720807517	1349680216
2124491653	1349680223
2648782701	1349680259
2001655723	1349680261
1621935102	1349680278
2794307610	1349680301
1740805354	1349680375
2493415153	1349680388
1854718973	1349680469
1815331877	1349680545
1716432282	1349680564
1148054724	1349680621
1307964674	1349680685
1569581582	1349680693
2014124651	1349680725
2963786737	1349680772
1774578754	1349680778
1852643840	1349680782
1812627083	1349680819
1272687037	1349680860
1965038657	1349680863
2283573102	1349680864
2109305867	1349680893
2268180571	1349681004
1399422452	1349681046
1472357410	1349681075
2042336895	1349681081
2930647044	1349681120
1175233213	1349681189
2957800571	1349681198
1145192037	1349681265
1736447054	1349681267
2007213027	1349681286
1712740287	1349681289
2286487413	1349681293
1924694561	1349681305
1682685827	1349681368
1848692410	1349681370
1425241155	1349681377
1841476680	1349681402
1896230262	1349681425
1896230262	1349681433
2114261174	1349681442
2456217652	1349681455
2201505092	1349681557
1788289664	1349681606
1475404974	1349681660
1961490507	1349681676
2478403473	1349681747
1567434273	1349681794
2728330027	1349681808
2154954245	1349681818
2727946995	1349681819
2708611833	1349681844
1406125033	1349681962
2526448243	1349681964
1664749701	1349682019
2086759934	1349682027
2641713943	1349682036
2530789653	1349682215
1818445213	1349682238
2525187220	1349682239
2748018142	1349682245
1839153732	1349682296
1774586610	1349682322
2672349043	1349682387
1241497521	1349682409
1419874151	1349682490
2805204310	1349682704
1407838951	1349682748
2315972183	1349682762
1992445625	1349682765
2260823162	1349682798
2187271061	1349682805
2434872741	1349682882
2276348177	1349682897
1419874151	1349682921
2416638704	1349682983
1906563357	1349683023
1768120200	1349683087
1813397490	1349683123
2826117290	1349683198
2471567531	1349683419
1903286517	1349683518
1664150153	1349683527
2201066312	1349683588
2701600692	1349683609
2164874171	1349683637
1401927834	1349683658
1410327034	1349683689
1431016384	1349683700
1031803180	1349683867
2094551007	1349683897
2642389250	1349683916
1887107101	1349683991
1708834343	1349684108
2411856175	1349684315
2216537517	1349684351
1085069695	1349684426
1885583764	1349684431
2129155424	1349684448
2648210364	1349684471
1904868321	1349684479
1829466405	1349684493
1832534047	1349684590
1757306631	1349684653
1929372624	1349684666
1664938141	1349684738
2010737870	1349684883
1788062343	1349684970
2694241537	1349685114
1067459324	1349685182
1996795765	1349685259
1401481412	1349685311
2120506935	1349685320
1992517162	1349685524
1746159424	1349685762
2160920612	1349686057
1826836407	1349686131
2671855470	1349686215
2127690933	1349686465
2526448243	1349686564
2809484381	1349686999
2046861653	1349687104
1855348502	1349687218
1401965612	1349687474
2112645211	1349687613
2179480961	1349687615
1805836380	1349687659
1857186120	1349687665
1687132920	1349687727
2102196164	1349687743
1200616425	1349687781
2012773765	1349687789
2784838360	1349687845
1921556543	1349687848
1827231097	1349687906
2025487191	1349687939
1917290557	1349687966
1196139387	1349687967
2389152244	1349687973
1237430804	1349688015
1649395714	1349688025
2784700124	1349688046
1051292340	1349688053
1666284072	1349688064
1898891992	1349688070
2050124490	1349688126
1426062593	1349688138
2088985853	1349688177
2252447793	1349688269
1937170915	1349688271
1072038067	1349688298
2278858762	1349688354
2412448562	1349688408
2636454582	1349688497
1837825001	1349688524
1926919687	1349688525
1942658285	1349688551
2042981061	1349688662
1345096822	1349688685
2606812822	1349688699
2092912311	1349688706
1891142123	1349688736
2369451385	1349688817
1854020431	1349688833
2218276454	1349688852
1863370124	1349688873
1689388383	1349688888
2301521014	1349688931
2378230051	1349688996
1855831741	1349689014
1797403533	1349689122
1659828763	1349689224
1162423902	1349689230
1010742935	1349689236
1718022717	1349689237
1925749192	1349689250
2407563355	1349689291
1857580910	1349689398
2008278193	1349689416
1916904595	1349689452
2080111071	1349689456
1861965895	1349689459
1463719460	1349689616
1407785905	1349689672
2434837064	1349689679
1098258114	1349689790
2155134225	1349689807
1866238502	1349689820
1682519975	1349690019
2748987175	1349690054
2317541191	1349690165
1960505270	1349690198
1728952182	1349690303
1486578533	1349690376
1266560505	1349690444
1824689004	1349690685
1887107101	1349690760
1092762867	1349690844
2775019037	1349690979
2044475475	1349690999
2405498831	1349691002
2322596500	1349691035
2053262510	1349691115
1791198294	1349691234
2557588243	1349691240
1236221012	1349691276
1027791840	1349691346
1050847992	1349691395
2521099244	1349691682
1831639454	1349691976
2161324791	1349692042
1111263534	1349692216
1017499981	1349692437
1758527177	1349692446
2595831432	1349692451
2408351992	1349692513
1676465482	1349692839
2075094134	1349693016
1117317782	1349693167
1465162757	1349693399
1314608441	1349693525
1793400875	1349693580
2466181170	1349693689
2286081272	1349694466
1392379217	1349694537
2405036304	1349695080
2049627971	1349695268
2111694867	1349695367
1805702513	1349695529
2529369391	1349695828
1687132920	1349695926
2056793495	1349696120
2704788007	1349696136
2501235143	1349696159
1944716620	1349696379
1049679840	1349697088
1875682743	1349697127
1866418850	1349697235
1887107101	1349697330
2561076217	1349698130
2356280497	1349698416
1729164801	1349698543
2675030451	1349698577
2722432945	1349699306
1948017932	1349699367
1238102054	1349699404
2609526961	1349699439
1498472940	1349699452
2642678545	1349699500
1408406080	1349699523
2152117087	1349699545
1729164801	1349699615
2376986032	1349699854
2165917980	1349700012
2463052063	1349700025
2810932123	1349700069
2292345767	1349700328
2661073383	1349700450
2460524340	1349700501
1617085613	1349700956
2413858843	1349701288
2339904665	1349701373
2786318552	1349701689
1333729375	1349701725
2740749761	1349702060
2273755852	1349702078
1075615955	1349702679
1427745354	1349702775
1894500490	1349702952
2081985453	1349702996
2792881940	1349703037
2481223844	1349703327
1956114641	1349704062
1548238987	1349704201
1760372197	1349704228
1025916607	1349704432
2336429267	1349704464
2771032387	1349704504
2467462783	1349704520
1919212567	1349704535
1894789987	1349704706
1212608173	1349704718
2937991667	1349704726
1443514265	1349704734
1142443353	1349704736
1859123182	1349704766
1814990677	1349704881
2774680311	1349704919
2279767497	1349704989
1847671420	1349705047
1693554234	1349705141
2203407734	1349705169
2119831382	1349705214
1997188411	1349705238
2125199691	1349705271
2932217555	1349705393
2654032291	1349705531
1798823911	1349705655
1448814625	1349705702
2473934424	1349705739
1086691187	1349705856
1783494613	1349705922
1898441607	1349706031
2459821092	1349706114
2103694717	1349706366
2551919940	1349706879
1654774641	1349706898
1497452373	1349707004
1658591060	1349707081
1402677477	1349707105
2138012257	1349707344
2812769117	1349707356
2840460771	1349707687
2010660887	1349707777
1654301163	1349707828
2190157793	1349707891
1874576272	1349708043
1921556517	1349708283
2201289981	1349708802
1497157361	1349709470
1963366967	1349709488
1895848971	1349710272
2741346750	1349712112
2818180533	1349712260
1250146655	1349712327
2150505210	1349712372
1912618811	1349712536
2676439805	1349712731
1657549497	1349712877
1989342943	1349713017
1837007082	1349713820
2833833427	1349713868
2232679927	1349715110
1060673730	1349715892
1687479871	1349716688
1403578085	1349717104
2786815895	1349717272
1789100471	1349718106
2244659562	1349718317
2128088595	1349718876
2474178495	1349719043
1497061437	1349722789
2237317665	1349725700
2437180490	1349728098
1752981820	1349729544
1893630743	1349732495
2217560275	1349735087
2789950530	1349735177
2643490383	1349735685
1658538185	1349737415
2820552091	1349738219
1146782275	1349739821
1896803891	1349740061
1784033751	1349741663
2959707855	1349741710
2263584402	1349741864
2311648937	1349742782
2142332873	1349742948
1715633803	1349743226
2659091613	1349744413
2334060541	1349746185
2673369933	1349746274
1852451507	1349746747
1944842973	1349747194
2128682993	1349748091
1733633713	1349748440
2077175935	1349748569
1322826043	1349748651
1929186455	1349748804
2096819743	1349748823
1398640892	1349748868
2526448243	1349748942
1795387772	1349748956
1480613574	1349748998
2596619341	1349749017
1909600712	1349749176
1799280415	1349749254
1710342682	1349749349
1119638827	1349749483
1911348005	1349749488
1949314524	1349749801
1394953413	1349750015
2006392947	1349750679
2647447814	1349750874
2383523437	1349751362
1308542630	1349752271
1760018865	1349752360
1041755805	1349752425
1394953413	1349752628
2028871087	1349752904
2919737930	1349753293
2789948702	1349753294
2789906880	1349753860
1867806172	1349753875
2184489912	1349753908
2097489152	1349754327
2033472341	1349756199
2115803350	1349756749
1867143310	1349757368
2814743142	1349759275
2157278355	1349760260
1933698593	1349775199
1880939045	1349778577
1604093683	1349780954
1923036431	1349781492
2256475845	1349786676
2396137181	1349788942
2254673102	1349789803
1416440342	1349789947
2091284750	1349792559
2096435253	1349795210
2111754612	1349796321
1701633567	1349819383
2619349885	1349820676
1615957292	1349820973
1952602333	1349821281
1498747747	1349825355
1763295530	1349825538
1186603484	1349829195
2263085875	1349835296
1926795793	1349835565
2789734162	1349839283
2840910965	1349841711
2039743215	1349861222
1710682267	1349868247
2732169977	1349904495
1665241125	1350039937
2612345213	1350291122
2635075687	1350319550
1921116347	1350820293
1657092773	1350882090
2811563605	1350898586
1790154307	1351180660
2927817071	1351395402
2259923665	1351738573
1464264300	1355671248
2621678832	1360729659
