2145494291	1338897046
2728387371	1338897088
1731641225	1338897153
1278657527	1338897167
2767425741	1338897187
1908385491	1338897229
1884833744	1338897245
2284840453	1338897274
1995075783	1338897275
1691777231	1338897427
2189930460	1338897493
2071529043	1338897601
1957366017	1338897619
2719663233	1338897629
1801443642	1338897718
1715155622	1338897754
2425077381	1338897755
2406064601	1338897801
1751242107	1338897895
1971376731	1338898001
1131019915	1338898286
2469674215	1338898753
2276522467	1338899027
2051520175	1338899252
1855673351	1338899259
2406064601	1338899321
2239975142	1338899806
2753514191	1338899822
2609581835	1338900855
2018246445	1338900955
2394838221	1338901246
2394838221	1338901467
2541811661	1338901571
1349335870	1338901880
1274303564	1338901929
2168950780	1338901996
2170075361	1338902013
2768554680	1338902039
2275849407	1338902150
1417138973	1338902157
1788115923	1338902166
1642547080	1338902179
1642547080	1338902217
2661234851	1338902257
1362236850	1338902276
2703319381	1338902323
1887787287	1338902330
1797641735	1338902368
1913611570	1338902373
1045534261	1338902389
2237675934	1338902396
2735957484	1338902413
1349335870	1338902452
1711178462	1338902461
1401858612	1338902461
1827538340	1338902509
1961386747	1338902510
2345231075	1338902512
2360032055	1338902514
1802454514	1338902523
2181063024	1338902549
1220857621	1338902564
1095556644	1338902564
1449722275	1338902614
2213312473	1338902625
1647101275	1338902666
1796364017	1338902721
1773100030	1338902744
2267308703	1338902744
2589450090	1338902749
2411579551	1338902753
1280747611	1338902758
1779970527	1338902759
2418434360	1338902765
2536674283	1338902784
2371232905	1338902807
1764366282	1338902840
1581544960	1338902860
1271918421	1338902875
2336799514	1338902906
2100811063	1338902937
2398788957	1338902979
1793050744	1338902987
1646144343	1338903044
1933839007	1338903045
2432164627	1338903093
1950002583	1338903130
1720778362	1338903137
1791244821	1338903148
1888379125	1338903259
1892359514	1338903288
2694150362	1338903313
2104867435	1338903362
1678351475	1338903368
1926821153	1338903374
2050334361	1338903420
2172104012	1338903444
2142204981	1338903479
2463532902	1338903495
1012273041	1338903496
2624086107	1338903504
1649318027	1338903637
2285695435	1338903664
2621475743	1338903666
1017597781	1338903693
1678351475	1338903711
1000726952	1338903740
1817108297	1338903838
1824802315	1338903862
2379560243	1338903967
2772287580	1338903993
1800360022	1338904009
2680515781	1338904011
1641053135	1338904022
2787326674	1338904039
1879468961	1338904048
2524048134	1338904075
2618689184	1338904128
2056052483	1338904196
1642030547	1338904215
1464788381	1338904233
1678351475	1338904234
1960750337	1338904249
2158121407	1338904269
1776670321	1338904307
1701268807	1338904312
1496834311	1338904322
2624086107	1338904458
1906840625	1338904465
2489304075	1338904586
2209730323	1338904612
1544629130	1338904648
2271391453	1338904725
2609313594	1338904731
2158443241	1338904767
1601120055	1338904869
1899314032	1338904895
1970949652	1338904941
1807715644	1338905050
2301500123	1338905062
1966247975	1338905091
1904852623	1338905093
1912456982	1338905102
1510017057	1338905104
2718779602	1338905112
1714995511	1338905114
2550320491	1338905118
2140554995	1338905120
1667553272	1338905126
2015050575	1338905128
2738828657	1338905137
1821369441	1338905141
2029713183	1338905143
2127875884	1338905148
1716574184	1338905157
1648626790	1338905168
2596304952	1338905174
1906033635	1338905180
1405720683	1338905184
2709875311	1338905204
1942612643	1338905204
1597002015	1338905207
2483245247	1338905211
1917902410	1338905213
1727159662	1338905216
1081391414	1338905221
1659497155	1338905226
1957664731	1338905227
1928284583	1338905230
1958838325	1338905233
2375427754	1338905234
1682774457	1338905237
2151661273	1338905244
1417886992	1338905244
1409065261	1338905245
2169287750	1338905245
1986763465	1338905247
1883791305	1338905249
1655000502	1338905263
2095075571	1338905271
1707541487	1338905274
1890025914	1338905274
2347252353	1338905279
1831396552	1338905284
1746159424	1338905287
1079519260	1338905293
2429127391	1338905315
2486188487	1338905338
2187795181	1338905346
2271145993	1338905359
2154930111	1338905363
2293278601	1338905367
2314124421	1338905371
1613050493	1338905377
1865989033	1338905377
2635500934	1338905384
1865989033	1338905390
1607151433	1338905403
1625015370	1338905406
1571428817	1338905412
1789009140	1338905413
2182860304	1338905420
1477697971	1338905434
37568662	1338905435
1887072864	1338905440
2081317711	1338905443
2759597053	1338905445
1871864063	1338905445
1886708394	1338905448
2264855250	1338905453
2474691657	1338905471
1833029652	1338905475
2024793407	1338905476
1408347467	1338905508
1655590195	1338905513
1748602914	1338905515
1863552924	1338905524
1443909017	1338905535
1726060861	1338905539
31612620	1338905540
1353421323	1338905542
2197953732	1338905545
1784071534	1338905547
1880124695	1338905556
1976440057	1338905557
1229784453	1338905558
1792942850	1338905565
2503043512	1338905567
2613649195	1338905569
2479139441	1338905588
1316651887	1338905589
2659421373	1338905592
1883589575	1338905594
2235090065	1338905602
1733092212	1338905638
1010227481	1338905649
2183146824	1338905650
1922752335	1338905657
1406675544	1338905664
2643038910	1338905668
1968538967	1338905683
1934925837	1338905684
2473598967	1338905687
1768632664	1338905689
1741040685	1338905699
1730268177	1338905735
1891182314	1338905740
1642874465	1338905744
1711386243	1338905752
2717828847	1338905762
1507903150	1338905763
2166765350	1338905764
1594782131	1338905771
2130033751	1338905775
1825905095	1338905776
1436336324	1338905787
1159458751	1338905788
2298576951	1338905788
1458411050	1338905798
1640530561	1338905801
1928859721	1338905806
1928859721	1338905811
2637107385	1338905818
1834365813	1338905818
2135384967	1338905846
1785654747	1338905848
2001919367	1338905849
1650784530	1338905849
1663205535	1338905851
1749906490	1338905858
2521076974	1338905859
2691522623	1338905870
1653997867	1338905879
2301625302	1338905895
1650636950	1338905896
1089104271	1338905901
1577167842	1338905901
2062400002	1338905908
2062845855	1338905917
2023645975	1338905922
1799837632	1338905934
1727680685	1338905952
1901286303	1338905952
2104432552	1338905955
2799257952	1338905958
1044941751	1338905963
1667295141	1338905966
1582821624	1338905969
2125268221	1338905981
1571428817	1338905994
1422124425	1338906005
1373372302	1338906006
2392582767	1338906010
2119220012	1338906014
1260134537	1338906020
1109072301	1338906037
2463113761	1338906044
2090280757	1338906054
1875080981	1338906059
2372499065	1338906086
1867039867	1338906102
1449604825	1338906108
1152094415	1338906110
1901879980	1338906119
2153285450	1338906124
1862571631	1338906126
2131286220	1338906140
2214483961	1338906142
1677063095	1338906155
2820698584	1338906157
1943134855	1338906161
2731827445	1338906163
1571428817	1338906165
1048310121	1338906171
2214483961	1338906177
2117828221	1338906188
2772827880	1338906192
2421269545	1338906195
1710026722	1338906206
1697128825	1338906208
1229784453	1338906213
2050745074	1338906220
1958803353	1338906229
2259494524	1338906235
2676612913	1338906250
1648216143	1338906251
1662667972	1338906267
2294275265	1338906269
2804933432	1338906276
1711187910	1338906282
2207750862	1338906288
1597797962	1338906312
1900310121	1338906318
2674753871	1338906323
1424029812	1338906330
1421767980	1338906334
1773155344	1338906336
2114827764	1338906339
2276102433	1338906340
2339347785	1338906350
1655095333	1338906352
2687234281	1338906358
1246593307	1338906359
2335123002	1338906359
1988265751	1338906369
1962037781	1338906389
1648472283	1338906394
1402232181	1338906394
1656855934	1338906401
2354623320	1338906407
1815992600	1338906413
1748615405	1338906419
2115521403	1338906426
1969367451	1338906444
2669634050	1338906450
1686071575	1338906457
1726060407	1338906465
2342443442	1338906465
2568833670	1338906468
1421888315	1338906483
1719137692	1338906485
1663618894	1338906489
1232569965	1338906492
1658806701	1338906497
1927382780	1338906498
1752159334	1338906499
1661240414	1338906499
1849038995	1338906509
2739895667	1338906512
2304247314	1338906527
1030503292	1338906527
2202123653	1338906528
1824585563	1338906538
2492529460	1338906547
2119074337	1338906555
2462934883	1338906566
1496857880	1338906569
1410892113	1338906571
1880664371	1338906574
1725918780	1338906582
1845200353	1338906599
1882028207	1338906604
1628048127	1338906615
2515783237	1338906621
1282363705	1338906625
1400192013	1338906625
1900377963	1338906633
1373858802	1338906640
1653618673	1338906657
2316110111	1338906658
1258889391	1338906674
2198400795	1338906674
1937575793	1338906674
1293741867	1338906675
1701808013	1338906679
1982936233	1338906705
1831682934	1338906739
2474124292	1338906746
2042045313	1338906746
2391308254	1338906748
2239937231	1338906771
2150169450	1338906775
1406450201	1338906785
1731131917	1338906786
1819593147	1338906786
1717753862	1338906799
1774130310	1338906828
2129252001	1338906838
1402038252	1338906845
1437674331	1338906846
1656733872	1338906848
1621868821	1338906850
1644628182	1338906875
2121932867	1338906877
1400760913	1338906885
1066919257	1338906896
2143399373	1338906908
2528506872	1338906909
1431118884	1338906931
2210993794	1338906957
2209977314	1338906959
1022645695	1338906973
2052177203	1338906980
1629940534	1338906983
2452258177	1338907004
1981400951	1338907020
1439477740	1338907030
1833088412	1338907066
1251599083	1338907084
1268326483	1338907085
2344872253	1338907091
2007214401	1338907096
1000650395	1338907103
1572540020	1338907104
1949371835	1338907106
1179022287	1338907138
2188386820	1338907162
1601311301	1338907163
2057145182	1338907195
2187296560	1338907198
2575270551	1338907201
1700560471	1338907202
2271611332	1338907202
2173097621	1338907236
1836601237	1338907255
1915604115	1338907260
2489061491	1338907276
1542816537	1338907281
2034160090	1338907297
2102076567	1338907298
1407000605	1338907305
2011306945	1338907307
2535932693	1338907308
1430577460	1338907328
1737415982	1338907328
2332323480	1338907341
1692657302	1338907346
1750994481	1338907392
2679933091	1338907401
1197736024	1338907416
1778601854	1338907416
1942211332	1338907430
1809172233	1338907436
2011635212	1338907457
1900978863	1338907476
2426776853	1338907488
1656008875	1338907492
1797839937	1338907493
1558920335	1338907496
1655508525	1338907502
2378230051	1338907534
1712584822	1338907539
1866271067	1338907555
2720729433	1338907558
1805224137	1338907595
1668358277	1338907605
2022879500	1338907607
1584385657	1338907610
1683922975	1338907633
2281375035	1338907663
1864078352	1338907691
2710313237	1338907695
1794092142	1338907699
2056623044	1338907715
1855320871	1338907724
1253056703	1338907739
1912624134	1338907759
1958193145	1338907776
1734508487	1338907810
1876110833	1338907824
1701738112	1338907828
1572540020	1338907880
2261420672	1338907895
1782724262	1338907896
1916154925	1338907902
1822187390	1338907905
2412251552	1338907987
1400216093	1338908036
1219712134	1338908040
2164628484	1338908052
2735957484	1338908091
2367427735	1338908104
1944561545	1338908210
2720770391	1338908220
1401296633	1338908225
1882637532	1338908250
2284489834	1338908257
1887209914	1338908260
2460827810	1338908270
2720770391	1338908277
2264454820	1338908290
2267069384	1338908290
2107214320	1338908303
1893842930	1338908304
1784362774	1338908321
1367283647	1338908325
1042221830	1338908379
1768181522	1338908379
2017568587	1338908383
1034927913	1338908389
1141021573	1338908422
1739051723	1338908451
1993243797	1338908471
1661302607	1338908476
2304863477	1338908494
2739870815	1338908501
1877878435	1338908539
1803761157	1338908560
2114261174	1338908562
1950499184	1338908581
1876522667	1338908589
2259513067	1338908614
1551001455	1338908625
1846508122	1338908629
1867572277	1338908629
2413706803	1338908648
1765217207	1338908655
1792873721	1338908657
2465967620	1338908661
1432494550	1338908695
1195912820	1338908710
1960117371	1338908746
1766604295	1338908753
2156881444	1338908823
1923713401	1338908864
2481659502	1338908901
1152971271	1338908920
1436077663	1338908949
1700097414	1338909013
1971376731	1338909032
1346860255	1338909042
1440070193	1338909048
2260969393	1338909063
1656363023	1338909065
1607559711	1338909091
2735412925	1338909113
1039003124	1338909129
2167755085	1338909138
1768647034	1338909154
1256771807	1338909168
1729660224	1338909178
2253109622	1338909184
1045689685	1338909199
2663323393	1338909200
1620336153	1338909207
2042045313	1338909208
1656541612	1338909215
2440588321	1338909247
1844871865	1338909248
2534525040	1338909249
1280108184	1338909256
1018273445	1338909333
1918322135	1338909391
1759044131	1338909395
1783582765	1338909404
1443014031	1338909414
1985761917	1338909417
1495057260	1338909425
2189538720	1338909442
1463720102	1338909447
2362007264	1338909461
1784865633	1338909499
1569121697	1338909525
2179708745	1338909535
2496593164	1338909539
2206491083	1338909553
1881828925	1338909554
1829555392	1338909560
1729660224	1338909579
1794017791	1338909589
1944561545	1338909596
2339176892	1338909611
1892516851	1338909639
2174566591	1338909640
2042045313	1338909648
1871600391	1338909649
2521565485	1338909695
1720454545	1338909727
2217994211	1338909777
1621255130	1338909831
1050511523	1338909835
1740318202	1338909844
2609581835	1338909848
1729660224	1338909858
1988937535	1338909862
1910314181	1338909865
2077426981	1338909882
1857262791	1338909903
2055726722	1338909907
1195891064	1338909951
2280635193	1338909990
2380429024	1338910009
1957745324	1338910013
1559258645	1338910018
2204510520	1338910035
1069809137	1338910038
2052995267	1338910074
1842792361	1338910078
1217997777	1338910087
2173748423	1338910149
1306670343	1338910179
2277503694	1338910258
1916873230	1338910307
1862392187	1338910331
2004718673	1338910336
2615705923	1338910359
1923334221	1338910374
2279392763	1338910384
1799003213	1338910468
1763010377	1338910468
2721244131	1338910472
2097156874	1338910489
2205660967	1338910518
1653133371	1338910591
1993509080	1338910658
1935897274	1338910676
2588083914	1338910717
1837669687	1338910815
1403405592	1338910865
2648672600	1338910873
1744514932	1338911020
1860019275	1338911028
1908837731	1338911035
1256558754	1338911063
2641262821	1338911071
1771269093	1338911108
1801196692	1338911143
1993410080	1338911213
1994250310	1338911215
1889152741	1338911253
2442492897	1338911261
2520118867	1338911262
2171853782	1338911315
2217987063	1338911318
2437198650	1338911343
1893631007	1338911344
1906470371	1338911389
1684964092	1338911405
1518754897	1338911478
1406252113	1338911490
1324593140	1338911491
2137178675	1338911563
2156060194	1338911593
1818506610	1338911637
2608094971	1338911641
1518754897	1338911641
1924238433	1338911652
2024026943	1338911657
1744583012	1338911660
1733263762	1338911673
1730269193	1338911674
1745463637	1338911726
1404988750	1338911777
2065374932	1338911881
1581475025	1338911882
1576269707	1338911890
1846302841	1338911921
1797569972	1338912010
1869151481	1338912055
2381341323	1338912113
1729267274	1338912195
2207047482	1338912258
2353458075	1338912263
1846302841	1338912300
2252640413	1338912324
1401005034	1338912371
2202141375	1338912410
1789884455	1338912411
1747732873	1338912438
1945371772	1338912492
1923773243	1338912649
1891912113	1338912662
1674387804	1338912691
1722414967	1338912757
1747611995	1338912791
1732068425	1338912826
2268937931	1338912858
1044957840	1338912915
1797128471	1338912918
1962360643	1338912930
2071838532	1338912945
1191731861	1338912961
2162053594	1338912962
2071838532	1338912973
2750616561	1338913074
2411492035	1338913078
1845743062	1338913118
2472447064	1338913132
1429670247	1338913145
2018535745	1338913177
1711711474	1338913180
1673255142	1338913239
1914562754	1338913254
1507848070	1338913272
1728808385	1338913284
1889322834	1338913352
2678315981	1338913364
1971872207	1338913379
1168673105	1338913391
1800250612	1338913397
2548451814	1338913555
2695098563	1338913570
2377862602	1338913621
1847268732	1338913644
1812059257	1338913667
1440054825	1338913698
2150987835	1338913706
2209730323	1338913749
1893138821	1338913752
2270686454	1338913756
2464227974	1338913829
1805224137	1338913868
1890692124	1338913887
2606945277	1338913899
2720322563	1338913909
2494763582	1338913926
1855150022	1338914035
2240405791	1338914048
2051032871	1338914074
1846302841	1338917914
2263261585	1338917994
2468008134	1338918218
2747891425	1338918357
2803144030	1338918388
1881904813	1338918658
1799597854	1338918734
1591128334	1338918953
2090296550	1338919360
2425609274	1338919381
1948919704	1338919422
1914158545	1338919670
1712642977	1338919672
2439877630	1338920342
2641352857	1338920650
1405569954	1338921064
1884030190	1338921343
1797724693	1338921627
1654030481	1338922088
26082751	1338922126
1963612957	1338922133
1662265587	1338922797
2801530760	1338922838
1885934621	1338923414
2343953393	1338924129
1409871493	1338924291
1313534423	1338925118
1655590195	1338926190
1913254413	1338926309
1885464777	1338926345
1975094211	1338926689
1676343680	1338926901
1597809633	1338929703
2782460930	1338929895
1730129413	1338930103
1776471404	1338930168
1750606301	1338930336
1196550484	1338930393
2115451931	1338930523
2170853603	1338930978
1457836293	1338932309
1757796191	1338932452
2477688210	1338932921
2686768343	1338933103
1047877090	1338933133
2685243783	1338933567
2209335581	1338933683
1919705565	1338934306
2720030011	1338934331
1904473082	1338934498
2784851990	1338935021
2233636792	1338935288
2020826741	1338935450
2082953892	1338935564
1188619203	1338935604
1620272891	1338936097
2160299067	1338936113
2160299067	1338936152
1735746821	1338936189
1933233974	1338936227
1933233974	1338936238
2018402891	1338936827
2413422605	1338936844
2173705057	1338936926
1880168135	1338937096
1444794347	1338937308
2422352344	1338937405
2422352344	1338937416
2208734437	1338937858
2017804215	1338937964
1866758175	1338937992
1082268767	1338938178
1669562701	1338938203
1965376433	1338938494
1344704531	1338938552
1131301742	1338938790
1888496185	1338938818
2043577074	1338939031
1298138193	1338939236
1622543502	1338939301
2274108353	1338939324
2628512971	1338941573
1830306710	1338941698
1400277725	1338941941
2733515985	1338941980
1758561771	1338941987
2345129747	1338942024
2511983082	1338942038
2039456871	1338942085
1893179920	1338942109
1780686995	1338942154
1730963657	1338942221
1800056364	1338942290
2206912232	1338942340
2387351217	1338942358
1199361871	1338942399
1699294162	1338942483
1415055477	1338942563
1526261057	1338942565
1922016083	1338942679
1898335414	1338942844
2563081987	1338942868
1734785285	1338942932
2246283614	1338942937
1899640101	1338942942
1909234775	1338942963
1648558983	1338942987
2204436344	1338943004
1409329050	1338943050
1048966355	1338943077
1767981144	1338943118
1855502285	1338943167
1251075020	1338943195
1218523800	1338943287
1867524232	1338943306
2755482684	1338943327
1196572682	1338943402
1253052205	1338943499
2513208944	1338943564
2114221264	1338943570
1067000043	1338943613
2521604241	1338943694
1869894760	1338943766
1901082330	1338943840
1939600560	1338943881
2526409343	1338943916
2273609445	1338943928
2086764957	1338943970
2141812747	1338943979
1874440361	1338944002
1773652504	1338944018
1741581265	1338944074
2328184610	1338944189
1922016083	1338944308
2670761402	1338944337
1866963782	1338944354
2240581410	1338944368
2374815260	1338944470
1631212935	1338944472
1904898927	1338944494
1764463617	1338944615
2258890673	1338944688
2268264403	1338944725
1832960043	1338944739
1047771812	1338944751
2287077952	1338944824
1867874963	1338944856
2511524980	1338944916
1304285160	1338944951
1971336933	1338944963
1253052205	1338945020
1304285160	1338945065
1171190765	1338945069
1304285160	1338945133
1990851391	1338945256
2356286185	1338945268
1771500573	1338945270
1685933731	1338945288
1684916935	1338945368
2268264403	1338945410
1278150105	1338945435
1060483111	1338945447
2096742295	1338945458
2559532415	1338945464
2783647425	1338945550
1278150105	1338945579
2042650703	1338945591
2111925955	1338945673
2606271422	1338945686
2130737062	1338945711
2348534015	1338945927
2185249534	1338945950
1535014672	1338946015
2397208273	1338946071
1193525694	1338946133
1944458313	1338946284
1637652664	1338946313
2270261785	1338946327
1605543951	1338946378
1886492824	1338946388
1616923195	1338946422
2626407457	1338946474
1464123742	1338946521
1664930315	1338946548
2662294141	1338946666
2206286175	1338946688
2182865591	1338946697
1879414960	1338946746
2305388323	1338946808
2719576891	1338946845
1869911255	1338946872
2164074132	1338946912
1034275603	1338946966
1891243341	1338946988
1746108830	1338947019
1770821612	1338947025
1980768533	1338947073
1910201713	1338947175
2087282881	1338947196
1454811212	1338947246
2604566425	1338947288
2246983764	1338947309
1822177307	1338947403
2089280094	1338947482
2065197591	1338947515
1817070172	1338947566
2034233784	1338947591
1853522457	1338947591
2165190827	1338947659
1758388631	1338947691
1869911255	1338947709
1859372024	1338947853
1212444644	1338947919
1866252912	1338948061
2081802831	1338948219
1829712952	1338948320
1194974520	1338948686
1869911255	1338948761
2191225211	1338948807
1423378543	1338948850
1644924323	1338948875
2095251167	1338948982
1045439322	1338949024
1153767257	1338949179
2505471390	1338949289
1579767073	1338949410
2204414595	1338949558
1734615780	1338949603
1957694042	1338949614
2288307852	1338949633
2631144533	1338949676
1737798065	1338949743
1406521330	1338949869
1970348895	1338950014
1891642264	1338950076
2310362432	1338950145
1758901015	1338950429
2120175832	1338950507
1906427820	1338950519
2449299761	1338950579
1810351421	1338950598
2652514573	1338950646
1897913565	1338950769
1802402884	1338950831
2260643404	1338950956
1590278657	1338950989
2731763345	1338951058
1436327717	1338951153
1977634820	1338951238
1914074927	1338951266
2160893570	1338951372
1889192420	1338951474
2458457183	1338951524
2133082835	1338951761
1980317883	1338951867
2154306551	1338951913
2215808800	1338952001
1484290382	1338952048
1676855471	1338952092
1950880925	1338952100
1483541493	1338952181
1415055477	1338952206
1647188365	1338952387
2419584165	1338952498
1820065665	1338952820
1721392644	1338952854
1653118473	1338953119
2591617763	1338953137
1800509554	1338953288
2102738965	1338953451
1862796264	1338953542
1899781211	1338953596
1975554157	1338953828
2477200941	1338953921
1658833283	1338954091
2235949733	1338954470
1840338717	1338954604
1665790307	1338954723
1701241007	1338954794
1665790307	1338954815
2141526125	1338954958
2289874794	1338955090
2147520547	1338955171
1322549057	1338955235
2277166713	1338955537
1465697222	1338955620
1285573974	1338955653
1741582904	1338955773
2723833621	1338955811
1846673792	1338955867
2128222984	1338955897
1212444644	1338956071
2247902834	1338956078
1496864063	1338956087
2488361942	1338956211
2120253417	1338956250
2413383627	1338956305
1658249891	1338956307
1674276411	1338956333
1412490697	1338956393
1616897504	1338956413
2269526983	1338956583
2754794141	1338956772
1703635705	1338956773
1658423815	1338956839
1863084575	1338956851
1588390434	1338956864
1660968654	1338956892
1992403007	1338956974
2708146115	1338956978
2240151990	1338957033
2214597181	1338957089
1642573811	1338957093
1395377571	1338957126
2794638557	1338957130
1867407983	1338957165
2036289071	1338957178
1730723310	1338957188
2145064773	1338957235
2705484865	1338957319
1863854900	1338957322
1626837755	1338957326
2120967571	1338957342
1308321010	1338957383
1692975635	1338957442
2022307855	1338957448
2027559541	1338957463
1852768645	1338957464
1852410897	1338957515
2107710872	1338957555
1851571585	1338957604
2429826217	1338957605
1955862547	1338957616
1930543673	1338957637
1759691361	1338957709
1952178595	1338957724
2087288592	1338957754
1678406252	1338957755
1894783495	1338957778
1224147004	1338957797
1911018131	1338957825
1743504381	1338957850
2801166032	1338957866
1783826203	1338957908
1762912724	1338958014
1046845344	1338958030
1843558835	1338958039
1889643182	1338958061
2171330524	1338958067
2480284405	1338958100
2191037215	1338958119
1797824113	1338958172
2256188060	1338958264
2672715763	1338958267
2171330524	1338958269
1661493422	1338958343
1661493422	1338958346
1035389851	1338958377
2072975563	1338958379
2277116764	1338958391
1660728712	1338958410
2017340957	1338958446
1407854460	1338958612
1436653863	1338958722
1951093327	1338958807
2800337420	1338958812
2513606405	1338958870
2043137501	1338958895
2816251452	1338958946
2624613171	1338958976
2171518321	1338959008
1652469585	1338959085
1346448832	1338959103
1721237260	1338959290
1774128294	1338959296
1403849461	1338959322
1802225375	1338959457
1655533202	1338959545
1649233187	1338959616
2257610433	1338959788
1562080481	1338959990
1896148380	1338960075
1657932285	1338960082
1904600564	1338960209
2061207197	1338960329
2710502657	1338960418
2394279791	1338960472
2787914702	1338960597
2028106237	1338960982
2644785944	1338961052
2269324735	1338961448
1953540483	1338961453
1778259440	1338961468
1856107240	1338961958
2239428937	1338961981
1443804667	1338962044
2009197165	1338962178
2684188171	1338962291
2285067537	1338963369
2389701487	1338963371
2678865395	1338963668
1837398357	1338963674
2355430024	1338963675
1974528467	1338964122
1863913294	1338964190
2310278611	1338964529
2310278611	1338964596
1864959321	1338964675
1862763140	1338964819
1738149614	1338964992
1805678505	1338965038
2267012807	1338965048
1739447861	1338965202
1865602921	1338965448
1033214722	1338965581
2277475860	1338965737
1810956381	1338965816
2611464101	1338965850
2193252734	1338966123
2670806135	1338966148
2413480970	1338966353
1939515071	1338966819
2713993043	1338967080
1251842443	1338967127
1745388702	1338967174
2310180157	1338967337
1897118357	1338967501
1915098113	1338967572
1838093741	1338967657
1826121957	1338967667
2609784905	1338967762
1820809975	1338968058
1941368630	1338968322
2415422451	1338968438
2805608250	1338969004
1660370335	1338970205
1670645251	1338970959
2043137501	1338971781
1939739672	1338972982
1496910202	1338973257
2533169745	1338973399
2151738627	1338973658
1852479834	1338974898
1427079527	1338976186
1937100285	1338976510
1231358447	1338976739
2314489224	1338978675
2688996607	1338979447
1737495253	1338980671
2624528245	1338980739
2656220914	1338982497
1155368974	1338982827
1648083794	1338982860
1434120417	1338982902
1970863673	1338982931
2167142120	1338983207
1395267007	1338983238
2367361852	1338983317
1990958083	1338983533
1886137550	1338983860
2158297332	1338983962
1656607431	1338983963
1808717542	1338984490
2109226002	1338984593
2499866307	1338984879
1109730665	1338985781
2097156874	1338985818
2097156874	1338985946
1737267107	1338986075
1660603151	1338986282
2705212991	1338988009
1253875931	1338988686
1876446065	1338988861
1947862054	1338988913
1626836750	1338989489
2642450461	1338989943
2609581835	1338990215
1042221830	1338990495
1974558604	1338990711
2113416433	1338991504
2463324000	1338991622
1823030791	1338991883
2725358981	1338992121
1864018053	1338993031
1985075555	1338993510
2758074682	1338993682
2728362515	1338994771
2728362515	1338994880
2025529880	1338996198
1787949241	1338996386
2335718022	1338997120
1017597781	1338997902
1902803513	1338997986
1790241103	1338998163
1712955687	1338998366
2121721717	1338998662
2602281151	1338998798
1768124171	1339003464
1481310337	1339008760
1885148335	1339015183
1865029817	1339039608
1914282975	1339040640
2698136505	1339043058
1778367763	1339050762
1554626677	1339051660
1010498251	1339054799
1600609954	1339057173
1227862573	1339060680
1847636075	1339062276
1876446065	1339084331
2609581835	1339092330
1827278407	1339119322
2112148981	1339125198
1652498071	1339127067
1562080481	1339132006
1865884951	1339132317
1651777622	1339132624
2125821784	1339137869
2083121012	1339139215
2641262821	1339146769
2686140293	1339162624
2349127555	1339168480
2285067537	1339177640
2030308897	1339196652
2749574625	1339208164
1292835717	1339216146
1339087564	1339252754
2126935981	1339253028
2464711790	1339404940
1647031553	1339423716
1893471445	1339502475
1723164580	1339506783
1980222245	1339529808
1770730532	1339541973
2610694907	1339552310
2182171697	1339554423
2258724671	1339555756
2178877330	1339580046
2022310315	1339763038
1624506401	1339914541
2454954292	1339914742
2050943497	1339914828
1394644587	1339914943
1624506401	1339915095
1624506401	1339915437
2371265404	1339915574
1634632012	1339915625
1945986557	1339915684
1624506401	1339916175
1874327284	1339916374
1688190691	1339916415
2329331593	1339916608
1788506793	1339916636
1624506401	1339917775
2143862141	1339917936
1624506401	1339918034
1693863152	1339918308
1624506401	1339919116
2307390477	1339919193
1976887295	1339919643
1624506401	1339919849
1624506401	1339920182
1624506401	1339920265
1632936403	1339920777
1624506401	1339920841
2327285221	1339920854
1624506401	1339921165
1624506401	1339921299
1844629665	1339921509
1866000542	1339921522
1401242174	1339921583
1624506401	1339921830
2232232030	1339921873
1624506401	1339921948
1624506401	1339922058
1624506401	1339922193
1624506401	1339922248
2483381827	1339922551
1624506401	1339922913
2626529365	1339923925
1624506401	1339924821
1624506401	1339925508
1847983574	1339925553
1624506401	1339925841
1624506401	1339926842
1624506401	1339926982
1624506401	1339927075
1624506401	1339928295
2664355024	1339930501
1624506401	1339933371
1624506401	1339933455
1624506401	1339933519
1624506401	1339933581
1624506401	1339933657
1624506401	1339933731
1624506401	1339934352
1793693115	1339935533
1408305371	1339936443
1820618864	1339937687
2473283871	1339949697
1314965332	1339952511
1655173513	1339997639
1166687324	1339999616
2143251203	1340001814
2176901677	1340082004
1776570812	1340174026
2601170171	1340231294
1437526920	1340272140
1589031824	1340518956
1777197260	1340606087
1575300391	1341767662
2609906677	1342296260
2609906677	1342296265
2645901127	1342567296
1327802253	1377258833
2811992364	1378692018
1756878641	1380020314
1644499207	1386727803
