2490083212	1348488188
1651674030	1348488202
2614478851	1348488236
1480933415	1348488241
2596507350	1348488249
2515545962	1348488251
1896845357	1348488254
2708378931	1348488265
2612865463	1348488268
2195329240	1348488271
2189431674	1348488271
2805121637	1348488277
2173823513	1348488278
1426883757	1348488280
1420869803	1348488284
1213822957	1348488322
2369839251	1348488326
1980862783	1348488352
2931025055	1348488361
2690875201	1348488380
1045661550	1348488381
2367238115	1348488386
1944546941	1348488399
1055693591	1348488403
1790484581	1348488410
2131176130	1348488417
1234097987	1348488432
2163971450	1348488449
2656393955	1348488455
1103178307	1348488500
1516783182	1348488519
2915990717	1348488532
2381136157	1348488554
1944878653	1348488569
1638295561	1348488584
1068380077	1348488586
1865668404	1348488589
1963436057	1348488620
2219039893	1348488622
2428552675	1348488655
2136836740	1348488659
1803879794	1348488681
2627137297	1348488741
2723683741	1348488751
1966372123	1348488757
1971131451	1348488835
1908301942	1348488852
1739736252	1348488893
2437216520	1348488897
1721309275	1348488901
1876196785	1348488949
2099595177	1348489043
2519368323	1348489147
2992479710	1348489161
2739439002	1348489213
2271951332	1348489248
2480052534	1348489259
2676301477	1348489274
2623405421	1348489286
1897764222	1348489292
2891602565	1348489302
2672169681	1348489393
2245789962	1348489399
1898995555	1348489606
2713760585	1348489643
2843972175	1348489662
2736786983	1348489705
1659717183	1348489725
1565961642	1348489741
2122365480	1348489904
2325965612	1348489976
2667413551	1348490344
2923932711	1348490386
1989218950	1348490497
2851700403	1348490622
2643807221	1348490944
2825368507	1348490981
2487676687	1348491472
2535467825	1348491485
1365431053	1348491660
2431897457	1348491744
1404248813	1348491785
2547185901	1348491799
1356868200	1348491817
1081516892	1348491946
2769130091	1348491950
1652806541	1348491953
2126342582	1348492062
1854831397	1348492670
2190423902	1348492742
1872562544	1348492961
1456417755	1348493244
1939954533	1348493586
2618406610	1348494042
2349967302	1348494163
2810607852	1348494482
2396123014	1348494998
2790821037	1348495046
2194537641	1348495151
2147579340	1348495369
2936030140	1348496226
1931153061	1348496261
1601720135	1348496434
1673720611	1348496846
2257972664	1348497023
1919336363	1348497156
2387659187	1348497368
1910987547	1348497524
2399563525	1348497691
1066504073	1348497714
2711714691	1348497744
1740217515	1348497949
1900510121	1348498093
1349229833	1348500717
2151923847	1348501818
1463474165	1348501828
2706295933	1348503268
2440373695	1348504115
1743806514	1348510511
1440100014	1348514929
1445317833	1348526917
2367316275	1348527205
2208672265	1348527956
1770845043	1348528441
1401283161	1348532409
1845827073	1348535295
2735171990	1348540364
1995200013	1348541676
2789690544	1348548676
1722873040	1348548677
2493873857	1348553198
1833319187	1348575303
2252105684	1348616287
2890691851	1348616324
1173467761	1348616340
2412199827	1348616355
1752490220	1348616367
2159615095	1348616367
2760911433	1348616375
2329787814	1348616382
2665488331	1348616396
1945986512	1348616398
2792167235	1348616401
2632119195	1348616419
1856898160	1348616430
1735883813	1348616471
1804047834	1348616473
2672614794	1348616490
1874437245	1348616493
2511243410	1348616498
2800753294	1348616500
2741975835	1348616525
2735663903	1348616549
2720396872	1348616589
2676164602	1348616601
2317178970	1348616611
2450871054	1348616620
1619642030	1348616627
2359485862	1348616636
2295549550	1348616652
1732370250	1348616656
1864095445	1348616671
2119691993	1348616675
2795151795	1348616700
2019557324	1348616721
2191462794	1348616725
2911317330	1348616729
2839031632	1348616746
1759422833	1348616758
2954083201	1348616844
1750713424	1348616851
1863407263	1348616855
1725830730	1348616899
2044645045	1348616913
2424454273	1348616915
2621395891	1348616939
2806869923	1348617006
1653196562	1348617013
1064899450	1348617015
2096422505	1348617088
2132290047	1348617112
2279908507	1348617151
2132882343	1348617153
2046418027	1348617219
2733458537	1348617236
1866392204	1348617277
1883360660	1348617285
2461880947	1348617338
2782525220	1348617358
2080513881	1348617471
1737613313	1348617595
2675009575	1348617601
2811031015	1348617639
2484810031	1348617659
2684005304	1348617671
1361245585	1348617741
1691230224	1348617758
2690934781	1348617832
2557511641	1348617884
2640404692	1348617916
2108696762	1348617925
2965063204	1348618014
2503884200	1348618025
2109391301	1348618127
1412168692	1348618220
1702747697	1348618316
2663583563	1348618371
2454849070	1348618402
1219789911	1348618415
2497724313	1348618427
2331044700	1348618474
1662557962	1348618486
1630261167	1348618568
2088675777	1348618599
1952324774	1348618620
2472635140	1348618844
2520029684	1348618863
1831465322	1348618930
1868693242	1348619046
1866112920	1348619667
2675219777	1348619824
2075651307	1348619957
1683933937	1348620202
2556619371	1348620374
1864410993	1348620388
1942553575	1348620471
2795679084	1348620546
2344013264	1348620587
2297742312	1348620640
2174290282	1348620727
1139933840	1348620796
1984450453	1348620914
1676751994	1348620993
2273384170	1348621497
2775453592	1348621557
2146018743	1348621590
2168415852	1348621616
1812010870	1348621707
2016690337	1348621725
2640352545	1348621734
2597283421	1348621821
1882157895	1348621830
2914419447	1348621969
2178494755	1348622041
1408569983	1348622193
1769685993	1348622320
1771524472	1348622347
2808634191	1348622383
2242181630	1348622445
2085643761	1348622636
2635283432	1348622894
1409394355	1348623002
2384781281	1348623055
1777497362	1348623116
2802968312	1348623118
2405439447	1348623160
2354697402	1348623170
1954928737	1348623187
2603244084	1348623446
1665287165	1348623517
1867075941	1348623549
1651305573	1348623552
1866527542	1348623564
1816532047	1348623609
1028369443	1348623613
2286025360	1348623692
2016690337	1348623992
2617542574	1348624240
1490225780	1348624364
2903927805	1348624364
2231624727	1348624382
1452167413	1348624639
2107409101	1348624701
2200500447	1348624793
2489158875	1348624906
1906926967	1348625035
2600712834	1348625503
1648412842	1348625831
2658623125	1348625849
2018111394	1348625865
2519965714	1348625869
2275772024	1348625881
1714423145	1348625904
2487136871	1348625911
2197032044	1348625920
1803279891	1348625928
1108098634	1348625930
2614860385	1348625932
2236709857	1348625957
1866435505	1348626017
1012548695	1348626018
2054646785	1348626058
1143223182	1348626086
1833184482	1348626092
1777323527	1348626102
2048142800	1348626118
1506728835	1348626136
2184515730	1348626193
2181181020	1348626220
2312498672	1348626234
2330133240	1348626237
1902505281	1348626323
2633934392	1348626347
2639200347	1348626426
2163317274	1348626435
1704881894	1348626471
1788922915	1348626500
2258451683	1348626503
2271970507	1348626613
2276991401	1348626620
2889109073	1348626652
2167117744	1348626695
2298472970	1348626746
2791214455	1348626747
1957492155	1348626755
1899017675	1348626813
2289764923	1348626840
2092268972	1348626865
1653122973	1348626869
2754171927	1348626870
2510023215	1348626872
1814062002	1348626944
2473224577	1348626960
1944931083	1348627056
2872427760	1348627073
1763322884	1348627076
2702324773	1348627118
1764735392	1348627141
1726501023	1348627162
2713923442	1348627187
2299820580	1348627203
1143364645	1348627209
1914050927	1348627258
2681068483	1348627276
1956443867	1348627324
2532690910	1348627341
1869646277	1348627365
2321079693	1348627372
2838064771	1348627525
2320803772	1348627619
1176568672	1348627648
2365388735	1348627689
2948169731	1348627716
2822987671	1348627719
1424290850	1348627725
2097045874	1348627738
1423625187	1348627743
2180040554	1348627802
1510477042	1348627867
2278050145	1348627875
1919804561	1348627881
1539064632	1348627997
2475065861	1348627999
1942715130	1348628069
2270492253	1348628122
2047838331	1348628186
1686087403	1348628189
2803704997	1348628389
1480459123	1348628411
1419435550	1348628455
2097504732	1348628464
2736760057	1348628516
1737950624	1348628539
2277284837	1348628678
2808672971	1348628690
2187419020	1348629073
2764877813	1348629615
2165702635	1348629656
2670307843	1348629694
1748948203	1348629981
2721903751	1348630074
2352083773	1348630327
2189652501	1348630485
2583585382	1348631126
2093096302	1348631134
1861851004	1348631512
2073562927	1348631704
1346245981	1348631751
1873885434	1348631792
1868161127	1348631935
2167977297	1348632175
2004328542	1348632252
1011250731	1348632330
1844101695	1348632339
2789863802	1348632453
2189132965	1348632540
2855126534	1348632578
2409273394	1348632648
2198008223	1348632667
1366147761	1348632695
2975188430	1348632833
2185211455	1348632839
2957698041	1348632865
2808794910	1348632935
2945414125	1348633012
2184515730	1348633100
2184515730	1348633116
2179915443	1348633247
1316430381	1348633281
2638857505	1348633321
2588020107	1348633333
2535531994	1348633339
1848374592	1348633381
1727430971	1348633511
2689464944	1348633617
2251365484	1348633696
1292804422	1348633941
2681592241	1348634194
1293744977	1348634506
2702541773	1348634579
1758752081	1348634621
2601069682	1348634706
2951390464	1348634709
2784925582	1348634824
1760239484	1348634825
1888713457	1348634885
2135575087	1348634891
1843128880	1348634895
2208141705	1348634902
2361062655	1348634906
2451695514	1348634916
2305855615	1348634943
1836906701	1348635047
2251416727	1348635059
1782729200	1348635097
1746853933	1348635118
1061106910	1348635157
1904533782	1348635174
2614825083	1348635205
1654552503	1348635281
2678054677	1348635319
2080689487	1348635338
2356315233	1348635362
2230743022	1348635481
2681171920	1348635486
2141334621	1348635488
2007878137	1348635557
2473594022	1348635694
1602590214	1348635704
1905133337	1348635770
2196845210	1348635926
1595850830	1348635964
2819416450	1348636018
1954154623	1348636157
1888052632	1348636188
1620896681	1348636452
2597470832	1348636510
1948732600	1348636550
2810690744	1348636591
2789737404	1348636593
2322448251	1348636642
2097612980	1348636960
2196162714	1348636974
1913563285	1348636974
2015491567	1348637007
2168853012	1348637040
2848627852	1348637340
1943235160	1348637359
1894158185	1348637393
2638846681	1348637434
1929594432	1348637609
2474844062	1348637732
1671340784	1348637851
2955693525	1348637904
2436235035	1348637935
2920410822	1348638331
2803192774	1348638331
2327403023	1348638393
2511040893	1348638604
1760957204	1348638652
2453105231	1348638668
2120382462	1348638757
2512757991	1348638761
2407563355	1348638772
1898244891	1348638900
1792339843	1348638966
2014158695	1348639062
2309403073	1348639149
2472490322	1348639164
2670413130	1348639236
2029493055	1348639767
1764283213	1348639836
1830219751	1348639981
2470778207	1348640001
2623407597	1348640047
1660342440	1348640194
1047771657	1348640452
1308971275	1348640585
2527591395	1348640707
2919524050	1348640736
2419060613	1348640794
1746965984	1348640826
2270445011	1348640868
2308764962	1348640905
1830368004	1348640945
2276616594	1348640948
2167123312	1348640954
2571979547	1348641030
2486880243	1348641053
2609587910	1348641115
2231609152	1348641121
1863855891	1348641171
1808026704	1348641240
2101513324	1348641268
1736729920	1348641328
1868753250	1348641333
2099774724	1348641362
1733059703	1348641456
1660859993	1348641577
2287208761	1348641605
1704319914	1348641621
1664026134	1348641630
1925042581	1348641639
1710033872	1348641654
1084550233	1348641657
1992912594	1348641723
2458578221	1348641752
1862908484	1348641758
1529176944	1348641780
1868217804	1348641802
2955970304	1348641819
2748042757	1348641829
1939539822	1348641834
2230057394	1348641852
1950091937	1348641858
1672698194	1348641889
1145771973	1348641904
2617101992	1348641923
2651498050	1348641927
1787676597	1348641927
2218738182	1348641947
1922598557	1348641954
2413621071	1348641979
2155178945	1348641981
2413159972	1348642020
2740688342	1348642022
2133381014	1348642026
1966695485	1348642027
1211840611	1348642041
1947883407	1348642049
1750545365	1348642065
1674453331	1348642112
2641982781	1348642127
2907500431	1348642162
1893557225	1348642205
1452464313	1348642210
2153658982	1348642223
1782853304	1348642253
2852309633	1348642341
2823820314	1348642346
2545430703	1348642370
1857821382	1348642388
1791726321	1348642393
1660742950	1348642415
2390654735	1348642416
2237644944	1348642424
2328524261	1348642428
1258880677	1348642431
2598505352	1348642463
1949939892	1348642479
1138769781	1348642490
2385300553	1348642491
2164137320	1348642512
1113218211	1348642523
1917324002	1348642554
1744506184	1348642556
1697139095	1348642563
1863653244	1348642572
2206708995	1348642608
2188408023	1348642612
2106366242	1348642622
2291379961	1348642637
1968586705	1348642640
1026702813	1348642640
1685963115	1348642641
1866275307	1348642645
2171852353	1348642645
2219648572	1348642649
1007208305	1348642650
2715433051	1348642654
2209373513	1348642656
1198972485	1348642667
1935975401	1348642681
2662148103	1348642692
1403200244	1348642700
1730534853	1348642710
2025090442	1348642711
1823749775	1348642718
1708218331	1348642745
1223013952	1348642760
2883635130	1348642769
1827403527	1348642772
1833380834	1348642785
1670105972	1348642790
1980233724	1348642790
1257021010	1348642811
1656261981	1348642825
2808928541	1348642832
1746635300	1348642832
2350354665	1348642832
1942391324	1348642839
1099589561	1348642842
2626214821	1348642844
1743490023	1348642859
2643001353	1348642863
1940793543	1348642866
1068092055	1348642867
2875088010	1348642869
2122538871	1348642889
1949304715	1348642900
1116976967	1348642900
1841888065	1348642907
2614351787	1348642909
1655223594	1348642915
2024967990	1348642922
1680845421	1348642927
1951594724	1348642940
1287704690	1348642950
1752670993	1348642985
1761651025	1348642990
2649638967	1348643004
1288513487	1348643009
1792393511	1348643010
1636081151	1348643022
2118259281	1348643026
2027912381	1348643030
2027934332	1348643044
1349037992	1348643046
2536245090	1348643058
1418185884	1348643076
2072686293	1348643092
2459536177	1348643100
1712715920	1348643118
2152353162	1348643143
1728313944	1348643144
1792996320	1348643145
1825402495	1348643155
1697211894	1348643159
2823794151	1348643159
1771397690	1348643161
1619788813	1348643164
2268324653	1348643167
2785562910	1348643183
2061486513	1348643184
2134670047	1348643185
2339790087	1348643194
2140867641	1348643204
1825360474	1348643206
2126495193	1348643210
1953127555	1348643220
1837658423	1348643230
2400604341	1348643242
1862960280	1348643246
1237634494	1348643254
1670547243	1348643268
2007198483	1348643280
1748198250	1348643281
1766249000	1348643287
1506761601	1348643312
1805511245	1348643327
2874127047	1348643330
1808497724	1348643342
2889049453	1348643387
2873142105	1348643388
2115823067	1348643397
2099686310	1348643400
1893522561	1348643412
2122759402	1348643447
2185368340	1348643459
2337557400	1348643460
1757542893	1348643462
1748733490	1348643464
1681942473	1348643472
1653134580	1348643478
1597655464	1348643496
1748223630	1348643514
1890386452	1348643519
1651959907	1348643523
2880748582	1348643549
1177516177	1348643577
1991503021	1348643590
1741377631	1348643609
2175304280	1348643629
2936908584	1348643631
1964847580	1348643644
2689056477	1348643670
1682416124	1348643686
1843977395	1348643687
2736903833	1348643721
2403983617	1348643738
2909488233	1348643741
1865838335	1348643751
2313342690	1348643782
1683115341	1348643794
2126410520	1348643805
1909411392	1348643806
1841212935	1348643811
2447412561	1348643813
1924825453	1348643817
2491673297	1348643833
1610182247	1348643875
1416488717	1348643916
1862707630	1348643920
2695440502	1348643934
1406072714	1348643940
2592753240	1348643977
1641551140	1348643998
1993043772	1348644002
1764192224	1348644027
1903026497	1348644028
1282368213	1348644047
2024734917	1348644048
1357537175	1348644061
2098827831	1348644067
2125137315	1348644073
2175270070	1348644074
1312300620	1348644089
1164260395	1348644090
2790138284	1348644110
1222450140	1348644117
2749189652	1348644139
1731874234	1348644172
2234326187	1348644182
1183433322	1348644188
2027754545	1348644194
1298248204	1348644205
2571257091	1348644211
1653720374	1348644236
2714107091	1348644255
1915165333	1348644271
2158133273	1348644281
1764720590	1348644283
1009509674	1348644298
1963689583	1348644326
1779950091	1348644366
1349251851	1348644423
1564429667	1348644482
2890840822	1348644488
1814883250	1348644537
2754080471	1348644561
1660355154	1348644572
2479758690	1348644580
2128090303	1348644604
2230067412	1348644612
2306796130	1348644620
1947046873	1348644625
2397741985	1348644642
2278671627	1348644660
2044553453	1348644748
1690178691	1348644757
2814286975	1348644772
1742671112	1348644787
1911858054	1348644803
2958709925	1348644841
1739436067	1348644848
2334332997	1348644857
2102268104	1348644869
1403775141	1348644893
2104711555	1348644910
1963298885	1348644976
1297805953	1348644998
1878145277	1348645003
1910773020	1348645016
1266748022	1348645064
1404030713	1348645076
2219299544	1348645111
2763854551	1348645129
1267955957	1348645219
2944903205	1348645238
1165626293	1348645247
1869860657	1348645248
1213776205	1348645260
2006426211	1348645279
1751796082	1348645280
2786854204	1348645284
1416234645	1348645286
2287683574	1348645313
2787985202	1348645344
1791625163	1348645357
2967534913	1348645389
2481051340	1348645391
2659477601	1348645391
2181778922	1348645427
2639112714	1348645493
2277595753	1348645540
1847368877	1348645585
2725412147	1348645587
2687837104	1348645602
1934694571	1348645681
1695226274	1348645727
1795243211	1348645742
1729571027	1348645822
1778484715	1348645830
2702390384	1348645890
1880682404	1348645901
2241286250	1348645939
2511592920	1348645966
1616452532	1348645975
2119229894	1348645986
1257265571	1348646025
2078514131	1348646034
2237635744	1348646038
1659690324	1348646067
2726420823	1348646071
1450141597	1348646118
1694398292	1348646169
1566161012	1348646210
1887927272	1348646232
1586212654	1348646236
1496584647	1348646265
1598201443	1348646309
1791983525	1348646328
1828196593	1348646342
1868180377	1348646357
1868180377	1348646401
1709752735	1348646409
1728395257	1348646435
2449746520	1348646467
1606020403	1348646516
1741612615	1348646521
1843188791	1348646522
1949532091	1348646554
1738685515	1348646575
2970303714	1348646699
1869027785	1348646795
2588520847	1348647102
1640941671	1348647127
2129928765	1348647195
1827856821	1348647240
1741689705	1348647325
1677067571	1348647355
1878378503	1348647517
1959801340	1348647616
1892337005	1348647616
1628030335	1348647750
1817991394	1348647756
1712697713	1348647781
1406676115	1348647877
2737611471	1348647934
2137271002	1348648034
1764498903	1348648040
1642586085	1348648136
1687885401	1348648220
2844285843	1348648239
2372138110	1348648311
2603013385	1348648352
2290681557	1348648418
2422736731	1348648652
1766776820	1348648671
1976232315	1348648672
1847746630	1348648679
2538309430	1348648720
2647578703	1348648734
1828378427	1348648747
1939160857	1348648771
1416256613	1348648873
1805231443	1348648912
1559055971	1348648941
1875531215	1348649009
1881127965	1348649120
2115918204	1348649194
1220465265	1348649279
2665724113	1348649321
2919498754	1348649377
2919427890	1348649378
1650461810	1348649402
1069467257	1348649501
1952905590	1348649509
1422068407	1348649541
1315292924	1348649697
1805705972	1348649778
1259120267	1348649903
1794526655	1348649925
1344992703	1348649961
1972278764	1348650003
2177345702	1348650026
2474466700	1348650080
1452535112	1348650099
2594227821	1348650168
2942709434	1348650185
2678780461	1348650278
1911383667	1348650282
1912299765	1348650302
1395223247	1348650358
2012704604	1348650376
1785149644	1348650457
2411388510	1348650472
2344862617	1348650541
2315373763	1348650593
1611679372	1348650603
2205001055	1348650724
1495487095	1348650755
1831173755	1348650764
1861684740	1348650851
1879148342	1348650854
1743345730	1348650893
1804288647	1348650902
1886195221	1348650913
2920358520	1348650957
2513868930	1348650959
2805311922	1348650960
2294952322	1348651006
1425740101	1348651025
1937945050	1348651043
1271185611	1348651126
1954850625	1348651130
2395745887	1348651197
2102943895	1348651299
2013005755	1348651554
1657388214	1348651574
1600665010	1348651581
1822288472	1348651669
2282929037	1348651719
2686911873	1348651848
2463841100	1348651894
2512963422	1348651914
2191953695	1348652225
1792975374	1348652359
2306437593	1348652551
2067679627	1348652645
2885088485	1348652667
2010190807	1348653111
1874084627	1348653221
1914667554	1348653317
2635850291	1348653355
1278130542	1348653368
2919296770	1348653380
1583849077	1348653383
1886881812	1348653406
1919545925	1348653495
1898235513	1348653558
1906553903	1348653653
2242734660	1348653732
2270668501	1348653774
2824517363	1348653792
1778788093	1348653952
2915135712	1348654010
1659515823	1348654032
2576649540	1348654052
2850310557	1348654138
2073754681	1348654144
1979777025	1348654206
1946947212	1348654253
2158033151	1348654515
2304134634	1348654642
1802467335	1348654787
1853472775	1348654804
2052151073	1348654858
1705429611	1348654882
1881365707	1348654941
2179530435	1348654945
1503105417	1348655007
2004131232	1348655029
2650622073	1348655087
2193581690	1348655106
2096876013	1348655115
1830662065	1348655154
2690732770	1348655160
2269127930	1348655165
1824851584	1348655224
1841808980	1348655274
1572847053	1348655296
2745840651	1348655300
1560034880	1348655320
2148429204	1348655375
1760318175	1348655451
1866360463	1348655454
2075094983	1348655459
1971133581	1348655474
1017447465	1348655475
2365868795	1348655476
2081856613	1348655503
1410694165	1348655545
2139027814	1348655571
1812858840	1348655575
1894538257	1348655584
1395370122	1348655599
1734592157	1348655611
2175914860	1348655623
2864420772	1348655721
1670624784	1348655727
1161482522	1348655768
2812784725	1348655804
1220768717	1348655863
2668393461	1348655873
1730002833	1348655998
2670272942	1348656059
1758080007	1348656119
2253103621	1348656152
2273799485	1348656183
2390447484	1348656192
1835111973	1348656234
2280257997	1348656249
1732375457	1348656282
2275463040	1348656304
2294794340	1348656306
2250315940	1348656387
2085331851	1348656428
2077294555	1348656515
1907722913	1348656666
2479044254	1348656675
2257065377	1348656750
2171411660	1348656799
2034562277	1348657061
1670408421	1348657106
1995237427	1348657139
2454848651	1348657146
1941946442	1348657155
1823222205	1348657235
1898763570	1348657246
1919507474	1348657266
2069560912	1348657329
2210952493	1348657337
2744182074	1348657427
1733424494	1348657438
2562720264	1348657507
1653282517	1348657581
2307971207	1348657585
2244915604	1348657624
2094165472	1348657638
2803110434	1348657656
2789867882	1348657659
2378398517	1348657683
2385371247	1348657709
2319694890	1348657795
2093345263	1348657847
2307971207	1348657895
1289311915	1348657961
1822604241	1348658039
2062705027	1348658387
1768860093	1348658416
2651405263	1348658420
2438223392	1348658575
1907454817	1348658637
1780718533	1348658665
1768860093	1348658696
2013722947	1348658927
1432263682	1348659014
1645600202	1348659038
2480595783	1348659354
1225764411	1348659431
1112372151	1348659522
1861858834	1348659609
1591142407	1348660211
2199006852	1348660311
1984798541	1348660469
1878211422	1348660534
1766987350	1348660541
2040820713	1348660547
2277623562	1348660601
2732906053	1348661065
2101446454	1348661525
2119433920	1348661734
1302474173	1348661828
2645612280	1348661852
1425005122	1348661875
1941874961	1348662010
1750538917	1348662031
2194340432	1348662108
1823645364	1348662298
1883843581	1348662413
2730199445	1348662664
2628435990	1348662682
2096464362	1348663077
2234823733	1348663250
2912081362	1348663737
1921487961	1348663794
2556133780	1348664110
1921950142	1348664199
2177269370	1348664204
2170821733	1348664431
1640234454	1348664570
2804178240	1348664610
1712847251	1348664961
2805366592	1348665121
2919837432	1348665121
2734062801	1348665165
1661831384	1348665260
1783996312	1348665392
2716942785	1348665423
1824333661	1348665767
2837140890	1348666013
2926443037	1348666079
2253410884	1348666175
1839919131	1348666194
2808672971	1348666292
1800450197	1348666370
2550052355	1348666606
2395032257	1348667369
1028550131	1348668712
1829421343	1348669070
2549798374	1348669091
2705631671	1348669138
2240136981	1348669164
2288452277	1348669169
2896306505	1348669239
1664161373	1348669240
2312870162	1348669271
1727346340	1348669454
1218181704	1348669613
2354536607	1348669672
2474749527	1348669881
2099046332	1348669959
1980593375	1348670171
1842935302	1348670397
2880824913	1348670666
2659712433	1348670707
2512387243	1348670963
1054086927	1348671632
1658209917	1348674916
2110965395	1348675691
2742237601	1348675751
2562720264	1348676707
1402998110	1348676750
1762827891	1348676927
1444587471	1348676953
1591142407	1348677132
2179151260	1348677262
2128063973	1348677520
2653172121	1348677557
2490182932	1348677631
1164812567	1348677864
1731035931	1348677946
2730351980	1348678071
1568728581	1348678181
2054809275	1348678211
1879513811	1348678227
2365506951	1348678444
2920225382	1348678847
1583341551	1348678847
1750276573	1348678861
1747227590	1348679096
2100976887	1348679431
1876395393	1348679491
1795555827	1348679742
1947095607	1348680771
2566085425	1348680835
2512769835	1348684794
2299820580	1348687086
2129236472	1348687430
1778383252	1348688534
2527591395	1348688884
2179530474	1348689475
1401989333	1348689976
2095053150	1348696334
1852791491	1348696507
2004328542	1348696689
1940171400	1348696757
2919600504	1348697156
1581730432	1348697157
1628789807	1348697162
2135313401	1348697179
2192120087	1348697207
2887559554	1348697209
2144438832	1348697565
2428969107	1348698641
1623375842	1348698973
2287208761	1348699086
2081579101	1348699151
1494819194	1348699180
1045055805	1348699187
1647662624	1348699267
1834241137	1348699308
2577826702	1348699339
1421883730	1348699356
2111303497	1348699363
2550342465	1348699420
2596564753	1348699435
1790535955	1348699599
1909859007	1348699820
1691895631	1348699858
1167783105	1348699977
2309320065	1348700001
1336583507	1348700576
2170240010	1348700902
2136578842	1348701099
2496724021	1348701172
2190560222	1348701278
1771047307	1348701309
2783422182	1348701375
1824492215	1348701641
1440958994	1348701905
1935453193	1348702174
1790529535	1348702181
1984864317	1348702284
1776615984	1348702384
2803191090	1348702384
1876743925	1348702588
1443466722	1348702780
1998888133	1348702875
2073754681	1348702929
1895676594	1348703051
1847142781	1348703061
2918493302	1348703067
2278824782	1348703073
2042041470	1348703089
2789876010	1348703100
1440471112	1348703102
1919507474	1348703105
2020502125	1348703144
1699585790	1348703316
2451101872	1348703343
2698871910	1348703365
1683116733	1348703555
2639085992	1348703840
2187711961	1348703968
1676118767	1348704160
1784642093	1348704885
1116128812	1348705141
2325118940	1348705249
1773011482	1348705362
2116406155	1348705432
2179493122	1348705496
2119761527	1348705564
2083325455	1348705821
2097031085	1348706171
1871056755	1348706205
2567530094	1348706275
2130196803	1348706767
1756342353	1348706906
1893018461	1348706980
1349841791	1348706984
1050471565	1348707281
1900200410	1348707780
2605393364	1348708106
2375074304	1348708663
1866136312	1348709161
2265268407	1348709204
1723969697	1348709642
2919354902	1348709642
2790092850	1348711121
1574516195	1348711122
2843974080	1348711345
1886897165	1348711650
2660719541	1348711704
2419393021	1348711736
1920542425	1348711934
2737534593	1348712643
2497093022	1348713013
2320998270	1348713047
2350661963	1348713101
2567671330	1348713319
2463611487	1348713646
1821098294	1348713761
2099849571	1348715250
2060367601	1348715375
1776588002	1348716782
2789964362	1348716783
1758910051	1348719290
1904506297	1348721761
2430127492	1348722045
1584096524	1348722631
2937837223	1348723311
2619588004	1348723484
1156320313	1348724230
2517477862	1348724894
2454790470	1348729103
2517299684	1348729223
2201001007	1348730450
1429535600	1348736073
1520015192	1348737024
2382749607	1348742064
1748822901	1348745448
2467750437	1348748556
2679894074	1348750541
2596007901	1348752078
1778338035	1348752324
1806412873	1348753134
2684987991	1348754305
1776575412	1348755207
2789931500	1348768365
2519506074	1348771714
2711478234	1348777809
1904210153	1348781413
2789977424	1348782741
2732728584	1348787031
1960671140	1348789079
1974564981	1348796487
1582548270	1348835847
1440416012	1348835851
2624187343	1348841177
2519011247	1348850385
2414087295	1348850795
2920399282	1348858332
2920420610	1348858333
1871295261	1348880356
2058530051	1348898012
1760131743	1348910532
2895780225	1348911038
1723485871	1348929794
1778367297	1348936243
1582806755	1348936244
2920278370	1348949220
1778353380	1348949220
2461569791	1348979370
2855289924	1348985119
2789912350	1348986016
2805062630	1348986017
2804923634	1348988358
2919918744	1348996894
2809355664	1348996897
2920285054	1349012324
2920199220	1349021772
2920350184	1349021774
1778181562	1349024825
2810549422	1349024825
2391413413	1349049891
1727826852	1349077921
1583487657	1349096503
1583357784	1349096506
2805296704	1349102326
2703662472	1349102886
2919357520	1349118098
2489045497	1349125441
1726156155	1349129928
1776514712	1349129929
2920050944	1349162803
2789847874	1349162803
2919466430	1349186456
1727995272	1349187219
2804756092	1349187219
1583721281	1349195114
2809404040	1349256975
1723162115	1349273259
2810114502	1349281881
1588995130	1349411643
2920599524	1349411644
1719883451	1349449658
1583601023	1349503746
1778354123	1349503748
2105474071	1349622618
2920284594	1349676389
2920041252	1349676391
1844741934	1349771179
2273473170	1349952006
2865153374	1350048333
1657684982	1350127863
2710998737	1350134434
2719513025	1350372817
2920080882	1351265027
1583153371	1351265028
2110166685	1353777652
1931701494	1359074916
