2276406144	1345793632
2614974870	1345793713
1217149552	1345793723
1902975980	1345793741
2394081130	1345793806
1769354407	1345793813
1912764603	1345793814
1772999862	1345793850
1773784663	1345793948
1771044617	1345793969
1779946935	1345793995
1840384254	1345794021
1999524091	1345794031
2017000571	1345794051
1359616970	1345794130
1785713532	1345794160
1987546253	1345794180
2011405822	1345794201
1753049510	1345794211
1740604930	1345794221
1871674020	1345794275
1739611362	1345794311
1973605844	1345794367
2139641974	1345794403
1203551993	1345794466
1764596731	1345794493
1748160135	1345794547
2213525330	1345794591
2159405023	1345794924
2176876934	1345795016
1732030647	1345795025
1809664033	1345795115
1650257983	1345795217
1931710207	1345795313
1931710207	1345795396
2402423142	1345795550
1940986703	1345795759
2482996222	1345796070
1863365000	1345796212
2368985094	1345796383
1807350700	1345796434
2031690931	1345796773
1877397611	1345796778
1722038667	1345796930
2272600882	1345797113
2359859062	1345797132
1758394581	1345797197
2253867470	1345797200
2306154592	1345797287
1974400085	1345797383
2029582687	1345797439
1848822210	1345797489
1905149963	1345797490
2384819442	1345797645
2684542037	1345797956
1838962112	1345797993
1857436804	1345798058
1862605624	1345798073
2725362391	1345798141
1771905384	1345798275
1928699241	1345798776
1858918852	1345798924
2250040884	1345798992
1775303080	1345799046
1915442805	1345799232
2565765124	1345799457
1101277984	1345799752
1273855060	1345799903
1795344320	1345800033
1273855060	1345800061
1661803547	1345800152
1885385954	1345800329
1584670603	1345800388
1007458104	1345800781
1195920975	1345800838
1837209574	1345800984
2149637592	1345801117
2685059913	1345801522
1808279260	1345801604
2079243735	1345801625
2927279612	1345801810
1797083254	1345801864
1791188913	1345801905
1849418005	1345802540
2235632884	1345802584
2024353473	1345802787
1876412973	1345803058
2550990580	1345803371
2067612320	1345803940
2160438894	1345804481
2779087351	1345804839
1767501813	1345805326
1792618360	1345805342
2412898764	1345805824
1859323522	1345806019
1872119342	1345806188
1767710454	1345807066
2883984690	1345807356
2269531994	1345807409
1800241523	1345807491
1861788774	1345807988
1729807963	1345808152
2369548903	1345809554
1760777230	1345809868
1203440977	1345810046
2344901577	1345811237
2377106683	1345811446
1864751507	1345811897
2213096342	1345812293
1894399942	1345812522
1207524514	1345812825
1722038667	1345813258
2376706270	1345813377
1744333065	1345813478
1883126342	1345814872
1819887020	1345815998
1808267114	1345816344
1762171070	1345816345
1763312051	1345816603
1921326833	1345817187
1997721271	1345817690
2017954657	1345818290
1752359427	1345818372
1876699504	1345819037
2540844397	1345819262
2210813032	1345819266
1865037403	1345819349
1975662271	1345819646
1736048717	1345820291
2624795351	1345820467
1748982174	1345821608
1607404691	1345821823
2523894480	1345822021
1954799037	1345822705
2251095362	1345823062
2257490012	1345823239
1975207367	1345824192
1826864784	1345824223
1640658641	1345824553
1676971244	1345824692
2657230910	1345824914
1817544060	1345824995
1751926381	1345825246
1685738760	1345825385
2362445544	1345825919
1774653412	1345826486
1873951894	1345826646
1977450353	1345826911
2244044700	1345827070
1913493393	1345827243
1771930394	1345828112
1758723295	1345828405
2035534460	1345828533
1772999862	1345829208
2076938295	1345829260
1933476307	1345829669
1747056465	1345829953
1862847521	1345830092
1738801062	1345830151
2340568625	1345830901
1750140090	1345830980
1786853370	1345831125
2178943512	1345831440
1792639280	1345832260
2794480271	1345844021
1801134665	1345847937
1883781300	1345849174
1791494364	1345849804
2288092373	1345851340
2033497403	1345851790
1283398231	1345852342
2099793772	1345852661
1740716811	1345852815
1685986891	1345852917
1764710372	1345853293
2264550154	1345853808
1804941683	1345853847
2069838893	1345853999
1891697112	1345854054
1766736591	1345854173
2806718213	1345854176
2362800842	1345854188
2252283762	1345854195
2629644573	1345854731
1769817920	1345854756
2461403892	1345855278
1768755044	1345855298
2164150930	1345855354
1821040701	1345855668
1761802127	1345855681
1645068665	1345855993
1649064521	1345856227
2654709005	1345856755
1310163261	1345857143
2036313893	1345857184
1888811674	1345857348
1894723952	1345857561
2423233144	1345857850
1912656521	1345858195
2527110681	1345859063
2692876624	1345859113
1852100317	1345859142
1929034027	1345859222
1910548140	1345859315
1902931430	1345859327
1883844720	1345859350
2845005960	1345859392
1777085892	1345860058
1691395121	1345860064
2749498153	1345860475
1873399600	1345860642
1775681237	1345860802
1648986675	1345860966
1100131133	1345861017
1974485555	1345861084
1955534510	1345861215
2121059930	1345861231
2565424332	1345861442
1823196431	1345861463
1959342513	1345861629
1735796610	1345861646
2030139347	1345861650
1858178824	1345861704
1716159475	1345862154
1016699584	1345862479
1906283371	1345862604
2367700652	1345862631
1721279802	1345863003
1156715630	1345863038
1801860532	1345863211
1752920942	1345863325
2028479823	1345863563
2013088451	1345863674
1850804872	1345863760
2298657465	1345863765
1819734470	1345863894
2312279667	1345863976
1993331141	1345864015
1886328580	1345864148
2023236025	1345864226
1913629552	1345864242
2240560791	1345864245
1892635297	1345864256
1790119497	1345864268
2620132430	1345864424
1742342193	1345864494
1984895327	1345864592
2135599711	1345864935
2797823204	1345865126
2135599711	1345865163
2170594997	1345865384
1618940007	1345865393
2200367490	1345865413
1835828491	1345865470
1804383382	1345865518
1871619052	1345865591
1736006773	1345865613
2203660504	1345865847
1760263202	1345865938
1881091322	1345866483
2213241864	1345866510
1879989043	1345866546
2008484027	1345866667
1960006717	1345866927
1806570944	1345867241
1778153113	1345867371
2062512043	1345867411
1792955380	1345867487
2645781913	1345867916
1990807315	1345868003
2049345757	1345868050
2171846712	1345868635
2128718424	1345868705
2812705260	1345869104
2021526117	1345869268
1765762722	1345869297
1871602797	1345869347
1967306827	1345869538
1817131570	1345869601
2169537243	1345869621
1768719702	1345869691
2468654505	1345869802
1763900463	1345869834
1846844814	1345869958
1249699087	1345870007
1732227771	1345870518
1894045965	1345870673
2035402245	1345870772
1721717327	1345871355
2352723893	1345871613
1886785155	1345871672
2643720231	1345871677
2409747972	1345871842
1960992863	1345871861
1804535351	1345871902
1887838604	1345872013
2093179835	1345873098
1909161244	1345873270
1761680970	1345873448
1746839193	1345873476
1769540433	1345873476
1772651565	1345873880
1868621450	1345873986
1847677243	1345874021
2409235690	1345874135
1812637440	1345874278
1400531482	1345874782
1899835894	1345874863
2068146055	1345875172
2192149075	1345875308
2368873820	1345875321
1809084344	1345875719
1846940847	1345875740
1776553282	1345875958
1835555001	1345876045
1416507767	1345876140
1937958134	1345876432
2127373017	1345876617
1827677002	1345876863
2185501852	1345877043
1642648327	1345877060
2624340943	1345877440
1560967851	1345877496
2152051777	1345877926
1822535144	1345878054
2876827740	1345878105
1932248363	1345878933
1837350672	1345878946
1980097170	1345879115
2295107160	1345880087
2104410635	1345880415
2251346804	1345880488
1864964352	1345882380
2078123641	1345883367
1866643847	1345883752
1854384392	1345883892
1858143174	1345884085
1854266665	1345884726
1800534711	1345884755
2363720550	1345886082
1740008053	1345886236
1841624042	1345886548
2431952385	1345886806
1742163744	1345887507
1733976645	1345888351
1442551851	1345889865
1832031307	1345890479
1334189723	1345892417
2839081390	1345892736
1865822802	1345892907
2633053342	1345893315
2184498210	1345895326
2823671270	1345895834
2129605420	1345897826
1883156197	1345898493
2101738941	1345900934
2179128070	1345901693
2074268471	1345902162
1006673255	1345902808
2202809670	1345904200
1006673255	1345904972
1250602420	1345905370
1910962022	1345905760
1998041897	1345906052
1775864077	1345906154
1765962584	1345906630
1758500593	1345906896
1769100432	1345907023
2180322524	1345907330
2013725742	1345907585
1749137164	1345907787
2300520595	1345907980
2203411480	1345908439
2627175120	1345908553
2277664920	1345908591
2199043361	1345909398
2098658484	1345910692
2139875345	1345911802
2645655410	1345912353
2151355650	1345913877
2634927034	1345914213
1745477035	1345914294
1791676731	1345914386
1801590002	1345915088
2441072087	1345918037
1857418060	1345918952
1189574265	1345937721
2033047117	1345938238
1996522343	1345938651
2357763781	1345940133
1766508233	1345942389
1714549000	1345943107
2126255912	1345943898
2207358675	1345946138
1447881775	1345946381
1864898164	1345947874
2313101917	1345948731
2097718791	1345949469
1931927573	1345950046
1827557324	1345953227
1973848794	1345953740
1774578710	1345955010
1760991987	1345955227
1004340251	1345956957
2665157070	1345960958
1560967844	1345964544
2284960044	1345964890
1760464862	1345965155
2603446704	1345965324
1803582524	1345966126
2307889413	1345968123
2099098610	1345970934
1766674864	1345973995
1740338574	1345975663
2789967460	1345980895
2332331082	1345982840
1728059465	1345984305
1897656540	1345990191
1789209331	1345991846
1742299901	1345995540
1860195607	1345998069
2265778730	1346010729
1714201770	1346024816
1844349914	1346027416
2286214230	1346029558
1829297570	1346032784
1865315460	1346033691
2453708847	1346036135
1773686542	1346036845
2455779484	1346042196
1934848054	1346042765
2290736312	1346046167
1783610344	1346047877
1866067057	1346048606
1726904780	1346049518
1979940432	1346066034
2789967464	1346068638
2919742010	1346152777
1016249575	1346165667
2790091824	1346169902
2919857014	1346173200
1809375427	1346205109
2803934460	1346224444
2919755094	1346244454
2790135800	1346254807
2919739334	1346257374
2919843584	1346259245
2790041350	1346418310
2015206167	1346718682
2325489317	1347013230
2790091832	1347032565
2790091840	1347120995
2902865481	1347457818
1907387552	1347583003
2033190761	1347780601
1340247655	1347807108
