1766891774	1347329793
2082429825	1347330293
1763508034	1347340076
2878461860	1347349001
2992989684	1347350443
1729498314	1347367769
2926893482	1347373384
2482998165	1347405841
2782591127	1347407310
1770720250	1347407462
1833194177	1347417547
1763929022	1347419264
2239960145	1347424451
2405181732	1347425706
1805578841	1347426189
1025907275	1347426423
2075132093	1347427265
1914426312	1347427519
1933338885	1347427929
1750146031	1347428444
2200898844	1347428475
1736487791	1347428652
1686880440	1347435076
2188430443	1347435406
2653551767	1347436544
2631602363	1347437268
2409352163	1347438091
1420085790	1347438275
1768362380	1347438849
1841612154	1347447228
2118685983	1347448022
2626601127	1347448171
1374415003	1347448335
2258663751	1347449103
1727151114	1347449281
1572355083	1347449824
2849207832	1347450288
1840284864	1347451464
1687972953	1347451692
1857823050	1347452461
2400924554	1347452648
1932372762	1347453593
2626071035	1347453709
2079264951	1347455041
2022930887	1347467185
2022930887	1347472061
1424171875	1347472847
1101705973	1347477156
2034408272	1347480448
2234142634	1347481060
2946425995	1347499433
2378265754	1347507719
2154351077	1347508633
1892188283	1347508769
2045168561	1347508838
2187573920	1347513390
2307840234	1347513952
2318603880	1347515027
1777220551	1347515393
2695634385	1347515921
1881349557	1347545239
2036131145	1347546804
1344172243	1347547101
1776078911	1347547139
1908956047	1347547477
1410655070	1347548437
2405236315	1347551736
1654200190	1347554101
2156533145	1347555036
2896463380	1347560146
1629817154	1347584770
1782014645	1347587193
1677728874	1347587324
1741326847	1347587951
1663991092	1347588025
1770002664	1347588075
1949837503	1347588130
1678405184	1347588205
1653120812	1347588251
2995836242	1347588254
2615754187	1347588270
1921306584	1347588286
1241162765	1347588419
2686640950	1347588422
1247807664	1347588510
1889133915	1347588594
2835362933	1347588726
1959636133	1347588742
1694877112	1347588743
2498385924	1347588809
1737802970	1347588821
2867254724	1347588831
2357302921	1347588885
1763552634	1347588908
1758507263	1347588944
1648321640	1347589030
1680749221	1347589049
1923767704	1347589058
1865839882	1347589081
2028220193	1347589124
1752798342	1347589164
2882942594	1347589168
1899307900	1347589200
2276168632	1347589252
1669626053	1347589269
1732483470	1347589376
2126697842	1347589395
1466598623	1347589437
1981564562	1347589576
1744981162	1347589637
1803861663	1347589645
2710320394	1347589744
1813291053	1347589763
1770530674	1347589908
1604954424	1347589960
1582477241	1347590069
1727208582	1347590086
1845777032	1347590094
2707997163	1347590135
1923767704	1347590202
1842260582	1347590310
1718760552	1347590360
1813667267	1347590404
1553705921	1347590450
1770746500	1347590515
1788085730	1347590522
1786744564	1347590534
1677253541	1347590544
2078409550	1347590595
1853800210	1347590661
1733023860	1347590666
1737476680	1347590684
1677309941	1347590689
1962653671	1347590736
1865885701	1347590778
1963172083	1347590794
1247557595	1347590814
1923628735	1347590858
1272364457	1347590866
2006367115	1347590921
1659562107	1347590969
1899572563	1347590975
2326902847	1347590979
2326834077	1347590985
1878292567	1347590995
1823374857	1347591008
1866606985	1347591028
1732904785	1347591041
2608730795	1347591043
1789271730	1347591105
1746335131	1347591111
1771940615	1347591161
1865885701	1347591204
1762153184	1347591269
2016553251	1347591272
1599153651	1347591302
1707322004	1347591320
1737175480	1347591321
1683734494	1347591340
2167965100	1347591379
1973233123	1347591457
2271470542	1347591598
1784170167	1347591620
1891051485	1347591703
1888797623	1347591706
1842183964	1347591742
2772926803	1347591767
1865235453	1347591772
1896831777	1347591796
2794364962	1347591834
2769557453	1347591868
1899572563	1347591879
1980456357	1347591888
2581487654	1347591910
1704558970	1347591913
1655914605	1347591982
1758925271	1347591992
1862408467	1347592006
1873031660	1347592026
1750262461	1347592037
1647719094	1347592043
1807367530	1347592080
1470655830	1347592161
1660850535	1347592180
1855477847	1347592203
1790481167	1347592221
1784883135	1347592237
1752476573	1347592242
1918225674	1347592257
1936027182	1347592333
2680202683	1347592441
1240455843	1347592459
1763729810	1347592482
1562199717	1347592586
2329521962	1347592589
1747519144	1347592644
1721765614	1347592699
1729061777	1347592722
1692200582	1347592724
2050222213	1347592741
1848980530	1347592775
1765455413	1347592800
2527248511	1347592822
1405266070	1347592829
2707937541	1347592830
1767769404	1347592861
1828304921	1347592897
1946840237	1347592919
2049065780	1347592959
1249974980	1347593010
1875303097	1347593042
1844644983	1347593135
1773434522	1347593152
2269058617	1347593204
1558695370	1347593211
1761703927	1347593269
1501127687	1347593284
1892456661	1347593309
2216990707	1347593361
1007551594	1347593450
1734583971	1347593472
1910649023	1347593485
1630268117	1347593497
1632177625	1347593518
1601003611	1347593539
1694312253	1347593570
1744312231	1347593623
2817835710	1347593631
2294637267	1347593711
1840720385	1347593818
1929928373	1347593825
2175314772	1347593882
1747838944	1347593938
2467742262	1347593967
1675062355	1347593983
1497353684	1347593984
2265079471	1347594017
1456455142	1347594080
1785147054	1347594118
1850917222	1347594154
1913938081	1347594197
2130976167	1347594222
2169262433	1347594256
1743115950	1347594329
2390923815	1347594341
1037817230	1347594355
2038091047	1347594401
1828929267	1347594431
1877350161	1347594512
2094057492	1347594517
2325640817	1347594524
2608957962	1347594581
2630729671	1347594593
1282416671	1347594597
2141413007	1347594599
1599625971	1347594660
1173186292	1347594682
1889515092	1347594703
2977418020	1347594729
1718481241	1347594755
1841495990	1347594790
1677742865	1347594841
2118063094	1347594846
2163213305	1347594862
1890676890	1347594878
1713059474	1347594886
1862578690	1347594914
1768707250	1347594939
28766798	1347594992
1648008791	1347595051
1798445174	1347595100
1243063333	1347595109
1433588465	1347595110
2043908681	1347595178
1651695674	1347595188
1655272867	1347595196
2164529081	1347595205
1699112947	1347595243
2532716255	1347595268
1938573785	1347595287
2199098160	1347595315
1808499492	1347595320
1761529011	1347595342
1770130510	1347595352
1227421833	1347595359
1699452045	1347595388
1794077933	1347595445
1897964697	1347595569
1249822080	1347595585
1730880483	1347595656
1790547051	1347595744
1729828123	1347595840
1718714652	1347595844
2516093600	1347595867
1842052105	1347595882
1777772403	1347595885
1242017320	1347595887
1729823095	1347595899
1242991003	1347595900
1645124652	1347595904
1651157455	1347595921
2234147637	1347595931
2189495403	1347595945
1077654067	1347595960
1851020393	1347595969
1864621343	1347595979
1060317283	1347595981
2083920577	1347595995
1801544912	1347595995
1740462111	1347596003
2027787140	1347596017
2533475517	1347596019
2173491234	1347596019
1739165200	1347596020
1842525462	1347596030
1770154647	1347596050
1763197491	1347596054
1706134620	1347596057
1828801074	1347596061
2927266483	1347596066
2516093600	1347596067
2199202482	1347596074
1603303437	1347596080
1996669477	1347596081
1914657820	1347596081
1766662280	1347596083
1770989747	1347596085
2172362297	1347596092
1738988587	1347596101
1661296460	1347596101
1408929984	1347596116
1968240135	1347596127
2244788072	1347596140
1759759407	1347596143
1248646771	1347596179
1889446352	1347596181
1943526435	1347596190
1767753741	1347596210
1655575875	1347596224
1028466900	1347596227
1792512822	1347596228
1768665912	1347596229
2095047353	1347596240
1914773417	1347596247
2011488233	1347596249
1736411184	1347596261
1408166584	1347596276
2590427615	1347596302
1438065874	1347596307
2246147703	1347596317
1698898127	1347596320
1040277153	1347596367
1955056717	1347596378
1827621001	1347596382
1855901260	1347596389
1665713180	1347596403
2764147217	1347596424
1909577985	1347596448
1931208277	1347596450
1307779367	1347596470
1595266440	1347596474
2458317667	1347596496
1788790013	1347596499
1695690590	1347596514
1735693303	1347596541
1767739293	1347596586
1867759512	1347596592
1662899462	1347596609
1421263505	1347596644
1939619384	1347596645
1747097405	1347596658
1724654997	1347596685
1913667025	1347596690
1696730515	1347596710
1885625937	1347596720
2873441094	1347596726
1824576693	1347596730
1762242313	1347596747
1865594937	1347596754
1568399185	1347596762
2855203800	1347596779
1805224494	1347596788
1402598477	1347596812
1862821161	1347596837
2056508250	1347596837
2840987320	1347596842
1016559522	1347596843
1569283824	1347596846
1944278903	1347596850
2002565095	1347596879
1785672287	1347596880
1370092197	1347596883
2105285892	1347596906
1748018572	1347596919
1426868873	1347596920
1461284705	1347596937
1727161212	1347596939
1295918344	1347596945
2180456431	1347596960
2583646861	1347596979
1905874084	1347596987
2270790902	1347596995
2066261015	1347597001
2477970894	1347597016
1191919303	1347597022
2124737547	1347597035
1768286151	1347597052
1803781780	1347597053
2064625490	1347597062
2238651087	1347597066
1198014783	1347597074
1406196383	1347597079
1323376231	1347597095
1755407447	1347597129
1651747212	1347597142
2694131512	1347597182
1561057421	1347597183
2740363157	1347597185
2083884595	1347597185
1660701983	1347597191
1065519805	1347597225
2368797184	1347597254
1815004380	1347597271
2074868247	1347597274
1035965105	1347597339
1706164675	1347597360
1633419623	1347597401
1719461294	1347597445
1738397680	1347597462
1390438152	1347597481
2008576112	1347597482
2000200271	1347597491
2648255657	1347597515
1790856683	1347597517
1266701613	1347597520
2183721072	1347597544
1196539744	1347597605
2105369147	1347597610
2456805697	1347597634
2552977352	1347597652
1771625937	1347597678
2405002602	1347597691
1815024125	1347597697
2421787235	1347597735
2134941883	1347597737
1822550057	1347597781
2037140127	1347597789
1706002710	1347597793
2030872963	1347597809
1765673235	1347597811
1590343523	1347597828
1375644621	1347597843
1756483765	1347597872
1769328095	1347597930
1606781061	1347597961
1465758354	1347597966
1734298451	1347598009
1869663062	1347598044
1551742333	1347598047
1671298575	1347598050
2250634184	1347598063
1964058923	1347598078
1766897145	1347598129
2389035535	1347598139
1648465223	1347598147
2380121231	1347598160
2724980693	1347598169
2323398764	1347598180
1778148461	1347598208
1862513853	1347598221
1794685684	1347598227
1837746667	1347598238
2121433244	1347598255
2664322955	1347598257
2108961262	1347598279
1848249362	1347598292
1788560567	1347598294
1298427917	1347598368
1772081340	1347598371
1745919961	1347598373
1839974202	1347598428
2274538390	1347598474
1671410365	1347598485
1785483261	1347598499
1950708712	1347598532
2270929002	1347598546
1809380350	1347598598
1644360443	1347598611
1862831415	1347598617
2407805134	1347598654
2161422194	1347598661
1697675130	1347598669
2795921177	1347598677
1920201065	1347598736
1734337985	1347598805
1067849677	1347598819
1751631777	1347598834
1766106802	1347598856
1841556297	1347598877
1784622421	1347598956
1719866423	1347598962
1889515092	1347598970
2104604705	1347598993
2134427622	1347599059
1737328791	1347599080
1371800092	1347599098
2005276525	1347599107
1233933283	1347599161
2096987404	1347599180
1834872743	1347599236
2306806200	1347599241
1739643905	1347599275
1929212737	1347599284
1945022393	1347599296
1748810431	1347599354
2306806200	1347599356
1045927057	1347599370
2329612795	1347599379
1408772464	1347599390
1120622292	1347599413
1866631404	1347599423
2360862944	1347599432
1250581151	1347599442
1766618975	1347599484
1571070831	1347599485
1797902077	1347599527
1780940984	1347599531
1408520872	1347599536
2937242832	1347599568
1784786871	1347599574
1735022927	1347599586
1798014291	1347599620
2401041555	1347600222
2477475081	1347600268
1763324452	1347600283
1093329370	1347600300
1341747325	1347600327
1885399810	1347600329
1038927661	1347600333
1667906695	1347600376
2102998717	1347600442
1981281454	1347600443
1061762455	1347600444
2020425221	1347600453
2183925781	1347600474
1652223062	1347600475
2454123227	1347600501
2492257532	1347600530
1748813631	1347600550
1644223742	1347600572
1856787420	1347600574
1733402853	1347600574
2490072713	1347600576
1739237064	1347600588
1793691624	1347600589
1915609512	1347600589
1398312520	1347600683
1887465787	1347600728
2749875395	1347600743
1868283292	1347600781
2512922372	1347600793
1171362312	1347600806
1840341637	1347600828
1645559092	1347600829
1764155327	1347600849
1822606155	1347600856
1642641357	1347600868
1747688203	1347600884
1174291665	1347600896
1291250925	1347600901
1877008871	1347600902
1936926522	1347600905
1260815984	1347600921
2040417451	1347600923
1413727092	1347600965
1862255065	1347600990
1933374084	1347600994
1705920347	1347601002
1703594413	1347601002
1821126361	1347601003
2264913580	1347601014
1797318615	1347601026
1807156781	1347601032
2660085521	1347601040
1765385994	1347601095
1596623775	1347601096
2323393292	1347601119
1677354522	1347601127
1574168255	1347601174
2527178283	1347601186
1400156012	1347601192
1828619220	1347601196
1687108365	1347601243
2062542772	1347601249
1788602220	1347601251
2366876745	1347601333
2788643482	1347601344
1783205525	1347601363
1684551323	1347601364
2344094430	1347601388
2020243933	1347601406
1595012342	1347601462
2135492374	1347601470
1402777242	1347601473
2216487570	1347601485
1858057794	1347601511
2137519433	1347601518
1718144484	1347601531
2877382484	1347601574
2602910457	1347601592
2897350833	1347601603
1050487750	1347601613
1678852880	1347601614
1288541195	1347601619
1719129175	1347601624
2287790733	1347601634
1769440253	1347601680
1798596115	1347601688
1661689457	1347601697
1720098380	1347601698
2763750053	1347601725
2071871655	1347601744
1726660733	1347601777
1765602462	1347601784
1747688203	1347601785
1688066080	1347601812
2009847891	1347601845
1761715717	1347601872
1830278257	1347601875
1764755600	1347601878
1918131952	1347601883
1720265801	1347601885
1665616140	1347601896
2710762790	1347601915
2626026533	1347601916
2011469704	1347601920
1889488054	1347601933
1948502313	1347601936
2512440342	1347601970
2697978631	1347601971
1540781400	1347601978
1744874921	1347601990
1752528341	1347601991
1340803844	1347602006
2391179831	1347602070
1909444975	1347602079
1856471230	1347602080
1737587761	1347602084
1231340841	1347602086
1884861245	1347602092
1737993811	1347602092
1650768382	1347602093
1727898820	1347602100
1401223887	1347602112
2331033952	1347602116
1706206591	1347602123
1807014761	1347602144
1810079724	1347602149
1409863367	1347602157
1805207617	1347602186
2121616291	1347602203
1815710877	1347602206
1006421467	1347602217
1807572750	1347602221
1687070262	1347602223
2705082232	1347602246
1823631732	1347602275
2667886491	1347602284
1395185012	1347602292
1616402395	1347602294
1614575412	1347602295
1839160630	1347602322
2045097601	1347602325
1781878291	1347602327
1681640230	1347602332
1423941191	1347602343
2711876784	1347602352
2805020542	1347602371
2138263505	1347602384
1884674887	1347602408
1877314151	1347602425
2831941861	1347602444
2672284462	1347602448
2685823243	1347603117
2544718981	1347603117
1412357165	1347603142
1324790841	1347603142
2748969851	1347603178
1828717215	1347603197
1215461345	1347603208
2747004975	1347603210
2016518155	1347603215
2922440955	1347603220
1652667821	1347603240
2175280597	1347603243
1934624551	1347603248
2553828511	1347603256
1768867775	1347603278
1827416832	1347603432
1935896217	1347603434
2203498365	1347603441
2150950452	1347603449
1685775313	1347603475
1935228104	1347603475
1809236170	1347603495
2120630042	1347603496
2015550901	1347603497
1828897292	1347603592
1315611117	1347603639
1092120460	1347603640
1954503353	1347603662
2656936383	1347603686
1342314502	1347603693
1623789911	1347603694
2627096120	1347603716
1991740445	1347603729
2278083093	1347603785
2202749843	1347603792
1054974570	1347603798
1858254884	1347603825
1785580474	1347603831
1882469193	1347603857
2364506961	1347603886
1642494252	1347603897
1976659062	1347603917
1961781213	1347603936
1651359374	1347604005
1859964141	1347604007
2545561954	1347604007
1852164642	1347604068
1913312573	1347604089
2253400480	1347604095
2338409684	1347604102
1252684721	1347604104
1730967945	1347604118
2460866293	1347604146
1938692650	1347604174
2697805043	1347604184
1213850297	1347604188
1649067683	1347604200
1736342990	1347604215
2720193663	1347604218
1647421831	1347604239
1714083563	1347604244
2055411905	1347604258
1962912882	1347604318
2041600301	1347604331
1962113055	1347604359
1685888773	1347604386
1913681832	1347604401
2241786080	1347604431
1791816863	1347604433
2049846335	1347604473
2439532412	1347604482
2382012287	1347604511
1771447400	1347604518
2382012287	1347604525
2575334094	1347604549
1857389674	1347604572
2059122432	1347604674
1822859812	1347604681
2798628670	1347604759
1674185561	1347604776
1969738772	1347604809
1936011497	1347604851
1785578933	1347604865
2165494637	1347604881
1744176065	1347604909
1706673263	1347604929
2554268102	1347604945
1914629391	1347604968
2474074344	1347605032
1311700395	1347605060
1605050990	1347605105
1763918083	1347605107
1595293271	1347605118
1822859812	1347605126
2401041555	1347605162
2341684624	1347605166
2325992555	1347605167
1676643264	1347605227
2015036497	1347605259
1756864951	1347605297
1733892424	1347605351
1915967940	1347605363
1911727837	1347605383
2039683005	1347605388
1864998014	1347605389
1919575161	1347605471
1873079060	1347605526
1770909917	1347605531
1628204685	1347605539
1923432277	1347605572
2091884105	1347605627
1804380310	1347605635
2100232050	1347605645
1224473940	1347605685
2811326132	1347605686
2140648933	1347605711
2390150363	1347606989
1738508981	1347606994
2085792855	1347607005
2096540605	1347607020
2120959227	1347607059
2143496974	1347607068
1870928240	1347607146
2176608592	1347607191
1734574222	1347607233
2550017830	1347607250
1772089704	1347607264
1891309503	1347607276
2207786333	1347607282
1912623447	1347607305
2846924847	1347607388
2450543940	1347607399
2440423520	1347607439
1545260205	1347607446
1750263813	1347607574
1943654983	1347607654
1746619581	1347607766
1980259924	1347607772
1598539664	1347607778
1584964047	1347607820
1976745392	1347607865
2216123412	1347607866
2921984840	1347607945
2057245084	1347607985
1283255850	1347608043
1775197001	1347608083
2698347193	1347608113
1829211604	1347608123
2049723870	1347608181
2424308005	1347608215
1830525714	1347608261
2096164162	1347608327
2013428340	1347608386
2849099754	1347608447
2109467137	1347608509
2397218625	1347608524
1271294811	1347608533
1649056585	1347608567
1962016682	1347608706
2650087820	1347608725
1771889454	1347608751
1898462807	1347608763
1650954864	1347608784
2043666740	1347608795
1878100027	1347608901
1741451104	1347608982
1406908433	1347609039
1666433233	1347609042
1485801437	1347609067
2056436964	1347609087
1868603233	1347609097
2117683995	1347609136
2706950157	1347609152
1505476421	1347609158
1858496340	1347609191
2125770933	1347609299
1795960592	1347609322
1962150315	1347609336
1740767027	1347609351
1817924694	1347609389
1087373033	1347609523
1916828152	1347609554
2187287701	1347609560
1146353971	1347609567
1962150315	1347609613
2809220982	1347609633
2856751502	1347609659
1707829154	1347609670
2070193927	1347609671
2661083641	1347609674
2464675361	1347609758
1884486023	1347609782
1963559827	1347609785
2968863234	1347609826
2516652204	1347609922
2829643552	1347609923
1400041312	1347609968
1750930214	1347609973
2660332734	1347609982
2447545014	1347610021
1820944940	1347610034
1098878524	1347610046
2374468350	1347610053
1898552863	1347610101
1681517575	1347610133
1832889631	1347610300
1868978893	1347610325
1468425820	1347610390
2420893087	1347610466
2447723104	1347610606
1703035474	1347610713
1742523944	1347610744
1731053115	1347610792
2185805161	1347610798
2399348844	1347610821
1785145994	1347610941
1730724154	1347611068
1340106321	1347611129
1771464204	1347611135
1569546617	1347611260
1836369264	1347611273
2903224171	1347611351
2187164940	1347611412
1408014551	1347611454
1334204524	1347611531
2466853120	1347611555
2330453993	1347611582
2605935077	1347611594
1880462134	1347611620
1903827871	1347611653
1155775481	1347611682
2161897684	1347611705
2399545257	1347611758
1364334423	1347611897
2930352111	1347611984
1732892462	1347612066
2113496960	1347612233
1747256815	1347612340
1875542383	1347612350
1919616662	1347612513
1411257925	1347612625
1838016931	1347612680
1852108612	1347612691
2787598707	1347612703
2208309117	1347612726
1727204752	1347612740
2617852553	1347612755
1267709240	1347612763
2157663931	1347613018
1029461575	1347613037
2063911483	1347613198
1867046392	1347613313
2371699391	1347613336
1742779512	1347613402
1888743431	1347613426
1698620931	1347613499
1789876473	1347613525
1161176844	1347613553
1829600185	1347613572
1743988371	1347613673
1796903865	1347613872
1841448680	1347613904
1537060143	1347613983
2430448405	1347613993
1815473755	1347614067
1803996077	1347614093
1691208492	1347614139
1489361061	1347614324
1737811087	1347614344
2615047513	1347614495
1928873831	1347614507
1722671084	1347614532
1651909611	1347614571
1764026121	1347614617
1548224862	1347614622
2688558447	1347614637
2233938147	1347614782
2347217893	1347614875
2920490165	1347614881
1266727733	1347614923
1820680900	1347615004
2069711753	1347615020
1211802335	1347615071
1741293182	1347615099
1833018471	1347615103
1446999504	1347615379
2374261792	1347615454
1682454485	1347615479
1043209884	1347615490
1679104110	1347615531
2304586257	1347615563
2485982500	1347615593
2695961370	1347615593
1746324667	1347615615
1824851470	1347615652
2136292505	1347615663
1784622421	1347615689
1767520002	1347615775
1731307981	1347615783
2136138454	1347615799
1901337895	1347615802
2642895875	1347615847
1923846567	1347615854
1666446911	1347615942
2706686320	1347615950
1994795774	1347615979
1729176287	1347616094
2142053671	1347616231
1769040284	1347616269
1850089874	1347616386
1794603830	1347616421
2030727005	1347616431
1751308264	1347616468
1792222475	1347616513
1721373807	1347616582
1803364081	1347616597
1740014230	1347616705
1705944795	1347616761
1738410384	1347616862
1642361947	1347616897
1689355733	1347617127
1226383334	1347617177
2943681343	1347617233
1706993887	1347617253
1890175794	1347617311
1856473944	1347617337
2163402533	1347617379
1792267961	1347617444
1657149233	1347617456
1835685794	1347617543
1804097757	1347617543
1747339954	1347617780
2479190851	1347617859
1780131011	1347617940
1270637954	1347617948
1580841591	1347617949
1701083810	1347618063
1767240147	1347618071
1811569234	1347618110
1933855611	1347618139
1743141864	1347618193
1737785777	1347618246
1273803307	1347618379
1893256354	1347618439
1745383787	1347618574
2705302370	1347618575
1989569881	1347618653
2949557290	1347618855
1722950847	1347618923
2920820747	1347618932
2003180325	1347618943
1762335607	1347618948
1784196247	1347618994
2008791041	1347619017
1677801577	1347619083
2949557290	1347619100
1847350495	1347619131
1402695002	1347619143
2694689324	1347619246
1668511680	1347619344
2074320557	1347619363
1872214572	1347619405
1827604297	1347619445
1290790501	1347619468
1744009793	1347619503
1861222090	1347619521
2256553384	1347619614
1338146084	1347619633
1944387371	1347619677
1965760757	1347619797
1874159300	1347619799
2693295643	1347619805
1769912394	1347619855
1751999361	1347619899
1919571267	1347619929
1959403443	1347619931
2769218300	1347620071
2891347054	1347620094
1347884310	1347620096
1857167054	1347620096
1644092697	1347620097
1919267161	1347620203
1618634060	1347620259
1954033501	1347620396
1924773087	1347620423
1840713885	1347620456
1738686051	1347620741
1827268570	1347620743
2079097685	1347620792
2065901385	1347620837
1971836237	1347620900
2242121190	1347620917
1751423241	1347621121
2338565704	1347621135
1505523577	1347621276
1796979940	1347621321
2678059804	1347621476
2537307491	1347621559
1803466973	1347621690
1893857145	1347621802
2641660220	1347621843
2629621571	1347621954
1807636722	1347622229
2638706027	1347622293
1562985561	1347622324
2007268461	1347622338
2314854677	1347622340
1794822685	1347622397
2329744651	1347622399
1632983675	1347622423
1933346603	1347622443
2017685745	1347622477
1763577612	1347622498
1875549013	1347622511
1910944904	1347622638
1259223782	1347622671
1579518814	1347622692
1841454867	1347622764
1729521625	1347622846
1421870452	1347622882
1989282915	1347622941
2625350567	1347623037
1861425674	1347623065
1447916737	1347623407
2713311015	1347623456
2055519377	1347623627
2175446880	1347623709
2612709130	1347623733
1780011145	1347623806
2939765454	1347623971
2449243852	1347624104
1709379661	1347624252
2113834591	1347624288
2110513380	1347624504
1432321215	1347624521
1630919397	1347624650
1817571561	1347624825
2811335867	1347624908
1750521252	1347625122
1690051162	1347625123
1624035057	1347625212
2113636912	1347625215
2435499792	1347625236
2173685511	1347625241
2077199335	1347625332
1906132935	1347625380
1747949612	1347625385
2435499792	1347625469
2055703520	1347625485
1719195554	1347625512
1909800204	1347625519
2005216270	1347625553
1865657645	1347625578
1094109061	1347625605
1289468381	1347625627
1165475264	1347625630
1858957684	1347625681
1940800210	1347625726
1519643074	1347625841
1850407861	1347625869
1576555130	1347625928
1976355593	1347625954
1866184352	1347626037
2214171010	1347626042
2004391960	1347626111
2750912440	1347626145
1646276624	1347626199
1891287304	1347626257
1735198100	1347626340
2569474725	1347626396
1537060143	1347626661
1804357043	1347626680
2457912340	1347626765
1744390343	1347626861
2340410962	1347627060
2676415301	1347630532
1762257372	1347630618
1762237067	1347630669
1687847705	1347630700
2671206591	1347630802
1813828397	1347630835
1785545814	1347630932
1930422773	1347630952
1883654645	1347631029
1826221890	1347631124
2108453153	1347631132
1859324454	1347631273
1701459372	1347631363
2077806477	1347631379
2321383434	1347631400
2338560125	1347631464
2126598904	1347631471
2914626247	1347631828
1891185851	1347632038
2803945894	1347632058
2803945894	1347632111
2069004104	1347632179
1757394045	1347632284
2083097313	1347632358
1825631157	1347632373
1659164160	1347632447
1878353494	1347632503
2424532087	1347632689
1862485332	1347632705
2862086802	1347632727
1624760647	1347632760
1742087853	1347632789
1911639610	1347632825
2217121325	1347632835
1850109233	1347632933
1786978367	1347633178
1782824867	1347633321
1748328935	1347633332
2637800531	1347633408
2356709821	1347633623
1897915211	1347633648
1704814205	1347633871
1903813513	1347634041
1927775081	1347634042
1594931381	1347634049
2319160104	1347634111
2671662211	1347634114
1952734573	1347634130
1785679390	1347634170
1746556865	1347634172
1624766300	1347634334
2441156151	1347634379
1987672803	1347634401
1909936375	1347634425
1298935257	1347634445
1889159422	1347634549
1952362942	1347634581
2722473263	1347634608
1418312381	1347634686
2138376861	1347634690
1659893652	1347634769
1732554602	1347635058
2189416830	1347635066
1850411855	1347635072
2187942820	1347635139
2847845393	1347635206
1095797792	1347635262
1835982832	1347635310
1456109511	1347635359
2076198011	1347635364
1790106411	1347635448
2152421524	1347635483
1968293237	1347635524
2480802311	1347635540
2402868137	1347635604
1870268221	1347635689
1886890945	1347635753
1682789610	1347635917
1948119375	1347636056
1898569885	1347636135
2849248227	1347636202
1742994403	1347636226
1171394315	1347636355
2381908370	1347636369
2178556670	1347636382
1166456541	1347636482
1873492724	1347636584
2153279021	1347636600
1770215083	1347636669
1864251622	1347636703
2252177143	1347636781
2631144533	1347636807
1852943050	1347636882
1758216261	1347636914
1742770600	1347636976
2639699201	1347637065
2133968444	1347637074
1434511983	1347637207
1820009431	1347637239
2640293531	1347637247
1749825960	1347637309
1613646037	1347637424
1862736297	1347637465
1767546170	1347637483
2174295521	1347637599
1781180597	1347637783
1750567572	1347637858
1763082224	1347637981
1396183910	1347638019
2480653852	1347638026
1429088073	1347638039
1498953173	1347638066
1852413100	1347638091
1687061131	1347638114
2282844345	1347638180
1886258657	1347638205
1878469702	1347638250
2129298522	1347638251
1910903907	1347638383
1436650360	1347638405
1290608100	1347638439
1909863342	1347638486
1707829154	1347638501
1972793621	1347638769
1737792305	1347638801
1765944124	1347638804
1624158472	1347638865
1583768187	1347638905
1600716595	1347638939
2191040903	1347639042
2653927171	1347639256
1765831277	1347639334
1820512661	1347639362
1749203072	1347639578
1771532432	1347639740
2334987955	1347639770
1734120815	1347639809
1764248075	1347639825
1878746212	1347639919
1740325522	1347639926
1165606284	1347640020
2192664987	1347640088
2201288185	1347640100
1731444591	1347640205
1831663151	1347640215
1656469242	1347640244
1397667280	1347640436
2718622855	1347640441
1743228972	1347640494
1793621382	1347640537
2335723462	1347640702
1190513780	1347640728
1774476985	1347640883
1777366647	1347640982
1677337490	1347641015
1688421467	1347641050
2640544321	1347641059
2670632381	1347641162
1846482620	1347641213
1863079170	1347641239
2185228355	1347641296
2610769731	1347641512
1880547383	1347641792
1826437182	1347641836
1743028767	1347641850
1514317215	1347641927
1919680420	1347641942
2274589195	1347642294
1862609570	1347642445
1878224307	1347642601
1758845061	1347642628
1722409145	1347642868
1656979255	1347643052
1825412754	1347643586
1822404561	1347643606
1781827091	1347643797
2296336035	1347643817
2591358904	1347643867
1957328293	1347643904
1646834522	1347643979
2495682357	1347644011
1747763083	1347644037
1954339407	1347644097
2142939823	1347644231
1747538394	1347644400
2365755802	1347644463
1752083530	1347644469
1742240294	1347644571
1821429252	1347644584
1739236302	1347644593
2142939823	1347644647
1851704341	1347644651
2179092780	1347645065
1684446170	1347645092
1797297873	1347645168
1738839471	1347645219
1967613827	1347645552
1697643864	1347645595
2821551404	1347645659
1767973402	1347645843
1879548624	1347646015
2009321165	1347646314
2778165083	1347647119
1898268540	1347647219
1829391655	1347647543
1883686555	1347647909
1862144103	1347647971
1899678151	1347648074
2707173603	1347648538
1843141657	1347648709
1922436757	1347649242
1885871085	1347650071
1806815962	1347651017
1910052915	1347651192
1786223817	1347651392
1734640241	1347652058
1907388803	1347652262
1452870263	1347652363
1959772921	1347653097
1414903995	1347654106
2538186475	1347654833
2797697740	1347655010
2022063355	1347655600
1808558122	1347656506
1014406252	1347658388
1825024243	1347659448
1719658800	1347659761
1812762880	1347661316
1824782542	1347661440
1879461681	1347661634
1827460994	1347662107
1746447504	1347662230
1851875525	1347662758
1338475602	1347663472
1744729544	1347663770
2111010264	1347664036
2766383315	1347664330
1644824415	1347664522
1737941903	1347664990
2628925461	1347665156
1776048735	1347665361
2192971637	1347665636
1687692040	1347666020
2189618741	1347666099
2019524373	1347666150
1008529770	1347666193
2314931802	1347666477
2130633592	1347666550
1744286247	1347666796
1942546245	1347666916
2832132124	1347667677
1750693275	1347667735
2108024935	1347667831
2838807130	1347667838
1862597382	1347667946
1975452763	1347668051
1868607552	1347668095
1846413750	1347668149
1722004824	1347668256
2055518751	1347668332
1192108210	1347668721
2136532620	1347668849
1285149750	1347668873
1233064007	1347668911
2184358494	1347669100
1828966040	1347669106
1745525152	1347669181
2638138285	1347669248
1672747804	1347669754
1865506105	1347669814
1289413237	1347669910
1726280603	1347670015
1785760035	1347670147
1773291720	1347670239
1728730272	1347670377
1775875562	1347670662
1831951575	1347670665
1731690003	1347670694
1761304444	1347670810
1545262470	1347670898
2130544661	1347671050
1617264722	1347671152
1612587605	1347671238
1729176585	1347671252
2265006157	1347671281
2130544661	1347671323
2558268420	1347671571
1666484180	1347671790
1845258314	1347671849
1730261202	1347671868
2436457944	1347671968
1743771672	1347672015
2079974293	1347672031
1646812800	1347672057
1930319993	1347672245
2122852080	1347672316
1796652114	1347672336
1251773982	1347672429
1732987505	1347672483
1854698481	1347672711
1756692937	1347672882
2426206734	1347673194
1930651803	1347673322
1766047727	1347673497
2984183710	1347673566
1793788624	1347673633
1605090561	1347673654
1934578560	1347673803
1757795163	1347673891
1801961147	1347674041
2205989364	1347674052
1560732331	1347674201
2796311824	1347674437
1814961675	1347674560
2215583553	1347674698
1745516087	1347674747
1773530805	1347674750
2991471064	1347674992
1395326967	1347674996
2016597525	1347675096
1840056641	1347675119
1403899274	1347675121
1729634314	1347675124
2485525071	1347675276
1748368324	1347675390
2288445155	1347675536
1773339432	1347675551
1735930170	1347675588
1615891127	1347675942
2202213611	1347676017
1745483233	1347676523
1976311192	1347676648
2992917600	1347676701
1691737295	1347676731
1580189961	1347676912
1911631792	1347676979
1838221330	1347677027
1750557200	1347677180
2102438372	1347677313
1596774830	1347677426
2251069704	1347677427
2413743155	1347677574
2282745632	1347677663
1752503922	1347677709
1925997851	1347678526
2615536990	1347678536
1801171163	1347678572
2633001421	1347678695
2167095232	1347678752
1655312962	1347678760
2096305145	1347678886
1107842411	1347678958
1723814214	1347679352
1681004132	1347679696
2307054571	1347679763
1744521650	1347679883
1226042795	1347679977
1048808192	1347680024
1869532917	1347680069
1964485345	1347680119
1695064082	1347680197
2131688563	1347680365
1949479977	1347680427
2105490132	1347680449
1929191957	1347680474
1857075090	1347680523
1153218551	1347680580
1141082400	1347680602
2034744260	1347680603
2457084284	1347680632
1745335754	1347681179
2033194635	1347681203
1675679062	1347681288
2123869775	1347681400
2789331197	1347682020
2307140501	1347682093
1954946521	1347682133
2170806287	1347682348
2479163250	1347682389
1834524905	1347682433
2743217053	1347682561
1159879697	1347682902
2329873915	1347682987
1744482677	1347683065
1926043967	1347683253
1649353397	1347683361
2425730693	1347683491
1925107503	1347683505
1772717112	1347683611
1880260774	1347683688
1766906535	1347683818
1053654475	1347683862
1769934934	1347683954
2315069095	1347684108
1270943751	1347684204
1893255650	1347684226
1770251610	1347684358
2217267027	1347684362
2250605481	1347684582
1788486781	1347684583
2133753613	1347684610
2157053244	1347684638
1949356361	1347684783
2112091720	1347685090
1820731920	1347685165
2628822921	1347685219
2188223811	1347685986
1752795005	1347686018
1845287142	1347686240
1784759771	1347686242
1781459485	1347686272
1916962807	1347686368
1219592270	1347686378
1872325892	1347686836
1731642880	1347687113
1616674017	1347687178
2643174900	1347687245
1843102342	1347687384
1983513583	1347687802
2940619671	1347687831
1804988113	1347687935
1924291563	1347688024
1900476017	1347688058
1850561092	1347688185
1684064801	1347688269
1863886152	1347688397
1600772071	1347688761
1746424467	1347689313
1910788941	1347689413
2302882182	1347689581
1777996497	1347689752
2591879380	1347689882
2270113970	1347690105
2136244815	1347690154
1856724930	1347690231
1250895255	1347690292
1787112005	1347690296
2261537040	1347690359
1250895255	1347690378
2170432167	1347690827
1784946861	1347690854
1887253902	1347690949
1727500673	1347690950
1884384044	1347690991
1134388061	1347691075
1958959553	1347691184
2473523000	1347691305
2760936333	1347691374
2899824077	1347691388
2107134444	1347691470
1846352267	1347691663
1768342310	1347691803
1790424755	1347692180
1820193317	1347692794
2020171652	1347693226
2638358445	1347693367
2181692671	1347693796
1277780351	1347693917
1742744992	1347695145
1852004181	1347695354
1817134000	1347695616
1414185143	1347695973
1956927984	1347696517
2993313702	1347696671
1931890161	1347696709
1785782021	1347696802
2884617270	1347697799
1730172385	1347697873
1746703642	1347698025
2947488737	1347698176
2574244562	1347698214
2479872357	1347698222
1646542854	1347698531
1765267862	1347698787
1792834040	1347699078
1701934790	1347699136
1780785133	1347699300
1726285062	1347699484
2132966827	1347699594
1977674511	1347699688
1858186542	1347700013
1777563077	1347700048
1768529432	1347700385
1773412833	1347700606
1889473445	1347700800
2671850732	1347701517
2719076191	1347701619
1646725504	1347702108
2241022845	1347702135
1095978201	1347702150
2808703154	1347702702
2920260152	1347703930
1950928805	1347704414
2325834822	1347704484
1730676360	1347705556
1772526743	1347705807
2919602110	1347706241
1913906907	1347707766
2554392967	1347707877
1742488025	1347708212
2052380473	1347708427
1551040792	1347708506
1783499451	1347708670
1876573817	1347709286
1583768187	1347709406
2919540214	1347709763
2789968990	1347710485
1812051062	1347711046
1306526714	1347711149
1711541204	1347711744
1800185552	1347711803
2919633412	1347712046
1727494620	1347712226
2703863661	1347712705
2217686715	1347712719
1440469840	1347712796
1440437492	1347712798
1721105682	1347712947
1764215035	1347713570
1921958201	1347713624
1793675684	1347714101
1748218205	1347714726
2423423142	1347714918
1748298615	1347715224
2206901495	1347715265
1870068011	1347715482
1762928211	1347715564
1830537110	1347715592
1650750087	1347716024
2068591085	1347717191
2682407973	1347717344
1798373275	1347717466
1886542147	1347717525
1733302687	1347717889
1575553413	1347717963
1780683005	1347718205
1762601962	1347718260
1768247134	1347718644
1861966997	1347718775
2520557590	1347718954
1725665765	1347720044
2447061625	1347720159
1801164240	1347720200
2019944383	1347720393
1778192180	1347720449
1457361774	1347720465
1105319525	1347720534
1662538440	1347720554
1752525940	1347721021
1738988181	1347721443
1833529904	1347721517
1895951745	1347721569
1863352580	1347721586
1775269701	1347721683
1743314670	1347721959
1254645907	1347721986
1317990955	1347722205
1775269701	1347722268
1737531057	1347722534
1864819240	1347723335
1928560294	1347723502
1821562107	1347723545
2185336951	1347723696
1973373891	1347723955
2071418242	1347723995
1678568081	1347724047
2371877565	1347724362
2144337724	1347724661
1802076354	1347724677
2648753895	1347724724
2037915903	1347725212
1684955125	1347726131
1748823957	1347726160
1752287744	1347726243
2217552901	1347726320
2145575127	1347726474
1835441397	1347726492
2578109864	1347726773
2090369194	1347726779
1790138375	1347727145
1652682713	1347727883
1681722872	1347728270
1626038865	1347729176
2350138734	1347729258
2104835673	1347729331
2919951624	1347729404
1957785111	1347729819
1679913070	1347729838
1711601927	1347729852
1837533474	1347729915
1782492473	1347730243
1251296784	1347730444
1971948320	1347730459
1889856542	1347730847
2060554542	1347731582
2903166805	1347732982
1792809872	1347733104
1737396113	1347733348
2826986151	1347733668
1978356940	1347734342
1583343511	1347735885
1784654807	1347736785
1095146302	1347737404
2802941314	1347738248
2803440182	1347739402
1726320471	1347740821
1838072951	1347742524
1584217273	1347743491
1804337213	1347744511
1733494537	1347745094
2802801744	1347745995
2041489561	1347746022
1828297495	1347748737
1952162122	1347748758
1838120875	1347750012
1744875102	1347750710
1970997455	1347750713
2733630977	1347750747
1824965864	1347751327
1586263977	1347751539
2519086295	1347751950
1895010325	1347752001
2028943965	1347752903
1748791255	1347753511
1675704151	1347753722
2611462364	1347754536
1898434435	1347755062
1908501222	1347755153
1732642731	1347755258
2037253760	1347755823
1805212874	1347756109
1233859637	1347756124
2714683147	1347756466
2265199304	1347756704
1951799163	1347756998
2037253760	1347757270
1552531465	1347757459
1821223147	1347757550
2136183872	1347757633
2384472574	1347757864
2837099801	1347757985
1627868592	1347759198
1919449795	1347759635
1763487200	1347759811
1956348537	1347759853
1785221267	1347759941
2249085933	1347760797
1824494084	1347761449
1611002547	1347762207
1771204257	1347762338
1422842851	1347762449
1788718004	1347762471
1784897475	1347762474
2451710813	1347762504
1773332153	1347762581
1700911692	1347762598
1177924185	1347762635
1743532852	1347762669
1667215205	1347762719
1534702982	1347762729
2106045784	1347762745
1927578361	1347762828
1803348981	1347762933
1051251913	1347762970
2853842712	1347762986
2550627364	1347763171
1769543407	1347763279
1650430863	1347763339
2617050545	1347763380
1891745810	1347763418
2106045784	1347763439
2183838184	1347763441
2193056451	1347763502
1098327593	1347763568
1273055761	1347763753
1226400722	1347763871
1628698230	1347763899
2443982482	1347763911
1959636451	1347764213
1400342911	1347764343
1891745810	1347764474
2286415500	1347764747
2678558471	1347765104
2808745082	1347765132
1912127964	1347765141
1729851612	1347765205
1114542473	1347765464
1651531304	1347765476
2069172995	1347765554
1573182295	1347765587
1586361427	1347765728
2718190745	1347765781
1854080285	1347765893
2130679657	1347765933
1603893132	1347766076
1748808732	1347766198
1507683982	1347766243
1707518632	1347766287
2403969573	1347766396
1964646377	1347766485
1077521625	1347766614
1784566003	1347767106
1748661902	1347768906
1567232632	1347769007
1234563904	1347769141
2276359911	1347769289
1958534971	1347769312
1803348981	1347769399
1907476413	1347769532
1734062070	1347769573
2736044945	1347769624
1406063794	1347769758
1806508332	1347770832
2175843397	1347770904
2314859315	1347771019
1730297483	1347771203
1879653504	1347771262
1857006114	1347771340
1562320160	1347771343
1372602584	1347771563
2014259230	1347772040
1778191023	1347772292
1878958080	1347772495
1817484747	1347772786
1727210155	1347773060
2282998677	1347773110
2262751564	1347773158
2686277237	1347773479
1992004384	1347774097
1994163225	1347774531
1882175944	1347775590
1835026495	1347777193
2577853887	1347777234
1045520240	1347778514
1724457407	1347778522
2617105451	1347778664
1259114917	1347778725
1969364773	1347778844
1772628377	1347778970
1237497360	1347779462
1929562074	1347779720
1879996810	1347780075
1922593841	1347780135
1745066811	1347780159
1919710902	1347780169
2277067723	1347780508
1543579924	1347780992
2151473120	1347781205
1440668265	1347781292
2242663962	1347781523
1068162047	1347781784
1421297724	1347781916
1636898827	1347782797
1226712850	1347782809
1749949233	1347783086
2104185285	1347783642
1885881433	1347784118
2740276110	1347784216
1780859617	1347784493
1757932615	1347784556
1727621985	1347784613
2359272532	1347784635
1892127683	1347784672
1341394527	1347785104
1863698130	1347785418
2721742413	1347785866
1556651937	1347786716
1770205551	1347786744
1232317415	1347786753
1848891915	1347786849
2083028687	1347787200
1573911025	1347787261
1697319343	1347787274
1825781233	1347788225
1025381352	1347789438
1734204333	1347789511
1251101983	1347789624
2642679027	1347789936
2497439730	1347790693
1741216051	1347790832
1809544822	1347790944
1825786194	1347791180
2103607837	1347791463
1825528341	1347791665
1767627180	1347792214
1849901164	1347792517
1834162347	1347793486
2919659690	1347793557
1494887871	1347796132
2790031434	1347796234
1821592982	1347796297
1826903890	1347796489
1865265852	1347796995
1238134497	1347797777
1857976774	1347798418
1055935717	1347798842
1568879045	1347799022
1742910971	1347799452
2092681221	1347799772
1856408071	1347799954
1446614661	1347800333
1568879045	1347800387
1955569242	1347800567
2135901154	1347801091
2062869853	1347802062
1778110493	1347802296
2894963881	1347802418
2615059770	1347803303
2581618314	1347803522
1768401481	1347804045
1645010194	1347804350
1763065153	1347804370
1632852372	1347804948
2651564727	1347805034
1874020981	1347805072
1675456214	1347805192
1742093902	1347806166
1264870807	1347806640
2092681221	1347806796
1595634493	1347806951
2875332944	1347807024
2052514247	1347807217
1749132700	1347807384
1617276757	1347807834
1764864405	1347808407
1558616197	1347808619
2672663187	1347809152
1823424240	1347810574
1896894564	1347810870
1803581740	1347811085
2264758300	1347811737
1858234890	1347812865
1240187840	1347812917
2006553935	1347813435
2919938874	1347813736
1737033064	1347813836
1677104565	1347813911
1753164713	1347814123
1290686210	1347814205
1404655112	1347814927
1695846097	1347815077
1804175244	1347815784
1410781843	1347816354
1792980862	1347816995
2398570950	1347817009
1848926735	1347817574
1672120541	1347818306
1653014771	1347818972
1568187433	1347819592
2802941350	1347822431
2803419820	1347829324
2727878837	1347832550
2808976160	1347833546
2185341910	1347833589
1972764175	1347834415
2531980693	1347834646
1737807055	1347838213
2169862085	1347841286
2169862085	1347841308
1243129824	1347841408
1256945591	1347841867
2389447787	1347841895
1274754424	1347842521
2004844871	1347842576
1200808863	1347842624
1805684457	1347843631
2253270742	1347844195
1735028672	1347844927
1827195744	1347845281
1965208923	1347846634
1837523463	1347846858
1969654397	1347846892
1595939847	1347846962
2066879763	1347848112
2740359045	1347848122
2703915281	1347849712
2038819672	1347850588
2297058965	1347850660
2831517470	1347850725
1707917087	1347850787
1679047864	1347850890
1909635761	1347851441
1885894664	1347852972
2571829022	1347853774
1976932257	1347854056
2661467705	1347854254
2341023097	1347855040
2919490674	1347856020
2013330542	1347856601
1738860332	1347856891
2919310594	1347857321
1884633950	1347857473
1205832144	1347857572
1923721942	1347857691
1529023347	1347857880
1776699985	1347858637
1901550683	1347858715
1684128127	1347860545
2919438954	1347861018
1795498634	1347862887
1908972610	1347863957
2247377845	1347864651
2316381867	1347865454
1830181450	1347866140
2090742225	1347866437
1826505297	1347866683
2205475900	1347867461
2033296995	1347868097
1581691972	1347869828
1772414842	1347871430
1920962365	1347872433
2301875301	1347873023
1850626995	1347873062
1737790237	1347873780
1668825972	1347873963
1917092530	1347874245
1753016741	1347875310
1710230615	1347875384
1764010151	1347876590
1769527563	1347877394
1802064317	1347878588
2919554550	1347879857
1584957251	1347880200
1688140515	1347880313
2316491130	1347880491
1745943297	1347880666
1802064317	1347881120
1765735714	1347881672
1540449242	1347881958
2341692934	1347882543
1091997485	1347882726
1944814272	1347882818
1805106903	1347883411
2289746827	1347883625
1808707500	1347885013
1144072110	1347886514
1767602855	1347886930
1181945800	1347887555
1878587053	1347889246
1795156112	1347889267
1841156387	1347889845
1678204205	1347889934
1912547697	1347890836
1767876742	1347891913
2461425990	1347892660
2350574085	1347893340
1727099644	1347894313
1801656084	1347894467
1923553053	1347895098
2045525605	1347895210
2442510381	1347895238
1617660334	1347895597
1718627570	1347895701
2188006737	1347897134
2835087732	1347898461
2805336790	1347898696
2919937032	1347898748
1415113391	1347898801
1923638581	1347899124
2450305780	1347899412
1747054372	1347899776
2100656254	1347900014
1845425980	1347900311
1733766334	1347900529
1784843623	1347900879
1919943201	1347901529
2007966547	1347901662
1970615597	1347902343
1748981675	1347903642
1904307044	1347907164
1851023633	1347908040
1661019794	1347913204
2802894254	1347923538
1582580937	1347923539
1760201011	1347923833
1996499443	1347924095
2018642667	1347924291
1795227527	1347924651
1851901120	1347925114
1751431133	1347925484
1896073021	1347925751
2001669471	1347926164
2251291352	1347927746
2785974297	1347928718
1232502772	1347930377
1440450980	1347932032
1646497603	1347932191
1228058945	1347932335
2919654014	1347932437
2789719300	1347932437
1892425980	1347933237
1401854091	1347933695
1646303004	1347933720
1158886753	1347933915
1678214062	1347934012
1679077722	1347934082
1917016564	1347935400
1736268301	1347935646
2072794083	1347936883
1732281743	1347937357
1767753741	1347938184
2479134521	1347938980
2652773665	1347942706
1752484705	1347944381
1683913001	1347945368
2235609717	1347946799
2663275733	1347949082
2721147490	1347949649
1914464347	1347949875
1858319442	1347958617
2858313094	1347961350
2624728381	1347964582
1642695023	1347965396
2655112593	1347967404
1985478107	1347970050
1996747735	1347971688
2174607495	1347971938
1827369724	1347972332
1309424454	1347976059
1790582830	1347976217
1843564172	1347978631
1871618233	1347979276
2176631865	1347980375
1595738302	1347982989
2233405431	1347984870
1230988263	1347988191
2939760721	1347988545
1778931757	1347988836
2200474510	1347993031
2789753914	1347998073
2804875002	1347998073
1869722833	1348001342
1998434697	1348002563
1793548900	1348006749
1743943055	1348010164
2653964411	1348010709
2179729622	1348010777
1738507227	1348013712
1816454930	1348015303
2279410664	1348015709
1861978142	1348017298
2126704062	1348018041
1768483034	1348021536
1617660334	1348027265
1840533664	1348030755
1769326587	1348031067
1088101821	1348033261
1896145183	1348034236
2198799301	1348034876
1340982817	1348035338
2470614835	1348037268
1629807621	1348038152
1033931302	1348040823
1885679077	1348042378
1822725144	1348043281
2621544522	1348045085
1978329304	1348045567
1860936804	1348046764
2337534437	1348047435
1770602682	1348047821
1781663457	1348048899
1780049553	1348049854
1770602682	1348050192
1780049553	1348052847
1770602682	1348053458
1781663457	1348057290
1678033981	1348063250
2487875665	1348064126
1827141657	1348070967
2157911815	1348071193
1827141657	1348071282
1827141657	1348071705
1882533040	1348074353
1793655742	1348077109
2130654754	1348077114
2783652871	1348085654
1750363715	1348101867
1792925930	1348106182
1658578745	1348107765
2710055160	1348107917
1862031340	1348113777
2067400877	1348114131
2422165700	1348115683
2524172100	1348120014
1659191720	1348144775
1706017452	1348173299
1401702114	1348194608
2929218177	1348202685
1672184582	1348207256
1929901441	1348211382
1744042013	1348216515
2409659781	1348230871
2063927327	1348231891
2395728474	1348238003
2235903292	1348247529
2314978583	1348250085
2790015974	1348253414
2802766502	1348279109
2919788114	1348279110
1778125354	1348293060
2803239390	1348293061
2781184347	1348296696
1774831220	1348307090
1583419182	1348316783
2805455622	1348316785
1066330275	1348333320
2722939192	1348343762
1919466935	1348344670
2919770844	1348355440
2180096162	1348369557
2919867992	1348370283
1802687443	1348377654
2454394750	1348383807
2218006541	1348385244
1915015455	1348398710
1785140911	1348409039
1879323910	1348419641
1793236361	1348440765
1906134501	1348449682
2919433464	1348459234
2790089220	1348459236
1885943283	1348498601
2254711554	1348508219
2778711415	1348508235
1583008794	1348534962
1476573535	1348550080
1845997857	1348553310
1722873295	1348556906
2151772427	1348582277
2391452333	1348619937
1749780850	1348620294
1584509262	1348621732
1974678785	1348646849
2119730230	1348669329
1748653731	1348670964
1787022081	1348691408
1832037971	1348702953
2074677811	1348714382
2535846342	1348721570
1583611717	1348734595
1583833187	1348734595
1228210695	1348737036
1721994245	1348769279
2829219732	1348894264
1915605795	1348926283
1758159741	1348968578
1764293771	1349044445
2208186277	1349109328
2137251085	1349133052
2278762440	1349162358
2257586102	1349245026
2797368703	1349255926
2249181662	1349430046
2218284523	1349431575
1970173971	1349434821
2667106445	1349453669
1751894672	1349497029
1903338603	1349626407
1667891133	1349651729
1077521625	1349875464
1847992232	1350041226
2808692894	1350220084
2089483730	1350684821
2789778242	1350879559
2804089112	1350879559
2805653924	1350922131
2414780565	1351179549
1315336154	1351227401
1582825123	1351430079
2920574534	1351430081
1919396611	1351497481
1729607341	1351501979
2789968430	1351510933
1990897363	1351774067
2789984380	1351903794
1778323947	1352015075
1347527362	1352091164
2919368270	1352091164
1887532542	1352115188
2920194814	1352153615
1777816871	1352161430
1806096990	1352163227
2920014834	1352235187
1583699754	1352617243
1777184042	1352617244
2919575384	1352719586
2081251071	1352719950
1777234300	1352968976
2920197162	1352968977
1777953572	1353008209
2919950284	1353133907
2919288024	1353133907
2920225952	1353260775
2986274493	1353370955
1581751561	1353428278
1584033903	1353428280
1757897341	1353512207
2920637882	1353572245
2919532994	1353572245
2919482892	1353632987
1588516407	1353632987
2803626380	1353908215
2805451960	1353908215
2803129732	1353959150
2804509534	1353959150
2919546964	1354127782
1722662271	1354127782
2919574130	1354597336
2920449374	1354713532
2789876714	1354713533
2920545002	1356448220
1440473432	1356448224
1785900217	1357765854
1807493205	1358675762
