2083119675	1365137100
2000610683	1365137165
2562450961	1365137177
2206471855	1365137214
2780379337	1365137229
1839193051	1365137287
2423223650	1365137302
3180472250	1365137336
2400962513	1365137375
1781493821	1365137389
2740208533	1365137397
2799557095	1365137406
1794584660	1365137416
1794584660	1365137431
2951255873	1365137439
3153635347	1365137468
1796405183	1365137513
1747655692	1365137523
1304702350	1365137600
2137912512	1365137750
1752607091	1365137787
2175016287	1365137872
1715619947	1365137891
1740705200	1365137971
2600774771	1365138007
2800491534	1365138089
1112907665	1365138318
1891264835	1365138323
1904460650	1365138367
1407731341	1365138384
3173077242	1365138469
1786926491	1365138477
2243815747	1365138632
2880501270	1365138885
1927995013	1365139010
2177492693	1365139051
1693427422	1365139111
2986727333	1365139112
2287272935	1365139141
1066035744	1365139204
2487282881	1365139244
2651329795	1365139398
1303723002	1365139657
2482657950	1365139686
2503533290	1365139714
1734458195	1365139805
2807392844	1365139838
2039860913	1365140031
2953225302	1365140236
1656185204	1365140248
2343151895	1365140349
1934553371	1365140532
2663011941	1365140740
3213502247	1365140953
1900803792	1365141109
1963228683	1365141581
2673791043	1365141628
3233545077	1365141868
3243842540	1365141870
2396568944	1365141885
1976859605	1365141898
2618681443	1365141905
2468473700	1365142125
2096636863	1365142437
2116838660	1365143149
1821226160	1365143298
1407731341	1365143624
1528270870	1365143858
2299808240	1365143883
2489320802	1365144159
2551188172	1365144340
3181128383	1365144995
2135241325	1365145256
2291043792	1365145264
1882540152	1365145304
1152953275	1365145794
1733000777	1365146359
1996550451	1365146757
3180789114	1365147220
1899896231	1365147606
1573116904	1365147649
1756384243	1365147786
1884833744	1365147805
1890689815	1365147918
1948401551	1365148046
1809182687	1365148101
1809182687	1365148178
2539946741	1365148204
2292128637	1365148372
2299670204	1365148445
2032732904	1365148628
1730653052	1365148707
2011820132	1365149004
1415606741	1365149044
2425819787	1365149156
2144016881	1365149271
1761432574	1365149380
2625270634	1365149382
1909275803	1365149669
1350542960	1365149788
1853447361	1365149951
2304042662	1365150184
1454921397	1365150282
1674746632	1365150391
2093918340	1365150422
1863271907	1365150438
1978853393	1365150483
2497543032	1365150489
1727462430	1365150564
2345098953	1365150669
2882109885	1365150754
2753727161	1365150899
2092977713	1365151132
2895404047	1365151431
2041466085	1365151786
2875537810	1365151932
1799254933	1365151939
2621413775	1365152345
2565973463	1365152389
1854901287	1365152391
2590267234	1365152596
3153310830	1365152599
1678652574	1365152630
2509029973	1365152635
3284203067	1365152643
2886813165	1365152708
2136861144	1365152764
1815294071	1365152782
3184465474	1365153133
1858672650	1365153133
2909342677	1365153365
3141365742	1365153375
1863271907	1365153396
1996706945	1365153420
2909342677	1365153501
1912360643	1365153529
1863271907	1365153548
2521584005	1365153583
1971222353	1365153688
2363093490	1365153703
2909342677	1365153731
2194667297	1365153736
3169290352	1365153742
1657893311	1365153744
1863271907	1365153768
3283669331	1365154022
2131491191	1365154156
2957909545	1365154159
2803324110	1365154489
2336310953	1365154697
1989084395	1365154779
2290095394	1365154907
2806304662	1365154914
3226247951	1365155086
2281315165	1365155261
1722626027	1365155474
2837285075	1365155762
1864030215	1365155831
2200979760	1365155844
1041548187	1365155906
1864030215	1365155943
3127646123	1365155975
1450873442	1365156214
1861069204	1365156897
2179415047	1365157092
1927146531	1365157474
1792986482	1365157580
2626703213	1365157864
2014792742	1365158105
2887440140	1365158254
1916288823	1365158453
1017357141	1365158526
1068918854	1365158557
2566058321	1365158567
1980112331	1365158818
2692821743	1365159001
2391368022	1365159166
1928001871	1365159365
2653612523	1365159388
2171790900	1365159536
1076631265	1365159797
2503737015	1365160292
2452388730	1365160330
3022656213	1365160444
2165744593	1365160906
1591199410	1365161015
2138441235	1365161104
1738768750	1365161180
2379115242	1365161213
1907087985	1365161565
1439324981	1365161674
2402806340	1365162181
3190802345	1365162257
2306240035	1365162366
1955640492	1365162585
2454520103	1365162673
1422975514	1365162795
1910713360	1365162817
2299830050	1365162909
1712167430	1365162926
2748610125	1365163092
2420536317	1365163222
2400916851	1365163637
1784820657	1365163855
2691719805	1365164028
1874952207	1365164623
2909342677	1365165377
3173604754	1365166122
3224995310	1365166519
2698310445	1365167370
2565704643	1365167713
2160948911	1365167748
2241817511	1365167799
1867065452	1365167800
1593545404	1365167914
2563825924	1365168019
2818782962	1365168114
1413904413	1365168118
2776612163	1365168385
2719732931	1365168460
2180928517	1365168886
2983356563	1365169538
1738172817	1365169708
1707066110	1365170014
1865011161	1365170942
1758729481	1365171387
2072261710	1365171496
2111773510	1365171500
2090722443	1365171944
2629370963	1365172023
2299306987	1365172126
1796487672	1365172463
1850748637	1365172773
1829679267	1365172803
2232132594	1365173323
1989952543	1365173596
1863239430	1365174337
2255320503	1365174440
1772683523	1365174769
2155287920	1365174785
1735116982	1365174896
1850475415	1365174896
3142613997	1365174898
1941246285	1365174929
2402081314	1365174941
1622571062	1365174959
2197497762	1365175018
2584949611	1365175042
1782881957	1365175072
2708080401	1365175077
2669273221	1365175085
2562572617	1365175086
2729374713	1365175109
1662451811	1365175182
2929733921	1365175337
1792239991	1365175547
2270781252	1365175811
1834509741	1365176054
1655466551	1365176256
1590166593	1365176308
1870684535	1365176545
1940865537	1365177354
1959625391	1365177397
3167873317	1365178130
1862450522	1365178257
1862450522	1365178437
2141808541	1365178611
2708678960	1365179084
2867946352	1365179138
2707256523	1365179223
2029439587	1365179443
3207025112	1365179798
1738184692	1365180117
2717654587	1365180285
3053969227	1365180413
2382159600	1365182047
2565704643	1365182756
1743048881	1365184377
2056510012	1365184691
2158014267	1365187165
2591635213	1365187338
1805533512	1365199844
2382386370	1365202502
2793697571	1365205105
1396721850	1365206453
1867299072	1365208728
3195776027	1365209787
2020022823	1365212133
2128201714	1365212403
1317302842	1365212755
2696237311	1365212859
1958111431	1365213114
1879287024	1365213485
2291353952	1365213521
1677284497	1365216499
2645010514	1365216518
3247782845	1365218056
1899896231	1365218652
1819586051	1365218795
1646098131	1365219081
2434125735	1365219087
1946679752	1365219626
1282043374	1365220855
1804577805	1365223016
2609895694	1365223376
2155287920	1365226743
1282043374	1365226804
1681887992	1365227274
2152139660	1365227532
1618700327	1365227650
2574518174	1365227699
2901172087	1365227721
2415176747	1365227738
1865944864	1365227980
2322901184	1365229140
3158707910	1365231073
3158707910	1365231124
1783975020	1365232378
2011738762	1365232718
1925677235	1365235558
3166289415	1365245364
2618681443	1365249612
2626703213	1365251465
2299830050	1365254824
2306240035	1365255005
2285344771	1365255350
2397110904	1365256633
2577420517	1365257010
2454745510	1365259329
1798184873	1365259454
2489458070	1365261193
2002947921	1365262855
2810912202	1365267993
2790027052	1365267993
2811293982	1365270361
2919976540	1365270362
1583135217	1365294134
1583525684	1365294135
2299808240	1365301384
1994817750	1365331150
3075967367	1365339958
2734366513	1365342271
1082536671	1365349796
2805062530	1365353222
3202556623	1365355963
3043536614	1365360121
2919439302	1365365332
2789864410	1365365332
2919425570	1365379675
2790067674	1365452497
2919271000	1365516406
1574525900	1365516408
3043759392	1367449910
2823246033	1385818864
3153412917	1388094077
