1742566624	1353156665
1610164857	1353156675
2006667313	1353156690
1597238273	1353156700
1692987185	1353156704
2980151895	1353156722
2518411573	1353156728
2309248043	1353156737
1177934793	1353156738
2373772514	1353156742
2056308500	1353156743
1741707180	1353156745
1698114592	1353156748
2595068592	1353156750
2925173893	1353156751
2861351484	1353156762
1743632414	1353156764
2849517481	1353156766
3087658001	1353156768
78942123	1353156774
2278148575	1353156777
1706391517	1353156779
3018225883	1353156780
1403656562	1353156781
1345932553	1353156782
2903806525	1353156785
1200925931	1353156789
1594095844	1353156789
1481638480	1353156793
2042654752	1353156801
1043464857	1353156802
1189303595	1353156807
2671812841	1353156809
2606653741	1353156810
2801591605	1353156814
1831860704	1353156815
2864050340	1353156818
1548129035	1353156818
1840778097	1353156827
2421148567	1353156827
2624593817	1353156831
2642597475	1353156833
2424167475	1353156845
1262578612	1353156855
1686051732	1353156855
2915929885	1353156857
2930354171	1353156862
1444519182	1353156862
1957189043	1353156870
2321613713	1353156872
2251671443	1353156876
1985803027	1353156885
3001989884	1353156892
1731432750	1353156901
2486711577	1353156901
2938595245	1353156902
2970797331	1353156904
2779326747	1353156907
1847563701	1353156907
2967152380	1353156912
1941937294	1353156913
2616209897	1353156917
1101476347	1353156924
1838431941	1353156925
1906971141	1353156933
3104028121	1353156935
2470538693	1353156940
2042695624	1353156940
2085369405	1353156947
3086430655	1353156952
1018482182	1353156952
2808975207	1353156953
2300619237	1353156955
1805482222	1353156971
1239129677	1353156977
2779026315	1353156979
2858784510	1353156982
1737387484	1353156986
2518135332	1353156988
2056983404	1353156989
2968644670	1353156994
1752830092	1353157002
2644973561	1353157005
1965926632	1353157009
2660017097	1353157016
1095672717	1353157019
2608897435	1353157020
1740386697	1353157024
2954539352	1353157028
2780408622	1353157030
1948174477	1353157031
1813840162	1353157034
2309675704	1353157038
1737949654	1353157046
1724741054	1353157050
2847586602	1353157053
1628525735	1353157062
2287901373	1353157077
1914214050	1353157089
1916597091	1353157092
2977439847	1353157094
2955340292	1353157096
2429592501	1353157104
2339620495	1353157115
1871074605	1353157122
2602072097	1353157139
2858925110	1353157146
2400321381	1353157147
2963203067	1353157154
2650269522	1353157155
1978831907	1353157160
2446694885	1353157167
1111256357	1353157167
2814972673	1353157168
1157686401	1353157178
1507135182	1353157185
3110386425	1353157189
2933571311	1353157197
3099659075	1353157209
2385521041	1353157212
2598193791	1353157217
2182349582	1353157224
2356921415	1353157245
3045699165	1353157271
1892994342	1353157278
2514077154	1353157287
2120109481	1353157292
2433408987	1353157297
2175209882	1353157301
2733103232	1353157306
2951852062	1353157317
2001193023	1353157324
2944380217	1353157342
2488520840	1353157346
2290870254	1353157350
2500158820	1353157353
2163868380	1353157366
2188369965	1353157370
2867711540	1353157373
2071781120	1353157376
2411429810	1353157382
1780615775	1353157385
3008547057	1353157389
1052070602	1353157391
2369366895	1353157395
2116340254	1353157396
2990223581	1353157408
1866807951	1353157409
2628372330	1353157416
3053326675	1353157419
2092556994	1353157422
2628769341	1353157427
2943041547	1353157428
2110501321	1353157432
2162704663	1353157436
2379085774	1353157441
1648049431	1353157458
1249058750	1353157462
2004471675	1353157465
1182389073	1353157468
1293148593	1353157475
2935391677	1353157483
2526175315	1353157486
1845574082	1353157487
2944278523	1353157489
2047300771	1353157498
1216564925	1353157504
2532375027	1353157505
1639964157	1353157509
2833027910	1353157510
1914680857	1353157510
3107605763	1353157513
1494832542	1353157514
1439484354	1353157515
15231258	1353157515
2665686631	1353157515
1677494241	1353157517
2341381921	1353157517
3042866873	1353157518
1811523877	1353157523
2413931514	1353157524
2813242007	1353157525
2756070715	1353157526
2978426985	1353157527
1601514872	1353157527
2142564741	1353157528
2396063687	1353157528
2302513887	1353157530
3115840573	1353157531
1742565941	1353157531
1278171544	1353157533
2774594064	1353157536
2239751381	1353157538
2171315937	1353157539
2607812905	1353157540
1846951800	1353157540
2697881067	1353157541
1809095332	1353157543
2079647951	1353157543
2533494137	1353157544
2657709633	1353157545
1822539962	1353157546
3103573011	1353157546
2812937034	1353157547
2989358871	1353157548
2635591202	1353157549
1916900747	1353157550
1786260313	1353157552
1865756480	1353157552
1789175667	1353157553
1195475544	1353157553
1957561291	1353157554
2750308321	1353157554
1162454194	1353157554
2682407973	1353157555
2692004843	1353157555
1594720241	1353157557
1654162097	1353157557
2540010401	1353157558
2154844392	1353157559
2654607927	1353157560
2253815110	1353157560
1313827591	1353157560
2384630271	1353157561
1015353234	1353157562
1282634245	1353157567
2503982484	1353157573
2850900355	1353157574
1738085235	1353157575
2985962923	1353157576
2324110520	1353157578
1979135313	1353157579
2650411865	1353157579
2554541995	1353157580
2142108207	1353157580
2740160615	1353157582
1087456227	1353157582
2531306240	1353157584
2061031233	1353157587
2332467113	1353157587
2650411865	1353157588
2633658223	1353157590
1736703794	1353157590
2456672382	1353157591
2149819301	1353157591
2728110531	1353157594
2091195530	1353157595
1409767927	1353157597
2787614070	1353157600
2102541853	1353157602
3018960435	1353157603
2809152681	1353157604
2092954003	1353157606
2230784611	1353157606
1339453652	1353157607
2396945964	1353157611
1081435720	1353157611
3072691875	1353157612
3027985681	1353157614
1971028402	1353157614
1852599355	1353157615
1833108777	1353157616
2100568597	1353157618
2911744105	1353157619
1798761855	1353157620
2098043274	1353157620
2790508063	1353157621
1947942454	1353157623
3001368011	1353157627
1625706045	1353157631
1602130242	1353157632
1711617724	1353157633
1915530633	1353157634
1783643412	1353157634
2402764073	1353157635
2236632323	1353157635
1895611095	1353157638
2387806782	1353157639
2769050037	1353157640
1103625752	1353157640
3020729443	1353157641
1303378730	1353157642
3043454657	1353157642
2959311431	1353157643
1897748377	1353157644
1715744121	1353157644
2234797684	1353157645
1132342131	1353157646
2827481272	1353157647
2311653197	1353157647
2169751661	1353157648
2792878165	1353157650
2858682780	1353157650
1028199225	1353157651
2162879677	1353157651
1739672350	1353157652
3036368447	1353157655
2795830120	1353157658
2684165093	1353157658
2691342065	1353157659
3095821387	1353157659
1748058350	1353157660
2643232253	1353157660
2346803054	1353157661
1663997693	1353157664
1406538245	1353157667
2984978905	1353157668
2170890177	1353157670
2959588053	1353157672
1854512955	1353157674
2111509173	1353157674
1526847021	1353157675
1284320550	1353157679
2805530455	1353157679
3109585093	1353157680
2019688062	1353157680
2064436865	1353157684
1050980254	1353157684
1817314880	1353157685
1910658060	1353157686
2292703705	1353157686
3027125813	1353157686
2790480471	1353157687
1914437105	1353157688
2292529215	1353157690
2958728441	1353157691
1132820542	1353157692
2671143517	1353157693
1797021202	1353157694
2035003381	1353157694
1596238672	1353157696
1039096952	1353157697
2658413651	1353157701
1880870490	1353157702
1732464911	1353157703
3058107615	1353157705
1716435897	1353157707
1191552324	1353157708
2002817227	1353157709
2963135607	1353157713
1061829663	1353157715
1724851403	1353157716
2905750713	1353157717
2739814383	1353157718
3081226373	1353157718
1885990630	1353157719
2926093952	1353157719
1781441120	1353157720
2612980447	1353157721
2621239827	1353157725
2257813445	1353157726
2533982477	1353157727
3012474695	1353157729
1529746225	1353157729
1559892355	1353157729
2998919693	1353157730
2260247502	1353157736
1442874367	1353157736
1750209710	1353157737
1856071247	1353157741
1083036875	1353157741
3009007833	1353157742
2665661263	1353157742
1674549261	1353157742
2684268447	1353157745
1730241987	1353157748
2793169823	1353157750
2083767275	1353157751
2010651317	1353157752
2050465097	1353157752
2644613093	1353157753
2844813403	1353157757
2045453475	1353157758
2759359663	1353157763
1225632092	1353157763
2291548434	1353157764
1456796045	1353157766
2148671774	1353157767
2691369350	1353157769
2214593853	1353157770
1814672155	1353157773
1191552324	1353157776
2132790741	1353157776
1935764611	1353157783
2969008045	1353157783
2172505547	1353157785
2711511335	1353157786
2167104282	1353157786
2875001237	1353157787
1040286905	1353157787
1998264613	1353157788
2992422440	1353157788
1862789547	1353157789
1221903187	1353157792
1927420497	1353157794
2386900683	1353157794
1747307524	1353157796
1780026147	1353157797
2010934061	1353157797
2051534397	1353157802
2853805484	1353157805
3019339275	1353157805
2637719397	1353157805
1731426680	1353157805
2882259084	1353157807
2865217977	1353157807
1871734630	1353157809
2170055022	1353157810
2947649945	1353157810
2618788725	1353157812
1925533943	1353157813
2658980017	1353157814
2079081741	1353157816
1257527830	1353157818
2855810221	1353157819
1105119587	1353157819
1737890505	1353157821
2011610654	1353157822
1678187455	1353157822
2826914577	1353157826
3104606087	1353157828
2265369882	1353157829
2433929787	1353157831
1709638207	1353157833
2957167721	1353157833
2886346500	1353157833
1617586613	1353157837
2148694032	1353157838
2880923093	1353157839
1869622994	1353157841
1742942102	1353157846
1848368991	1353157847
1802452944	1353157847
2746549401	1353157847
1898443601	1353157847
2466904747	1353157849
2231868170	1353157850
1868806980	1353157852
2491631792	1353157853
2593210020	1353157853
2167584844	1353157854
2116356252	1353157854
1911205131	1353157856
1765578804	1353157857
2760439807	1353157857
2503241554	1353157858
2746549401	1353157860
2042996270	1353157860
1629294663	1353157864
1726196637	1353157865
1305949645	1353157866
1820723721	1353157867
2993250561	1353157871
1459025582	1353157873
2947789445	1353157874
1447495450	1353157874
1041079034	1353157877
2589340191	1353157877
1864504340	1353157880
1787800372	1353157880
2711872764	1353157880
1651641793	1353157882
2357477521	1353157882
2675017401	1353157882
3093957603	1353157889
2032645917	1353157890
2488664170	1353157890
2034208255	1353157891
2461331883	1353157891
3101245301	1353157894
1797529477	1353157894
2434829735	1353157894
1657040974	1353157894
2575639551	1353157895
1963418887	1353157896
1400663935	1353157897
2700652742	1353157897
1321409137	1353157900
2083422107	1353157900
2133112214	1353157901
1527286605	1353157901
2379789827	1353157902
2788061913	1353157903
1917963684	1353157904
1671995672	1353157905
2192740665	1353157907
1926940597	1353157908
1235048401	1353157908
1167169441	1353157911
2362021017	1353157911
2198428742	1353157912
1884482453	1353157914
2303442973	1353157917
2408841953	1353157918
2497904404	1353157919
1725870942	1353157923
1859492692	1353157924
2711837497	1353157926
3087791403	1353157927
1565488910	1353157928
1863592170	1353157934
1848826017	1353157939
2442268255	1353157941
1215108493	1353157944
1973040567	1353157945
1430508290	1353157949
2641947797	1353157954
2949898791	1353157958
2663699403	1353157959
1747976397	1353157959
2193493284	1353157965
1683636225	1353157965
2510818491	1353157968
1282716782	1353157968
1835684305	1353157970
2482369492	1353157973
1866676682	1353157974
2704362681	1353157980
3018076163	1353157983
1566716743	1353157985
1998351115	1353157987
1907177923	1353157988
3106987647	1353157991
1964431487	1353157993
1751735025	1353157993
1246524672	1353157993
2568823022	1353157995
2828995267	1353157998
2253644594	1353157999
2797466084	1353158001
1919755884	1353158001
2598767144	1353158004
3078363401	1353158007
1167550815	1353158008
1894154643	1353158009
1066675027	1353158010
2440133994	1353158011
2196836733	1353158012
1620508490	1353158014
1085401514	1353158014
2597950692	1353158023
1749070064	1353158024
2775066363	1353158024
2619950753	1353158026
1704005313	1353158030
2680804841	1353158034
2275209431	1353158035
1135907702	1353158043
2951924527	1353158045
1854680033	1353158045
2769284681	1353158047
1402094133	1353158048
2051939572	1353158050
1096390195	1353158051
1579743510	1353158052
2648985331	1353158052
2304834777	1353158053
1079898421	1353158053
2729140051	1353158056
1642876710	1353158058
2735408993	1353158063
2610794685	1353158064
2956976347	1353158064
1256075941	1353158065
1023361760	1353158073
1434260253	1353158073
1983701785	1353158074
2950207390	1353158075
2274374025	1353158076
1820267850	1353158078
2725118253	1353158082
1119247023	1353158083
2086672273	1353158087
2891579253	1353158088
1172258827	1353158090
3109533593	1353158090
1737706830	1353158091
1276538112	1353158096
3096427655	1353158097
2648782701	1353158098
2798953914	1353158099
1496558485	1353158103
2965328573	1353158105
2186936057	1353158119
2903431393	1353158119
1213353200	1353158121
2538416601	1353158122
2126131771	1353158123
1685494715	1353158128
1874598340	1353158131
1510300662	1353158131
2857483103	1353158133
1403237375	1353158137
2710430941	1353158138
2877623812	1353158138
1811987242	1353158139
3126617017	1353158140
2386595674	1353158141
2432246240	1353158142
1812835300	1353158144
3096434163	1353158147
1789626782	1353158148
1636558593	1353158149
2761056755	1353158149
2462649847	1353158150
2721362837	1353158150
2080506017	1353158154
2557051507	1353158157
1638792514	1353158159
2703891353	1353158160
2984613947	1353158161
1400330054	1353158162
2723956594	1353158164
3032297861	1353158165
2602326631	1353158165
2609368203	1353158173
2430184397	1353158174
1277004104	1353158174
2390850750	1353158177
2238266247	1353158178
2859875914	1353158180
1146496897	1353158181
1009373067	1353158182
2675737562	1353158187
2968256841	1353158189
2410804477	1353158189
3055980550	1353158191
2140209613	1353158196
2886279505	1353158198
2922951374	1353158198
1687694671	1353158199
1937031873	1353158200
2261182292	1353158201
2450048657	1353158202
1991963037	1353158205
1220769243	1353158207
2939386581	1353158213
2382648751	1353158213
2545873683	1353158217
1854531473	1353158219
2078440917	1353158219
1701831322	1353158220
1707748722	1353158223
2612469955	1353158224
2905650537	1353158227
2639134463	1353158230
1835068294	1353158239
1726128732	1353158244
2915135712	1353158253
1644493981	1353158256
2646294471	1353158257
1055668704	1353158263
1935802610	1353158264
2687936371	1353158264
1603910493	1353158265
2208403895	1353158271
2790974400	1353158276
2926273087	1353158277
1409140660	1353158285
2725823381	1353158288
2955479873	1353158289
1617609391	1353158295
1880639964	1353158301
1777679061	1353158304
2171295031	1353158304
1286384435	1353158313
2292053170	1353158313
2281818821	1353158318
1627168497	1353158319
1751455707	1353158320
1077829867	1353158323
1736824401	1353158325
2715396051	1353158326
2944235433	1353158326
2122750113	1353158329
2118536167	1353158331
1989085674	1353158332
1353603305	1353158336
1363285231	1353158339
1895502635	1353158339
2011581502	1353158343
2719358421	1353158348
2424025887	1353158348
1991858555	1353158354
1926886355	1353158358
1932152861	1353158358
2063213721	1353158361
1455101102	1353158369
2554860231	1353158369
2058425314	1353158371
2690324837	1353158376
3071784381	1353158377
1839533977	1353158379
1230917820	1353158380
2657617963	1353158383
3063164201	1353158389
3058820177	1353158395
2609801543	1353158403
2980369567	1353158405
1161242247	1353158405
2419725283	1353158405
2786138013	1353158407
1918428387	1353158409
2818299464	1353158414
2410763353	1353158422
2825904991	1353158424
2950865761	1353158424
2906675297	1353158426
2285657851	1353158427
2982371340	1353158428
2939737337	1353158429
3118011365	1353158429
2794767665	1353158432
2766279417	1353158435
1099713185	1353158436
2074518405	1353158437
1693003704	1353158438
2273028333	1353158439
2277157925	1353158442
2207720841	1353158442
2974337732	1353158442
2199087191	1353158448
1406901375	1353158450
2922128840	1353158451
1873454761	1353158453
2187642065	1353158454
1867910411	1353158458
2253885205	1353158464
2313511937	1353158468
1734141027	1353158485
2559641933	1353158485
2687478953	1353158487
2675414285	1353158488
2102939080	1353158489
1233430490	1353158490
3070935205	1353158491
1826416862	1353158492
1786850573	1353158495
2415828831	1353158497
2549077242	1353158502
2606101734	1353158509
1683151411	1353158509
2085881541	1353158509
3033531751	1353158514
3028752241	1353158515
1805524507	1353158515
3076681223	1353158519
1987781001	1353158525
2057467671	1353158528
3031665200	1353158529
1746510374	1353158529
1876020443	1353158531
1791731764	1353158533
1946182332	1353158535
2976406927	1353158537
1009238052	1353158539
1863118630	1353158544
2493770753	1353158552
2569426131	1353158553
2492339431	1353158555
1671632032	1353158555
1143231800	1353158560
1249569523	1353158566
2996456023	1353158573
1737938014	1353158574
2473686440	1353158575
1023800731	1353158576
3063785395	1353158580
2866071544	1353158587
3035201927	1353158595
1909362141	1353158598
3100730611	1353158603
2894227153	1353158607
1906309223	1353158607
3041353703	1353158613
1976857501	1353158614
2739544767	1353158617
2939021101	1353158618
1713827380	1353158620
2635429624	1353158626
1043734852	1353158627
2137836964	1353158628
1903693737	1353158631
1933795665	1353158636
2489199303	1353158639
1115584272	1353158654
1925263131	1353158655
2987108767	1353158656
2276927717	1353158659
1746116023	1353158660
2958676597	1353158670
1442535184	1353158687
2776470483	1353158688
1942811397	1353158694
1580260640	1353158696
2364963890	1353158698
2969019531	1353158701
2504675715	1353158702
2803803620	1353158707
2671160231	1353158711
2157729913	1353158714
2339086407	1353158715
2134627563	1353158715
2134847647	1353158715
1336393252	1353158716
2639121597	1353158718
2658462845	1353158723
2868217470	1353158728
2108876240	1353158731
1986988855	1353158732
2978291730	1353158733
2652325745	1353158737
1986014223	1353158750
1798282357	1353158752
1867803467	1353158754
2178433264	1353158757
2418800501	1353158759
1719434684	1353158759
1109520697	1353158762
2030860887	1353158765
2472534192	1353158767
2386627134	1353158768
1570311181	1353158769
2634104483	1353158774
2048286147	1353158777
2124101251	1353158778
1876669913	1353158780
1656219090	1353158781
2650126003	1353158788
2074475620	1353158788
2615534161	1353158791
2158341330	1353158798
2990871291	1353158800
3060752645	1353158802
2694035521	1353158803
2769733787	1353158804
2880910330	1353158806
1691145954	1353158809
2705591793	1353158814
2534185921	1353158818
1236785834	1353158819
3107543643	1353158822
2924748390	1353158828
2236242502	1353158829
2912667972	1353158829
1999918867	1353158832
1917737311	1353158839
1958060725	1353158839
1498529714	1353159636
3104178003	1353159639
2810802524	1353159648
2399814473	1353159648
1903326520	1353159649
2787761061	1353159651
2283295123	1353159661
2255149237	1353159661
1925453877	1353159665
2173764400	1353159669
1700965867	1353159671
1936503390	1353159672
2029917215	1353159675
1663515970	1353159682
2975135110	1353159683
2190930111	1353159683
2397990177	1353159688
1228158954	1353159689
1994883993	1353159698
2494154233	1353159704
1402683750	1353159706
3123147343	1353159709
1575062663	1353159722
2327935335	1353159725
2969600261	1353159728
2142625771	1353159729
1033073854	1353159731
2106113821	1353159732
1433230310	1353159737
1824059614	1353159737
2418521751	1353159744
1110598132	1353159747
2812135791	1353159754
1406873880	1353159761
2193933440	1353159763
3081142071	1353159763
2566985581	1353159771
2945251083	1353159777
10453	1353159780
1908697634	1353159782
2128720701	1353159784
1118859820	1353159784
2151435124	1353159786
3122531531	1353159790
2739035593	1353159790
2829304711	1353159793
2287142022	1353159809
1922315893	1353159813
2649737277	1353159817
1807243605	1353159820
2884286953	1353159822
2641794590	1353159836
2281090524	1353159851
2731437791	1353159854
2751574363	1353159854
2481332615	1353159856
1053819403	1353159859
2084298221	1353159861
2817014010	1353159863
1583012613	1353159867
2773460541	1353159868
2483380097	1353159868
2196536081	1353159875
1959966791	1353159875
1648523140	1353159898
2407430821	1353159903
2727298504	1353159908
1993625793	1353159912
2442710507	1353159916
1915170657	1353159926
3050865957	1353159932
3063088477	1353159948
3074462997	1353159952
2315612264	1353159958
1865093827	1353159970
3039530263	1353159972
3005301320	1353159977
2900917207	1353159984
3107568321	1353159986
2015107817	1353159990
1569989995	1353159991
2802377122	1353159998
2292627702	1353160004
2722616523	1353160010
1570412922	1353160014
2646168640	1353160016
1847876902	1353160019
1526213415	1353160027
3107088557	1353160034
2935427713	1353160042
2406077941	1353160042
1733504247	1353160053
2421701935	1353160053
1806570143	1353160053
2679161672	1353160064
2441633915	1353160073
2741424861	1353160080
2615659667	1353160087
2981588197	1353160087
1668229315	1353160092
2290420184	1353160101
3073530183	1353160117
1240370877	1353160121
2609589302	1353160123
2764576291	1353160134
2804891223	1353160136
2407455410	1353160136
2368477030	1353160145
3115218193	1353160145
2304028861	1353160153
1252304372	1353160154
2259312233	1353160157
2002606457	1353160174
2804698441	1353160177
1959773051	1353160188
2655727424	1353160196
2275798435	1353160218
2883684337	1353160220
1573295462	1353160223
3115218193	1353160224
3063589463	1353160227
2936946333	1353160229
1783218221	1353160230
2788435923	1353160232
3106871665	1353160233
3022422975	1353160236
1839272134	1353160239
2794957463	1353160239
1752031473	1353160244
1746811460	1353160251
2938938792	1353160256
2244546980	1353160267
2553768923	1353160286
1391534591	1353160292
2989031794	1353160294
1706456032	1353160304
2886981827	1353160305
1444225790	1353160308
1840708743	1353160310
1727531941	1353160314
2514562653	1353160321
2706771173	1353160325
1980508345	1353160326
1638734962	1353160330
1354490142	1353160336
2331556605	1353160340
2082627537	1353160346
1739523785	1353160350
3047628853	1353160350
1834578175	1353160355
1897444161	1353160355
2698645085	1353160359
3027125813	1353160371
1760275673	1353160374
1403858341	1353160374
1132499563	1353160381
2745526477	1353160392
1587477387	1353160394
2306280177	1353160400
1909081905	1353160406
2619528120	1353160411
1251874674	1353160412
2596909873	1353160419
2674734423	1353160420
1968700987	1353160421
2787730520	1353160431
2836961244	1353160432
1732604970	1353160461
2739831994	1353160463
1737463454	1353160467
2785284583	1353160467
2866866944	1353160471
2780337297	1353160474
1457842304	1353160488
2148839544	1353160509
2334386970	1353160509
1258789560	1353160510
2493537560	1353160512
3030289791	1353160515
2962326877	1353160550
2828366705	1353160554
2618402985	1353160555
2712558041	1353160557
1756559493	1353160562
3033455177	1353160564
2278430720	1353160568
2652554001	1353160573
1794712295	1353160583
2830136300	1353160588
2256571827	1353160594
2697435473	1353160607
3097004463	1353161796
1816528557	1353161798
3025035803	1353161804
2184364963	1353161807
1915395967	1353161809
2828499214	1353161816
1699920261	1353161850
2286156171	1353161858
2919276012	1353161865
2919464202	1353161865
2042099011	1353161878
2545332521	1353161884
2190026373	1353161893
2908633404	1353161903
1712378861	1353161907
2169679525	1353161911
1080694392	1353161919
1110363883	1353161921
2896974215	1353161932
1880793920	1353161944
1649246291	1353161945
1767274735	1353161970
2953343053	1353162001
2057472507	1353162004
3107026451	1353162008
2745566411	1353162014
2951815547	1353162016
2838532750	1353162028
3070257263	1353162029
2034814117	1353162034
1739772251	1353162037
1570276453	1353162043
2015103827	1353162054
1227868122	1353162061
2751096277	1353162067
3001003633	1353162069
1788491725	1353162082
1650469183	1353162088
2552861230	1353162099
3014731385	1353162108
2142564401	1353162125
1016564930	1353162129
2886203911	1353162130
2814307675	1353162131
2885250867	1353162142
2276746432	1353162151
1820289693	1353162162
2942355495	1353162164
1325226160	1353162182
1813105221	1353162187
2389564844	1353162205
1751480605	1353162205
2132903141	1353162206
1446058155	1353162208
2268210672	1353162210
2506820375	1353162212
2637340613	1353162220
3119833475	1353162222
2694347155	1353162224
1937440045	1353162230
2302573972	1353162232
1400534720	1353162237
2882015502	1353162256
2437981692	1353162260
2813965423	1353162261
2552702742	1353162264
2883730714	1353162269
1360419162	1353162294
1963518551	1353162308
1820397092	1353162313
2640718503	1353162323
1907294084	1353162323
2663289191	1353162324
2362833894	1353162328
2514023455	1353162332
2483255243	1353162340
1107462665	1353162354
2195871544	1353162359
2955368747	1353162363
2338560751	1353162372
2890116283	1353162384
2718652531	1353162394
3079756863	1353162416
3045481021	1353162446
1990762027	1353162453
2816095082	1353162462
1156721245	1353162463
2655695841	1353162475
1836995713	1353162483
3106885321	1353162484
1402669423	1353162487
1747612474	1353162506
2693236360	1353162510
2184940875	1353162511
2800159367	1353162517
3017548745	1353162522
1163377753	1353162537
2790500491	1353162539
1889841667	1353162542
1900113063	1353162549
1866870083	1353162553
1589712095	1353162555
1099948414	1353162573
1801925580	1353162577
2743024604	1353162580
1786794895	1353162586
2922332233	1353162588
1203207504	1353162592
1684778784	1353162595
3050933497	1353162595
2798867027	1353162608
1768907693	1353162613
1428577370	1353162613
1927314241	1353162616
2373013007	1353162621
2940540233	1353162621
1934139033	1353162623
1590800773	1353162629
1301031990	1353162661
2467600684	1353162680
1951525961	1353162692
1717092604	1353162697
1471530700	1353162710
3030322683	1353162713
1965761102	1353162725
3104801695	1353162734
1833922542	1353162770
2297842703	1353162775
2408390773	1353162780
2293374081	1353162781
2077048441	1353162789
1884772500	1353162803
1896381047	1353162826
1944003192	1353162838
2255933100	1353162842
1856761580	1353162849
1412595074	1353162853
2941008523	1353162884
1707214933	1353162884
1842262630	1353162887
2584141824	1353162895
1893293460	1353162901
2908844935	1353162910
2538650552	1353162911
1095855110	1353162917
2658556181	1353162933
1969002877	1353162954
1063836042	1353162955
2178199543	1353162959
2411807543	1353162966
2807849295	1353162978
2397836583	1353163041
1948437351	1353163046
2286028611	1353163053
2325218534	1353163053
2926870901	1353163059
2725427053	1353163067
3100131073	1353163080
2954368583	1353163084
2401452303	1353163092
2815704022	1353163094
1437607915	1353163099
2717255963	1353163104
2814915500	1353163104
2944280835	1353163111
2670316600	1353163121
1921376831	1353163146
2919875932	1353163150
2907327357	1353163181
2305597367	1353163184
2467488014	1353163188
2991339971	1353163206
2011620031	1353163217
1866708633	1353163225
1064809241	1353163240
2781772972	1353163242
1672706235	1353163265
2960694111	1353163291
2894470635	1353163299
2804272195	1353163310
2787588280	1353163310
1355457964	1353163311
2952698695	1353163318
2986479007	1353163326
1786001580	1353163326
1727983554	1353163343
1585944767	1353163353
2847191592	1353163376
1296640014	1353163418
2958951392	1353163419
1445181511	1353163435
1664697315	1353163443
2960161821	1353163449
2811233563	1353163449
2769970855	1353163456
2412012191	1353163487
1828948775	1353163490
2501624555	1353163507
1868560982	1353163542
2695801175	1353163543
2745516174	1353163559
3007239813	1353163562
1005926597	1353163562
1622882367	1353163562
2810017622	1353163570
1921376831	1353163571
2489896607	1353163588
2836839710	1353163592
1080716307	1353163598
2970510441	1353163640
2645142063	1353163642
1962768931	1353163646
2641243451	1353163649
2282439100	1353163651
1978051633	1353163681
2474319073	1353163685
2956289163	1353163689
2266889053	1353163692
2000401351	1353163693
3023006817	1353163718
1786003195	1353163722
1222536454	1353163742
2819974265	1353163752
1071825081	1353163753
2607452081	1353163776
1804543663	1353163794
2157207180	1353163825
2715951467	1353163828
2963323723	1353163840
2266526200	1353163842
3059816063	1353163847
2139482385	1353163875
2109558220	1353163891
3020259145	1353163916
2617096687	1353163917
2536868193	1353163918
2946966747	1353163924
2793946744	1353163926
1981400031	1353163930
2950592817	1353163940
2813977244	1353163940
1289168690	1353163950
2931035250	1353163957
2724912895	1353163988
1153018564	1353163988
3087608653	1353163997
2883382402	1353164029
2421071787	1353164056
2803505684	1353164057
2683691667	1353164060
1363214791	1353164062
2682816243	1353164065
1799506123	1353164070
2000417533	1353164076
2847632381	1353164096
3059958733	1353164110
3097195071	1353164114
1872398837	1353164115
2628320122	1353164118
1267211263	1353164129
1882897604	1353164157
1847704524	1353164173
2906026380	1353164178
2694427763	1353164194
2972174157	1353164231
2362891631	1353164247
3042873181	1353164265
2960669161	1353164269
1236033315	1353164273
2941257175	1353164319
2951061671	1353164328
3115203895	1353164368
2698033812	1353164370
3119325727	1353164373
1848856753	1353164374
2470343047	1353164377
2942031195	1353164392
1236240794	1353164400
2906730995	1353164411
1744222794	1353164411
2004226755	1353164420
2875182321	1353164420
3091556723	1353164433
1236240794	1353164437
1236240794	1353164444
2652959564	1353164453
2183478344	1353164466
2274877567	1353164483
2911439891	1353164500
1773207100	1353164512
2868208854	1353164542
2499209890	1353164555
1883696973	1353164573
1879007985	1353164595
2051162341	1353164607
2914117785	1353164609
2607650757	1353164615
2425340565	1353164618
1670512847	1353164625
1606039192	1353164642
1485477565	1353164647
2977597207	1353164651
2652642863	1353164658
1832488341	1353164674
1456394921	1353164683
2964721650	1353164688
1049285550	1353164695
3100431721	1353164709
2618043765	1353164732
1376838571	1353164738
3047456441	1353164742
2036035505	1353164750
2809178877	1353164752
2097556264	1353164760
2139319123	1353164777
2729011847	1353164821
1983175281	1353164844
2095400833	1353164859
2948714057	1353164881
1885539810	1353164919
1896670735	1353164923
2367235922	1353164954
2672565057	1353164988
1565362371	1353164997
2670427232	1353165026
2081160013	1353165052
1397439250	1353165065
2669835731	1353165091
2699070560	1353165125
2811214143	1353165143
2371594655	1353165169
2144351357	1353165191
2280425177	1353165198
1928536054	1353165215
1903099580	1353165217
2266412907	1353165224
1700307660	1353165224
2709069253	1353165226
2252647047	1353165284
1886560234	1353165328
3087640211	1353165329
1245875421	1353165330
1376747172	1353165360
2558690201	1353165381
2914972355	1353165403
2237542354	1353165409
2709082070	1353165412
2689749227	1353165412
2249291632	1353165413
2278320142	1353165438
1920392791	1353165456
1307231120	1353165467
2596210192	1353165467
1307881522	1353165475
2899587203	1353165487
2199035211	1353165488
2090983761	1353165495
2502941792	1353165510
3063732405	1353165513
2590139750	1353165514
2942085273	1353165524
2801570792	1353165569
1857366912	1353165587
2519209043	1353165606
1565326454	1353165612
1197427704	1353165623
3121049901	1353165624
2004988627	1353165634
3059792057	1353165643
1663915263	1353165654
1461859502	1353165655
2559171020	1353165662
2120930831	1353165709
2913911981	1353165751
2212502133	1353165751
2084537390	1353165796
1937098420	1353165804
2838368822	1353165807
3034060625	1353165827
2475724377	1353165923
1496908492	1353165938
2299753793	1353165951
3082342901	1353165995
2950973673	1353166000
2518464955	1353166002
2327174051	1353166026
2941071647	1353166027
2104893027	1353166120
1246058375	1353166156
2740248703	1353166198
1596425292	1353166243
2891449832	1353166261
2986378302	1353166265
1718568311	1353166266
2607219451	1353166288
2355952282	1353166297
2616736697	1353166322
3002765923	1353166357
2093176033	1353166358
2696223711	1353166385
2695373173	1353166408
2027681022	1353166416
2612163317	1353166441
2295123043	1353166460
3090321163	1353166488
2382296443	1353166510
1771043944	1353166512
1118595505	1353166527
2210755702	1353166528
2786409723	1353166540
2285071634	1353166555
2560852700	1353166556
2303407983	1353166563
2693072743	1353166564
1769297531	1353166605
2832276557	1353166650
2885548431	1353166687
2394536592	1353166691
3038095747	1353166772
2475633911	1353166816
2179035642	1353166859
2994491947	1353166875
3034872547	1353166877
2153650363	1353166907
2036858291	1353166912
2468673443	1353166916
1967411681	1353166938
2880419391	1353166943
2981383155	1353166945
2730568475	1353166952
2705846391	1353166953
2971924724	1353166978
2792313051	1353166980
2808058222	1353166986
1273157883	1353167002
2874553391	1353167015
2874553391	1353167024
2796554271	1353167069
2281361412	1353167091
2024355094	1353167100
2695487891	1353167118
2827039405	1353167128
1289147721	1353167194
2961788323	1353167224
2810158484	1353167305
2910610455	1353167314
2834005845	1353167374
2665329083	1353167380
2053649385	1353167390
2770970423	1353167448
1899550653	1353167454
2551305375	1353167506
3121234163	1353167519
2668079773	1353167535
2813747422	1353167558
2392291395	1353167559
1981122027	1353167584
2256842824	1353167595
3100285867	1353167607
2919834634	1353167624
2817417141	1353167647
1958334725	1353167666
2385050480	1353167679
2475366231	1353167689
2393175191	1353167703
1392187381	1353167724
2946199855	1353167730
2954114551	1353167736
1136028373	1353167906
2962021345	1353167929
2513645040	1353167952
2106479844	1353168015
3083371153	1353168029
2957167721	1353168050
2943618405	1353168065
2088596835	1353168084
2643806130	1353168121
1140289810	1353168168
2762009233	1353168247
2911909917	1353168276
1377127810	1353168327
2891899705	1353168347
2142824803	1353168348
2393835602	1353168363
2009952335	1353168385
2795137802	1353168399
2591183743	1353168407
2417602142	1353168469
1303885411	1353168486
1946921623	1353168502
1327132635	1353168503
1996978480	1353168512
1911037545	1353168512
2113381211	1353168518
1923094231	1353168569
1107041750	1353168590
3115173881	1353168642
2274727224	1353168648
1818168435	1353168667
2935995831	1353168675
1373172972	1353168692
1517160364	1353168709
3110185283	1353168749
3095406755	1353168780
1342925443	1353168787
2551167845	1353168817
2932832881	1353168848
1287615691	1353168956
1054342280	1353168962
2520119767	1353169016
2957754953	1353169036
1497849460	1353169083
2141452764	1353169142
2385809053	1353169161
1573751640	1353169171
3098713117	1353169209
1751554025	1353169211
1444416582	1353169263
2265824204	1353169365
2920460474	1353169388
2165949613	1353169389
2410195777	1353169510
2658641235	1353169579
2171414535	1353169601
1713556684	1353169702
2013990620	1353169828
2792639820	1353169837
2268674201	1353169918
2549674193	1353169950
2498975095	1353169954
2439223344	1353169982
2770732842	1353170022
2886311241	1353170057
2657496161	1353170084
1673927241	1353170092
2989743995	1353170177
1948408734	1353170197
2659745457	1353170228
1913509767	1353170253
1763926262	1353170275
2943286223	1353170298
2765731717	1353170315
1082618227	1353170346
2920408092	1353170347
2743110595	1353170439
1747229707	1353170448
1830343915	1353170471
2342829893	1353170489
3075875857	1353170572
2610113613	1353170582
2919362040	1353170595
1762970313	1353170604
1447152065	1353170648
1954552307	1353170756
2920581614	1353170771
1043834994	1353170788
2572236384	1353170901
2859937097	1353170906
1600708030	1353170938
2192249622	1353171036
1679955372	1353171193
3031234607	1353171260
2102253484	1353171287
3065896487	1353171288
1776995461	1353171431
1759100543	1353171475
2635879495	1353171475
1588519515	1353171522
2739182402	1353171573
2181407610	1353171797
3051307921	1353171838
2886477000	1353171846
2834782402	1353171916
1686207165	1353172038
2926834953	1353172049
1731193625	1353172169
1675966867	1353172263
1776044587	1353172403
1776211145	1353172403
2044866681	1353172405
1973119643	1353172424
1836997497	1353172667
1713292171	1353172693
2812724411	1353172735
2802831292	1353172791
1438906587	1353172791
2609517007	1353172825
1557713582	1353172890
2212532151	1353172920
1924055774	1353173063
1712868987	1353173128
1766717831	1353173198
2919609404	1353173219
1639937444	1353173311
1996841841	1353173463
2792787805	1353173475
1661735295	1353173549
2678574393	1353173578
1990045157	1353173622
2643197450	1353173698
2919249124	1353173837
1911005090	1353173840
2470402374	1353173953
2818451422	1353174370
2450435054	1353174374
1943425711	1353174466
2473915072	1353174535
1725927602	1353174567
2518164142	1353174832
2728501447	1353174840
3127974953	1353174995
2996865754	1353175169
2936912987	1353175211
1904614927	1353175745
1787870837	1353175889
1742568955	1353176029
2457175411	1353176031
2514227632	1353176067
2514227632	1353176079
2879648155	1353176155
2217255631	1353176247
2507696177	1353176278
2919343470	1353176719
2920410720	1353176720
2981015305	1353176731
2880295571	1353177177
2789924822	1353177236
2809421614	1353177284
2919461054	1353177284
2919329734	1353177351
2920494882	1353177351
1714683452	1353177351
2688289187	1353177395
1733522233	1353177617
1825099384	1353178137
2919354434	1353178154
1583980490	1353178154
2919540820	1353178285
2808915260	1353178285
2705092600	1353178370
2802805110	1353178467
2805110854	1353178521
2919242622	1353178731
2920358960	1353178732
2536683824	1353178989
2919385722	1353179014
1840912270	1353179115
2443762941	1353179244
1118792261	1353179792
2919811244	1353179874
2640919607	1353179992
2075209815	1353180077
2804500160	1353180323
2819865314	1353180460
1868585970	1353180629
2919840650	1353180728
2920303864	1353180728
2866252752	1353180855
3107311375	1353181236
1647068844	1353182223
2100450715	1353182268
1806381754	1353182396
2920192912	1353182683
2805359154	1353182683
1790327717	1353182699
2802865834	1353182882
2668365377	1353182888
2148221760	1353182935
2920184840	1353183366
2920367650	1353183366
2231603075	1353183399
1811262915	1353183691
2920221090	1353183834
2804753814	1353183834
2803759474	1353184237
2919973350	1353184242
2920392302	1353184242
2790092362	1353184366
1583222483	1353184366
3101568705	1353184494
2789976644	1353185024
2919551060	1353185024
2692820575	1353185356
2919332664	1353185751
1777067685	1353185751
2919417510	1353185793
1583098450	1353185835
2803510444	1353186147
2804483820	1353186147
2277920415	1353186163
1218389143	1353186207
1777780854	1353186434
1440406410	1353186491
2920519204	1353186688
2789656780	1353186689
2889286791	1353186780
2511589807	1353186838
2703927817	1353186932
2789718612	1353188020
2920471774	1353188020
2248509232	1353188638
2722523523	1353188991
2803561374	1353189041
3059480085	1353189774
2794328377	1353189794
1583014227	1353189911
1560967902	1353189912
2337071850	1353189933
2810963684	1353190029
1776521380	1353190029
2168180751	1353190500
1756419437	1353190536
2921468721	1353190717
2434713725	1353190979
1776503522	1353191098
1575287733	1353191132
1878369231	1353191216
1778369594	1353191394
1101807283	1353191492
2919252744	1353191568
2920249622	1353191695
2803665402	1353192052
2919545230	1353192053
1958127842	1353192065
3022931781	1353192255
1418015065	1353192423
3091523301	1353192580
1560965483	1353192640
1406817241	1353192672
2518440375	1353192683
2744760973	1353192708
1675024121	1353192745
1589023920	1353193010
3071353823	1353193088
1288855674	1353193153
3071353823	1353193209
2919466862	1353193245
1589644625	1353193246
2108188881	1353193268
2922144275	1353193354
2622903073	1353193357
2921926033	1353193459
2971967352	1353193500
2808740074	1353193515
2920431974	1353193515
1701762160	1353193621
1722156545	1353193721
2645093901	1353193760
2919672004	1353193775
2608073402	1353193888
2678185647	1353194096
1228344222	1353194325
2975228422	1353194493
2407514653	1353194513
2399121507	1353194656
2903385961	1353194805
1792508761	1353194858
2954156157	1353194934
2669701025	1353195098
2706781903	1353195112
2920062162	1353195122
2376630260	1353195179
2655068613	1353195259
2120321495	1353195312
2694796495	1353195317
1401111000	1353195329
1980267165	1353195351
1728889251	1353195355
1968464895	1353195397
2582115841	1353195412
2784742841	1353195836
2805178590	1353195878
1777067710	1353195878
1510210710	1353196033
1157830344	1353196057
3043313645	1353196095
3090541493	1353196099
1000534597	1353196133
3024916495	1353196245
2219193803	1353196287
1465855270	1353196291
1507896484	1353196298
1760362450	1353196302
1490055964	1353196454
1878082247	1353196555
1654028683	1353196582
2181158197	1353196751
1673260564	1353196762
3087825673	1353196777
1699943962	1353197033
1466279205	1353197212
2614493623	1353197260
1071007831	1353197316
1711995847	1353197340
1454478720	1353197456
2380268380	1353197507
2646056401	1353197519
2380268380	1353197522
2785302320	1353197545
2929401827	1353197546
81977605	1353197559
1303265314	1353197670
1440675182	1353197679
2919852954	1353197679
1778820745	1353197685
2120975814	1353197775
2447894360	1353197848
2962051763	1353197932
2646301213	1353198121
1293705005	1353198455
2344702345	1353198470
1589705182	1353198510
1897683035	1353198556
2698022374	1353198603
1888006967	1353198682
1786183105	1353198803
2789884640	1353198953
1583544107	1353198954
2633872101	1353198980
2621834043	1353198994
2590462150	1353199060
1725966487	1353199064
1768101993	1353199230
2780231851	1353199272
2905872023	1353199389
1306717327	1353199390
1561971845	1353199431
1117360573	1353199540
1840570042	1353199588
2328306117	1353199697
2088467453	1353199759
1745852543	1353199760
2789945184	1353199821
2976454813	1353199866
3121259743	1353199922
3096440783	1353200007
2890489315	1353200021
1285421572	1353200060
1892518197	1353200237
1584003765	1353200408
2231920735	1353200419
2731447357	1353200665
2810739340	1353200729
2879162644	1353200733
1986840735	1353200804
1829808661	1353201233
2680560721	1353201302
3108710475	1353201313
1615656655	1353201313
2171671990	1353201386
1837565022	1353201501
1738740720	1353201534
2858936741	1353201624
2503376163	1353201792
2302127567	1353201994
1309516272	1353202077
1812001360	1353202128
2789671152	1353202161
2809088164	1353202161
2508218692	1353202259
1423496320	1353202272
2803394474	1353202279
2789879902	1353202280
1939347112	1353202339
2809505192	1353202699
1668524523	1353202715
2965146567	1353202716
2946156093	1353202742
2789922912	1353202937
1633929395	1353203063
2277920415	1353203360
2578924840	1353203370
2805283914	1353203378
2953769633	1353203426
2522060264	1353203646
2759714433	1353203830
1504065981	1353203830
1646753017	1353203867
1033740022	1353204108
1859012744	1353204127
1903441422	1353204215
2963749515	1353204322
2650294483	1353204344
2260613410	1353204352
2556184283	1353204396
2034558123	1353204454
1273694525	1353204571
2479916937	1353204710
2992027687	1353204857
2356921415	1353204927
2538350111	1353205033
1911627727	1353205039
3070728313	1353205077
1978440493	1353205108
2667871211	1353205578
1582592991	1353205809
2808850430	1353205810
2480767030	1353206023
2705216701	1353206025
1002367712	1353206103
2532656413	1353206151
2601946477	1353206192
2768178475	1353206212
1727320253	1353206363
1766588524	1353206393
1572138742	1353206770
2930105895	1353206801
2392902261	1353206832
1588460492	1353207021
1909651351	1353207066
1507467291	1353207131
244912612	1353207147
2614611005	1353259346
1778287372	1353259619
2805202544	1353259619
1583273075	1353261782
2919481630	1353261782
2805176860	1353262035
2919605740	1353262035
2919343870	1353262805
1439712744	1353262805
2919343862	1353262864
1582743251	1353265672
2919779654	1353265672
2804319414	1353266350
2919977540	1353266350
2603248491	1353270549
2920128654	1353272511
2804169564	1353272886
2919418730	1353274403
1778321183	1353274404
2920109510	1353275561
1353146883	1353275562
1777839610	1353277474
2804004884	1353277475
1727059625	1353279338
2919338320	1353281366
2919575252	1353281366
2808179112	1353282765
1680285537	1353283806
2998425067	1353284292
1662278873	1353284881
2804473692	1353285067
2790123402	1353285067
2805159154	1353285119
2920556204	1353285120
2809027632	1353285770
2804055044	1353285887
2602362501	1353286583
2919933672	1353287058
2815152904	1353287499
1582963274	1353287766
2920588334	1353287767
2279402485	1353288644
3041519444	1353291360
2829033091	1353291399
3050737673	1353292551
1913770621	1353292765
2920099060	1353293569
2805171372	1353293570
2297131662	1353294162
2805294240	1353295632
2919729514	1353296512
2789792290	1353296513
2276190861	1353296866
2919470580	1353300140
2920476854	1353300141
2808890770	1353300390
2790043240	1353300793
2802689902	1353304373
2803117964	1353304374
2920900825	1353305053
1520249660	1353305202
2920612954	1353305202
1777401480	1353306556
2920615722	1353306557
1573998114	1353307896
2804522124	1353308763
2805078322	1353308763
2920525870	1353310362
2342767444	1353310770
2810563542	1353311483
2803128184	1353311484
2789680044	1353312041
2920429082	1353312044
2919105751	1353314148
2919346652	1353314767
2920303002	1353314769
1576241357	1353317575
2882566810	1353319552
2919592610	1353319685
2920149192	1353319688
2789915314	1353321402
2213817537	1353321927
1582912292	1353322164
1440500063	1353322164
2487917780	1353322421
2919922112	1353322716
1588420310	1353322717
2920448130	1353323115
2920152232	1353323118
2955802230	1353326603
2920130382	1353327208
2919717322	1353329873
1588450935	1353331523
1583945815	1353331524
2912989431	1353333350
1583980573	1353336951
1778200982	1353336951
2669674023	1353338910
1935369015	1353341088
1749022855	1353344596
2807757822	1353345541
2789913324	1353345541
2919551574	1353350140
2790042572	1353350152
2804609072	1353350152
1589692874	1353354061
2811035482	1353356187
2919752430	1353360379
2804945460	1353360930
2810140022	1353369681
1582909714	1353369682
3057796803	1353386665
2920196594	1353390237
1582815292	1353390238
2202774074	1353391410
2919714334	1353394718
2919272784	1353394720
2164880391	1353398146
2803321934	1353399687
2919547472	1353399690
2790022304	1353400538
2808446070	1353407238
1583547913	1353407239
2919470454	1353407498
2919271770	1353428445
2919639274	1353441799
2804147700	1353443262
2920149222	1353443366
1583621077	1353444757
2810720210	1353445527
3027796307	1353445633
2920386834	1353452611
1582852531	1353452611
2804764914	1353461527
2920441282	1353461527
2920389462	1353461881
1583984340	1353463354
1780498115	1353487348
1578957385	1353492890
2504675715	1353498922
2802974304	1353507068
2810589512	1353507070
2920475172	1353516257
2956344981	1353516561
1778546251	1353523413
2809791872	1353523414
2802949242	1353525388
2803131020	1353525388
2919674124	1353525631
2919630024	1353525631
2919656622	1353526499
1727983554	1353533969
2804080544	1353539055
1581835724	1353539055
2919816382	1353541966
2805374094	1353546206
2919809152	1353546207
1356185202	1353547139
3080647245	1353564897
2966077805	1353572663
2919802154	1353584261
2919368650	1353584262
2805229920	1353588634
2920528690	1353595190
2804902774	1353600793
2789889250	1353621625
1300097654	1353633487
1723096831	1353638500
2920395244	1353642563
2939882317	1353648286
2933624965	1353660763
2920581664	1353685882
1581809907	1353685883
1589756113	1353690811
1728087284	1353690811
1589649591	1353690887
2789674084	1353690887
2920370094	1353694560
2802850864	1353711305
2919665432	1353711305
1583359384	1353719790
2803019610	1353719791
2790063934	1353727331
2920114130	1353727332
2908112337	1353730822
2919303304	1353749577
2919546160	1353749580
2955439687	1353759241
2919863710	1353763054
1778095550	1353763057
1111882491	1353789160
2920556260	1353801461
2789867364	1353801462
2451270717	1353802899
2920153672	1353815714
1583924357	1353815716
1986014107	1353859019
2920218654	1353874619
2920627384	1353874619
3079319447	1353898528
2919883212	1353907513
2912681185	1353915484
1583155565	1353919784
2789966060	1353919786
2919867960	1353948169
2919633584	1353948172
1574670200	1353948554
2803185072	1353970940
2790012382	1353976128
2920040994	1353978566
1583736590	1353985052
2919534074	1353985052
1910356383	1353989895
2790040552	1354001345
2919367250	1354003839
2920210060	1354041856
2804385050	1354041856
2789835814	1354070465
1583267101	1354089552
2803944812	1354089555
2296577822	1354093588
2809856504	1354107308
2789708862	1354107309
1728019721	1354108426
2919966530	1354108427
1726364427	1354125586
2919517950	1354131831
2805268400	1354131831
2790021672	1354162221
2810272254	1354186828
1584010912	1354213066
1727981895	1354213066
2920313632	1354220026
2790132240	1354220026
2808504770	1354266127
2920261654	1354275486
2810646500	1354275488
1778187564	1354275648
2805405804	1354275650
2803424664	1354298792
3017653437	1354299036
2789862120	1354320580
1776540472	1354320581
2920121160	1354325910
2920388780	1354325912
2532134003	1354334094
2419914727	1354366743
2803384650	1354439905
2920578672	1354439905
2919900922	1354443005
2920632762	1354443006
2919729962	1354477522
2920336512	1354484238
1583976571	1354487737
2789743514	1354571356
2919387744	1354571357
1583236060	1354585060
2808692434	1354646445
1440395475	1354646446
2919517142	1354693285
2805151524	1354693285
1778394862	1354700554
2790058200	1354700556
2803622144	1354729361
2790040994	1354738131
2804518350	1354738132
2964766563	1354775884
2919934462	1354831521
2919502812	1354831521
2106078104	1354849878
1583278101	1354902033
1588978567	1354902034
1932783295	1354980162
2919483050	1355009655
1726820682	1355012670
2919593922	1355118485
2790085204	1355176769
1347100155	1355292813
2919763292	1355294244
2789885024	1355541649
2920278202	1355589974
2919833494	1355589974
2741258797	1355634860
2919867364	1355687115
1588286712	1355687116
2631839361	1355831176
1583970784	1356054274
1776571172	1356106776
2789900854	1356126367
1583823861	1356205179
2919363612	1356761452
2920357870	1356806829
1582696077	1357319960
2804981664	1357388984
2101451312	1361116311
2174949533	1361122529
2919607262	1364213791
2920322412	1364213792
2805567170	1364249589
1660068381	1398179435
