2667708713	1350621704
1692680261	1350621811
1703396331	1350621848
2778656124	1350622030
2385684385	1350622104
1854684674	1350622184
1400124672	1350622190
2508662277	1350622234
1156527954	1350622530
2003876961	1350622549
2657275911	1350622634
2473435077	1350622646
1463363513	1350622678
1865772173	1350622690
2131292757	1350622773
1794428680	1350622849
2685159791	1350622926
2645507405	1350622934
1851838057	1350622965
2416523197	1350622974
1304071184	1350623030
1960599237	1350623044
1821839920	1350623047
1826286414	1350623048
1944545423	1350623062
1763844495	1350623069
2947085963	1350623251
2821141875	1350623301
1608266224	1350623339
2424507965	1350623356
1686199665	1350623357
2011522132	1350623379
1070181023	1350623482
1894330392	1350623528
2010261880	1350623615
2347568847	1350623743
2807188792	1350623794
1401759954	1350623849
1236964714	1350623889
2033741660	1350623909
1653038360	1350623950
2691093771	1350623972
1196204234	1350623985
2748987175	1350624051
2049046660	1350624051
1927066354	1350624153
1669808557	1350624223
2655927497	1350624289
2639468580	1350624396
2958236912	1350624465
1840178932	1350624470
2884120832	1350624487
3002213901	1350624512
2112425922	1350624528
2010261880	1350624557
1497305824	1350624658
2915462132	1350624722
1913013985	1350624754
2039802427	1350625052
2806756614	1350625218
1494125280	1350625740
2416426390	1350625804
1685583100	1350625807
1863655111	1350625924
2315466092	1350626301
2509180297	1350626838
1572107174	1350626926
1421804340	1350626929
2287328782	1350627037
1496826145	1350627121
1865206971	1350627156
2816394801	1350627304
2843174374	1350627384
1700784434	1350627474
2803704997	1350627594
2417451624	1350627724
1793665612	1350627736
2398868797	1350627736
1808843500	1350627795
2669799377	1350627882
2856083024	1350627984
2585385520	1350628433
2715216354	1350628517
1311316154	1350628653
1963279383	1350628733
1409534540	1350628812
1064199297	1350629151
2164726942	1350629457
2261945520	1350629732
1221198001	1350630161
2847885017	1350630645
1239349175	1350630906
1884011433	1350631288
1270113403	1350631393
2399060461	1350631433
2484550913	1350631608
1426087800	1350631828
2959902551	1350631958
1594996342	1350632035
2034558821	1350632192
2257128852	1350632337
2275279182	1350632568
1829918545	1350632595
1959003924	1350632605
1604289752	1350632652
1748546201	1350632749
2926345732	1350632804
2401934164	1350633218
1937635250	1350633391
2218185457	1350633537
2184248970	1350633604
2094652445	1350633689
2413809602	1350633903
1585196847	1350633959
1967075145	1350633962
1282355145	1350634071
1748851470	1350634148
2528027737	1350634287
1496916981	1350634300
1925551583	1350634440
2274262533	1350634450
2533460313	1350634674
1646701993	1350634678
1433160003	1350634872
1972415714	1350634876
1915982474	1350634942
2808473855	1350634980
1904898927	1350635073
2705479065	1350635340
1043556080	1350635696
1773866444	1350635975
2396038080	1350636011
2495483747	1350636133
1307246180	1350636211
2358449255	1350637829
1405130910	1350637835
1647713893	1350637967
2716635615	1350638397
2391619360	1350638433
2704234055	1350638545
2028916075	1350638774
1564137500	1350638859
2704234055	1350638870
2704234055	1350639029
1029124051	1350639341
1064322557	1350639536
3052739951	1350639669
1485632812	1350639670
1761657407	1350639840
2278858762	1350639869
2330489391	1350639943
1513850927	1350640076
2531788410	1350640096
2255623527	1350640325
1760648527	1350640496
1805277607	1350640739
1768108140	1350641599
2995020587	1350642631
2867595882	1350643932
1632512030	1350644137
1269285350	1350644217
2951141255	1350644248
1347910587	1350644323
2007049097	1350644334
1632512030	1350644370
1215031834	1350644932
2767425741	1350644962
1146526355	1350645003
1269987270	1350645006
1401060512	1350645007
2004744245	1350645008
2057995027	1350645011
2296254417	1350645026
1415646074	1350645031
1269613360	1350645033
1877664273	1350645036
1616471897	1350645036
1727646481	1350645038
2238787525	1350645048
2244956462	1350645052
2605758195	1350645075
1835188467	1350645084
1979135313	1350645087
2620950685	1350645090
2439771253	1350645100
1694553225	1350645101
1712467963	1350645102
1737931171	1350645106
1690027820	1350645109
1143185117	1350645126
1692050681	1350645141
1237441853	1350645166
2421590575	1350645174
2457539635	1350645175
2925794483	1350645176
2835254803	1350645191
2281458215	1350645192
1972875893	1350645199
2404797522	1350645200
1829823720	1350645205
2417542590	1350645214
2518126722	1350645217
1730305951	1350645224
2697931012	1350645233
2308273522	1350645234
1419386072	1350645264
1321417737	1350645265
1837790153	1350645267
1790597197	1350645282
1411536807	1350645295
1794499275	1350645318
1802696373	1350645322
2641429617	1350645342
1077277061	1350645349
2607974061	1350645355
2575289542	1350645356
2686281151	1350645361
2729970075	1350645387
2720973243	1350645407
2018543923	1350645430
1401777931	1350645436
2476174767	1350645436
1254461484	1350645449
2117422870	1350645453
2328521437	1350645480
1984029647	1350645481
1675808141	1350645486
1954252065	1350645531
2049213637	1350645532
2217560275	1350645538
1852136001	1350645542
2697680844	1350645584
2101650225	1350645586
1714485037	1350645588
2024471351	1350645605
1959783134	1350645617
1635015213	1350645620
2457539635	1350645625
1962016087	1350645630
2021976045	1350645638
1623270792	1350645642
1747680251	1350645698
1446248605	1350645708
2702705420	1350645791
1277395415	1350645842
1578202811	1350645917
2384236751	1350645938
1221180094	1350645957
1931216151	1350645966
2092680595	1350645988
2655001551	1350645995
1732398652	1350646025
1093220572	1350646072
2345628033	1350646105
1404712572	1350646131
1760231497	1350646140
1792563090	1350646151
2575289542	1350646151
1599649462	1350646157
1428318614	1350646163
1431458097	1350646209
2928507234	1350646254
2794051293	1350646270
1654419165	1350646271
1762991090	1350646280
2912105471	1350646284
1603499534	1350646284
1645454720	1350646286
1676697941	1350646296
2750616561	1350646345
2575289542	1350646358
2387203580	1350646370
2084671323	1350646396
1417960634	1350646406
1730557737	1350646500
2194189100	1350646547
1220223405	1350646552
1082807955	1350646589
2207458331	1350646621
1901372173	1350646650
1664856993	1350646700
1728810222	1350646708
1766913344	1350646772
2811393732	1350646773
1918761354	1350646803
1971231905	1350646809
1648233265	1350646886
2538550193	1350646925
1134691772	1350646973
2347475391	1350646980
1739858792	1350646985
1065644000	1350646996
1855195060	1350647016
2140440663	1350647047
2590771355	1350647100
1658066240	1350647105
1871933647	1350647159
2204559502	1350647194
2952165700	1350647196
2841863800	1350647215
2208396212	1350647246
2253376392	1350647261
1941197342	1350647293
1532804240	1350647303
1410508044	1350647310
1081237621	1350647345
1401239117	1350647420
1265260561	1350647472
2606781763	1350647488
1231420230	1350647497
1984479647	1350647498
2795388285	1350647530
1265054752	1350647537
2430942914	1350647606
2546143347	1350647609
2681407811	1350647639
2575289542	1350647647
1686227433	1350647670
2100526152	1350647686
1360434435	1350647687
1418577251	1350647783
1085054927	1350647844
2161959511	1350647848
1721843290	1350647853
1402959322	1350647855
1934894247	1350647860
2946692335	1350647894
2524048134	1350647924
1936883570	1350647944
1406817241	1350647984
2530958384	1350648021
1565776394	1350648059
1964145184	1350648103
2241411092	1350648152
1831459094	1350648200
2608154141	1350648478
1184177464	1350648488
2007213027	1350648514
1497477131	1350648526
2285032663	1350648606
1738079135	1350648618
2282085354	1350648619
1256773244	1350648648
2363412783	1350648683
1942738681	1350648700
2746524431	1350648702
2035913171	1350648729
1629730117	1350648735
2342557741	1350648764
1793560152	1350648779
2372906200	1350648788
1418012755	1350648912
1431227792	1350648922
2989813570	1350648972
1831872854	1350648976
2575289542	1350649088
2108102034	1350649112
1034406277	1350649162
2097406471	1350649173
2016384415	1350649190
1898462935	1350649272
1616047867	1350649279
1235610784	1350649297
1940818723	1350649338
1931025911	1350649348
1464844537	1350649350
2708924067	1350649358
1910527185	1350649409
1250564287	1350649409
1886764521	1350649415
2254630444	1350649503
1954129497	1350649507
1964550701	1350649513
1064110061	1350649519
2246423965	1350649619
1413039237	1350649632
1590024460	1350649667
1822978400	1350649686
2058368430	1350649697
2271771442	1350649715
1759312621	1350649736
1889194990	1350649763
2339746791	1350649779
1671448663	1350649794
1758209841	1350649806
1589668822	1350649827
1950019435	1350649827
2559393417	1350649837
2501235143	1350649851
2450936441	1350649868
2526680964	1350649966
1949454091	1350650016
2284861872	1350650021
2815813544	1350650023
1318197555	1350650037
1011114777	1350650063
1905710361	1350650068
2923303730	1350650071
2498247914	1350650078
2178612452	1350650084
250772616	1350650115
1990037514	1350650129
1990037514	1350650182
2006513580	1350650193
1439552625	1350650201
1705152525	1350650233
2640680631	1350650239
2768282943	1350650240
1743617833	1350650256
2342443442	1350650263
1940224701	1350650274
2127990255	1350650284
1402191821	1350650303
1258810941	1350650304
2685075117	1350650314
2847980492	1350650359
1613288025	1350650360
2688968571	1350650368
1011121781	1350650369
1291782711	1350650398
1504152151	1350650510
2157103371	1350650540
1742907041	1350650564
1225930842	1350650606
1096266380	1350650677
1418012755	1350650715
2170995924	1350650730
2431451410	1350650734
1301827287	1350650771
2213504105	1350650772
1444307680	1350650855
2171949440	1350650858
1891311575	1350650945
1048738541	1350650954
1058406543	1350650966
2267952470	1350651004
2772387535	1350651007
2212848617	1350651062
1877901591	1350651068
1853817847	1350651082
1425996217	1350651109
2723593514	1350651110
1623927022	1350651113
2609019172	1350651146
2230794340	1350651163
1960932241	1350651183
1716053784	1350651242
1060395362	1350651253
1997414955	1350651257
1971455284	1350651268
1962975737	1350651274
2043435915	1350651285
1029300515	1350651288
80020956	1350651293
2250577944	1350651357
2158348512	1350651360
1950590811	1350651362
1443183463	1350651364
2042844387	1350651422
1960014203	1350651500
1732140052	1350651563
1659256852	1350651590
2271245972	1350651615
1461820000	1350651630
3017968971	1350651649
2427706422	1350651662
2923842961	1350651672
1954246122	1350651684
1062235680	1350651687
1880191250	1350651693
1429986215	1350651709
1677758267	1350651711
2006589653	1350651715
2787042982	1350651720
2636934484	1350651729
2931379641	1350651746
2414651094	1350651785
2420342423	1350651812
2687610552	1350651827
2820820782	1350651829
2027907575	1350651840
1746713481	1350651845
2800556531	1350651853
1224507681	1350651880
2617956167	1350651887
1950140672	1350651916
2253550330	1350651933
2016247385	1350651944
1166688175	1350651952
2996278262	1350651953
1780362961	1350651992
1916152634	1350652005
1585187752	1350652007
1716407300	1350652040
1978340814	1350652049
2669075707	1350652049
2077329947	1350652052
1399014163	1350652062
1805615101	1350652065
1738582661	1350652070
2577229345	1350652073
2926992287	1350652091
1791244821	1350652111
1400329941	1350652127
1035607217	1350652132
1738582661	1350652146
1921992524	1350652198
2683326573	1350652360
1435846053	1350652364
2087591473	1350652400
1792193757	1350652417
2315689940	1350652433
2513211280	1350652462
2810883221	1350652493
2402698213	1350652515
1228943555	1350652556
1562746235	1350652567
1229080477	1350652589
2627375891	1350652600
2627375891	1350652682
1172209410	1350652703
2887576152	1350652712
2188279681	1350652715
2880947434	1350652732
2672071341	1350652734
1935715451	1350652826
1789493972	1350652831
1839936562	1350652884
2664651235	1350652903
1412274487	1350652906
1801267965	1350652922
1802233800	1350652962
2208096017	1350652967
1314352443	1350652984
1808548877	1350653006
1808548877	1350653009
1658370365	1350653046
1923782937	1350653068
1921608602	1350653090
1832517422	1350653150
1444058527	1350653186
1879188320	1350653210
1873817963	1350653223
2650485897	1350653230
1374647011	1350653230
1613788585	1350653238
1224507681	1350653244
1808761740	1350653249
2657429182	1350653250
2936884240	1350653256
1828545161	1350653266
2954675933	1350653315
1742046595	1350653361
1654924127	1350653367
2786270692	1350653372
1582743383	1350653391
1704316355	1350653403
1764543123	1350653412
2230794340	1350653496
1631103440	1350653498
2293174414	1350653502
2529185492	1350653535
1226465975	1350653601
1248526612	1350653605
1656599003	1350653630
1505358733	1350653647
1397320361	1350653658
1680556877	1350653680
2215039182	1350653698
1434755350	1350653706
2081162345	1350653719
1891481833	1350653721
1084661674	1350653735
1817108297	1350653750
2012263171	1350653767
1825236653	1350653789
1916227931	1350653793
2124641307	1350653798
2683326573	1350653810
1569612134	1350653841
2827725534	1350653880
1657181567	1350653902
2711775603	1350653912
1745923483	1350653926
1903740433	1350653955
2951142531	1350654008
1421804340	1350654018
2319782440	1350654054
1474890460	1350654061
1903985042	1350654149
1920253674	1350654151
2701569292	1350654154
1694283042	1350654160
2770684893	1350654232
2717717447	1350654245
1214035821	1350654276
2524604541	1350654311
353949	1350654334
1988985750	1350654359
1878459982	1350654404
1224900857	1350654405
1867001635	1350654434
2635827423	1350654437
2129653607	1350654446
2321519205	1350654478
1738391885	1350654482
1116150353	1350654504
1248558061	1350654561
1793692050	1350654574
1928759805	1350654576
1961105474	1350654593
2416321862	1350654608
2275367822	1350654613
2053060292	1350654625
2623071501	1350654644
1425303571	1350654661
2882119377	1350654699
1432030954	1350654712
1084661674	1350654740
1427001262	1350654749
1213400380	1350654802
2474791414	1350654838
2598742140	1350654868
1647426054	1350654949
2612733655	1350654959
1640489733	1350654968
2933785107	1350654998
1860327512	1350655083
2147119957	1350655085
1793726760	1350655092
1882806670	1350655100
2878035265	1350655166
2173262555	1350655184
1423762651	1350655188
2731065894	1350655247
1603111892	1350655267
1726792762	1350655284
1402763754	1350655294
2173407805	1350655351
1131450345	1350655461
1828430185	1350655514
2795221251	1350655581
1390103991	1350655685
1646057693	1350655879
2821950861	1350655898
1004749537	1350655902
2381628501	1350655937
1653117307	1350655941
2201313881	1350656006
1400853195	1350656025
1843491595	1350656108
1909600712	1350656120
1421096053	1350656188
1066628930	1350656332
2249583070	1350656390
2304511791	1350656395
2293927860	1350656420
2528016524	1350656442
1008895972	1350659043
1730375570	1350659081
1917414540	1350659100
1878479537	1350659105
2781678661	1350659186
2274218571	1350659241
1844569263	1350659312
1880428804	1350659411
1693168330	1350659539
2623083121	1350659688
2391727443	1350659732
2660461781	1350659753
1931823575	1350659781
2780654023	1350659880
1832281420	1350659886
1604969872	1350659896
1829211945	1350660025
1275940775	1350660029
1241921920	1350660037
1967263701	1350660094
2488751017	1350660141
1784281043	1350660143
1729503090	1350660223
1682354075	1350660310
2017196482	1350660399
2958345107	1350660437
2003289385	1350660528
1886689541	1350660557
2022587717	1350660582
2416260087	1350660583
1946408645	1350660620
2014781881	1350660882
1411398950	1350661007
1683093707	1350661075
2009678551	1350661238
2619807383	1350661243
1803131027	1350661252
1231823732	1350661263
2210982482	1350661366
1844272193	1350661496
1180893965	1350661685
2812837632	1350661817
1729197927	1350661831
2943802930	1350661985
2705431391	1350661990
1768178797	1350662095
2657400551	1350662199
1769875815	1350662297
2627784727	1350662406
1404810425	1350662834
2152532353	1350663042
2278219243	1350663232
2813874921	1350663342
1401453554	1350663405
2844941244	1350663639
2824103373	1350663669
1665888234	1350663890
1679966332	1350663893
2812837632	1350664169
2205856731	1350664202
1323909963	1350664272
2983219921	1350664508
1784644357	1350664551
2741180974	1350664781
2987572471	1350664859
1708732455	1350665825
2166061541	1350666219
2000662837	1350667078
2455970510	1350667679
2455970510	1350667802
1857453671	1350667904
2664709061	1350668655
2919569114	1350669515
2294610042	1350670673
1275362967	1350671099
2438456100	1350671354
1884637442	1350671466
2998327080	1350671732
3053302503	1350673066
1828988237	1350673380
1906129535	1350673736
2838716812	1350674184
2587983103	1350675737
2665812601	1350677414
1247209121	1350677887
1659605473	1350678945
2271132933	1350679920
2690077665	1350681084
2920153544	1350681572
2920070484	1350681572
1463939483	1350681863
2688166811	1350682006
2269704773	1350683853
1234548597	1350685852
2687969972	1350685870
2632281977	1350685913
2450116737	1350686007
1863230267	1350686020
2640159123	1350686060
1806805593	1350686418
1686000282	1350686491
2450116737	1350686914
1055614632	1350686915
2142545740	1350686987
2690823920	1350687109
2133030573	1350687125
1417138973	1350687191
2133030573	1350687354
2954383704	1350687356
1861798154	1350687403
2124552013	1350687454
1963433945	1350687666
1688839322	1350687690
1654062230	1350687801
2567520331	1350687850
1642385340	1350687933
2133030573	1350688007
2397258857	1350688116
1925148807	1350688176
2087807601	1350688461
1791887970	1350688546
2941317533	1350688551
1686505701	1350688780
2139529243	1350688900
2048948660	1350688987
1066002377	1350688995
2653743853	1350689124
1593777913	1350689305
1884011433	1350689508
2073932577	1350689717
2373471552	1350690202
2838925877	1350690259
2157609642	1350690501
2064791441	1350690899
1690027820	1350690964
1642017537	1350691096
1411167114	1350691234
1903740433	1350691388
1484089597	1350691928
1993355602	1350692107
2283070052	1350692111
1494301453	1350692140
1141171362	1350692235
1706876490	1350692471
1885044112	1350692649
2669075707	1350692734
1892121201	1350692818
1378929857	1350692831
1378929857	1350692888
2817607144	1350692909
1275215017	1350693022
2935324463	1350693122
2707871234	1350693200
2810502992	1350693632
2809300670	1350693632
2475357524	1350693914
1807364504	1350693924
1795105842	1350693936
1747703397	1350694141
2920191390	1350694166
2802047244	1350694861
1480066733	1350694871
1577585714	1350695824
1890602764	1350696487
2135510763	1350697723
2311883915	1350697788
2517188452	1350697967
2159034103	1350698073
2682504264	1350698192
2806691365	1350698210
2804556432	1350698339
1733744182	1350698442
2418832135	1350698461
1074533507	1350698597
2275186121	1350698786
1942937342	1350698806
2806691365	1350698833
1181680224	1350698978
1149230264	1350699087
2273689187	1350699103
2120576664	1350699112
2949378241	1350699378
1155117253	1350699445
1412078002	1350699755
1844240085	1350699759
1165489932	1350699760
2445426873	1350699826
2400116290	1350699841
1296834774	1350699900
2017131095	1350700070
1929112901	1350700085
1667237204	1350700143
1883746597	1350700207
1443909554	1350700224
1087672017	1350700433
1412078002	1350700510
2112355494	1350700640
2024307311	1350700738
1839027813	1350700750
2470778363	1350700788
1409475143	1350700805
1701380327	1350701025
2702726743	1350701090
1944861781	1350701104
1028892752	1350701113
2621658644	1350701152
1978455611	1350701292
2326107241	1350701374
1454152427	1350701406
1809648672	1350701588
1926842252	1350701602
2550890771	1350701652
1907481001	1350701842
2993153872	1350702037
1742437497	1350702048
1899275611	1350702259
2493161283	1350702261
2274455720	1350702861
2795443277	1350702919
2369504545	1350702921
2948995432	1350703046
1406677752	1350703150
2308847035	1350703403
1081720864	1350703833
1914697935	1350704633
1559873655	1350705357
1891475345	1350705384
1704947843	1350705912
1670232545	1350705986
1381252072	1350706290
2613893560	1350706623
1877204545	1350706628
1236203441	1350706741
2569725803	1350727017
1401112000	1350727226
1201437050	1350727547
2631988671	1350728529
2716074570	1350728576
2631988671	1350728829
2322651834	1350730457
1839149015	1350730863
2863838482	1350731321
2863838482	1350731352
2863838482	1350731385
2863838482	1350731876
2863838482	1350732033
2631988671	1350732163
2219394321	1350734544
2863838482	1350734783
1979471760	1350735314
2859041984	1350736535
1944984040	1350736813
2704500960	1350737402
1806801555	1350737781
2935961381	1350738497
2296001957	1350738715
1897377662	1350738875
1887453595	1350739380
2457034171	1350739755
2863838482	1350739805
1937315762	1350740107
1425977051	1350740407
1425977051	1350740420
1611333440	1350740579
2275293727	1350740740
2857282850	1350740865
1360043283	1350741651
2789906802	1351108622
2803316274	1351108623
1723904140	1351121262
1997845592	1351155912
2345445092	1351156172
2797117534	1351169361
2919903740	1351219829
2919502790	1351440913
2790026090	1351440916
2808738142	1351442480
2789909740	1351442480
3050785205	1351832521
2705673091	1352979175
2663098491	1353213900
2789901654	1353292307
2790117554	1353366369
1588438950	1353366369
2951547924	1353589913
1201345783	1354366340
