2090086897	1368590066
1185001840	1368590149
1784116510	1368590230
1994625564	1368590232
1667691341	1368590346
1770740232	1368590433
2206020010	1368590451
1806453650	1368590458
1992963031	1368590540
1874315754	1368590594
2303367530	1368590616
2372181017	1368590789
1807987680	1368590849
1750145065	1368590858
2106931565	1368590944
2685747631	1368591079
1308664911	1368591112
1864491940	1368591573
2390458735	1368592065
1585031650	1368592299
2108628910	1368592805
1985284184	1368593064
1878382280	1368593422
1775118712	1368593873
2349747162	1368594304
1948005532	1368594721
1926489542	1368594832
2572146052	1368594868
1271460314	1368594984
1928953800	1368595244
2836405590	1368596241
2104421374	1368596330
2141457965	1368596474
2241941374	1368596551
1405080515	1368597295
1741800870	1368597513
2141824230	1368597526
1449340553	1368597947
2429832485	1368598385
1866234541	1368599856
1976433813	1368600516
2681733463	1368603684
1831460063	1368603728
2236980694	1368604173
1769802527	1368610458
1837359750	1368615352
1971791323	1368617330
2310443915	1368619474
1645159704	1368621525
2074464934	1368624310
1730658630	1368693388
2846612654	1368694661
2169963631	1368695149
2256050692	1368695568
2661096601	1368696201
1791686373	1368696629
1903383792	1368696802
1922093663	1368697292
1674190710	1368698000
1747920301	1368698182
2092736475	1368698309
2823039482	1368698518
3304759230	1368700367
2283617501	1368700669
1781117717	1368703318
2092374572	1368703588
3208159471	1368710803
2410599290	1368718417
2107745654	1368729355
1272028640	1368786970
2180246822	1368851104
2683346151	1368851153
2189570275	1368851237
2526428251	1368851259
1517374271	1368851269
2423499157	1368851286
2352068550	1368851287
1835791220	1368851338
2946064477	1368851355
3019549647	1368851410
2661956825	1368851454
2105875530	1368851484
2377193043	1368851599
2482479113	1368851679
2488768473	1368851902
1241316992	1368851909
1798101961	1368851912
1824124265	1368852487
1975086305	1368852487
2941838662	1368852516
1730867724	1368852999
2783733963	1368853617
1907337535	1368853774
1739958537	1368854872
2090593284	1368856313
2657275711	1368857719
2491691050	1368857839
1941578557	1368860257
2071821095	1368861241
2839918023	1368861744
2657519873	1368863225
1780058734	1368863226
1722647875	1368865264
1732081953	1368865415
1804549807	1368865540
1878136873	1368865589
2737460897	1368865709
1689344983	1368865821
1768402520	1368865832
2470997194	1368866097
1417651392	1368866483
2436930244	1368866576
1890795062	1368866803
2272037630	1368866932
1957994637	1368867103
2060314903	1368867583
1843560075	1368867820
2533633530	1368868686
2267375402	1368869055
3039699685	1368869071
2091123092	1368878175
1867003961	1368878399
1930991991	1368878927
2271032613	1368880556
2672124863	1368881170
1966277337	1368882154
1730036081	1368888315
1844649994	1368890464
2917061384	1368925456
2818171550	1368925933
2469308560	1368931453
2323605810	1368932497
1909959614	1368932603
1345391727	1368934089
2734432793	1368935086
2957062070	1368935888
2247385750	1368937687
1302841250	1368937932
2141028201	1368938064
2000898945	1368938702
1632279517	1368939025
1791708753	1368939536
3264269170	1368940894
1941322070	1368941948
2022096561	1368942791
1850450595	1368944577
2531998137	1368946051
2534233045	1368946303
2650649582	1368947531
3022157571	1368949643
1962778993	1368954366
2612192003	1368956694
2073754681	1368963376
2152897681	1368963861
2101308052	1368965637
2689597863	1369024330
1932569054	1369024512
2705116882	1369024577
1919507474	1369028423
1091733251	1369028637
1801991650	1369028696
2060242773	1369031101
2859225112	1369033749
1398440451	1369044257
2528187960	1369044969
1879171722	1369045647
2689602331	1369045932
2095343444	1369047083
1841011060	1369048309
2689616303	1369060083
2837865604	1369060155
1954580103	1369061592
3203686333	1369063358
2296389780	1369065373
1921806260	1369065569
2431867425	1369065990
2491572540	1369066022
1967121542	1369111207
2083668553	1369111575
1749572305	1369111910
1956244294	1369112146
2350067700	1369119134
2365814954	1369129688
1070051392	1369129871
1712880812	1369129998
2368396350	1369130364
2635162013	1369131466
3220546253	1369131467
2247165210	1369132001
2738134613	1369138614
2187088904	1369139458
2345755603	1369143368
2201588265	1369144032
1878339084	1369144698
1800269202	1369148334
2306430760	1369149012
1794827781	1369152360
2013161225	1369193528
2011904523	1369193737
2503133631	1369194613
2078316137	1369194897
1609065472	1369195960
2120530762	1369197177
1173750703	1369197614
1748277717	1369199083
1786142502	1369199294
1675533952	1369199348
1950681984	1369199428
2562720264	1369207694
1168903185	1369207912
1696757823	1369210006
2558062181	1369215812
2134841323	1369217300
3176058435	1369217567
2319607062	1369217640
2033016740	1369217901
2136444150	1369218037
2719053067	1369218491
1169314215	1369222101
2402388134	1369233261
1951846635	1369240732
2155373363	1369302731
3162195740	1369312289
2552305567	1369312750
1943087860	1369370649
1723714810	1369370768
1053956527	1369370814
1993617393	1369370996
2354332932	1369371001
1950912365	1369371110
2559771327	1369371187
1705028964	1369371203
2648327857	1369371238
2552107704	1369371919
1947536895	1369372087
1947536895	1369372097
2346997075	1369372572
1799085581	1369372891
2961985641	1369376054
3227340424	1369378105
2308890232	1369379771
1641816723	1369379857
1843001874	1369380065
1843001874	1369380107
1707033594	1369380294
2104925167	1369382726
2611926853	1369382866
2299820580	1369385764
1843550062	1369386009
2826818412	1369387731
1375215125	1369392128
2453752292	1369393923
2678001721	1369394060
2767304380	1369394337
1466362273	1369394386
2563986110	1369394437
2506634745	1369396093
2122804364	1369397095
1985201401	1369398152
1864428412	1369398945
2626860102	1369399441
2631328853	1369399555
1818029171	1369400496
2557198410	1369401631
2197471374	1369402056
1752808215	1369402109
2476341083	1369402259
2764220843	1369403229
1952682603	1369405358
2329699824	1369405438
2311516025	1369406612
2030414653	1369407944
1710776111	1369409387
2871586910	1369456325
1683204830	1369456464
2154732627	1369456592
2463144237	1369469293
2233187820	1369477203
2502267082	1369477606
2813051734	1369478309
1173895267	1369484134
2557989110	1369484324
2710150773	1369484376
2211618755	1369485132
1843026555	1369485238
1842428651	1369485325
2880420592	1369487172
2200513343	1369489428
2300470627	1369492703
1591142407	1369493291
1877227207	1369493482
1978549392	1369493609
1938111262	1369494141
3120125991	1369495325
1646205930	1369495655
2276691081	1369495821
3059573007	1369496652
1875233074	1369497835
2244287352	1369530483
1738596680	1369530646
1919751782	1369530815
1811995407	1369530831
2641236133	1369532428
2684021720	1369533857
2767560884	1369534098
2608259383	1369534436
2664126420	1369534688
2142643684	1369534791
1948652142	1369534906
2351139277	1369536258
2835120682	1369536375
2692409501	1369536485
2616842892	1369536498
1864804653	1369536593
2488642665	1369536632
2839362791	1369536890
2285861145	1369536969
2389318720	1369537240
1772523762	1369537317
2358828595	1369537899
2293059970	1369538097
2664145494	1369538416
1959724720	1369538680
2010052487	1369538843
2550731147	1369540347
1248020011	1369540389
2269782273	1369540844
2958364363	1369541368
1888867575	1369541376
2392115355	1369542977
2111378970	1369544747
1960177111	1369545135
1787837900	1369545139
2203508411	1369545423
1768203295	1369545476
2622197241	1369546936
2521018122	1369547290
1699058720	1369547616
2738732721	1369548020
2955693075	1369548208
2005176191	1369548423
2351892060	1369550027
2095914145	1369550886
2290817164	1369551136
2132469644	1369551425
2299668650	1369552350
3083410913	1369553293
2127258527	1369553768
2649492292	1369555450
2097088742	1369555461
2306584071	1369557136
3040637803	1369557415
3166256753	1369557540
1257567615	1369557828
2914490303	1369558296
2356618472	1369559766
2606327040	1369563398
2326541441	1369564694
2532317444	1369566735
2259401900	1369575853
2305796871	1369575997
1044654515	1369576233
2778492951	1369577269
2677496887	1369577772
2295010705	1369577881
1924658507	1369578019
2023688115	1369578236
1760809413	1369578565
2093634300	1369579127
1756467705	1369579481
1741584577	1369579713
2109548907	1369581853
2805846833	1369581924
1952925647	1369584857
1945261745	1369586818
3044115734	1369623462
2518317185	1369636320
2132532664	1369638010
1570753011	1369638194
2810270254	1369639919
1851628791	1369642082
1712140927	1369642445
2715907833	1369642567
2176648115	1369642715
2012424561	1369643049
2087625681	1369643352
1449448680	1369645169
2087625681	1369645577
1745755765	1369646071
2161684274	1369647182
2153246735	1369667971
2919493374	1369725612
1904361643	1369746862
1878042137	1369760125
1594495980	1369765838
1947536895	1369975181
3044655140	1370851268
3045233790	1370937277
2810824484	1370992614
1560981293	1371008998
2351892060	1371658194
2351892060	1373014148
1824837310	1373712452
