1922219715	1392118056
1918259167	1392118121
2078394007	1392118125
1670689021	1392118125
2202042140	1392118169
2855313611	1392118186
2418242115	1392118235
1824369347	1392118273
3815121618	1392118294
2107893782	1392118295
1880796724	1392118331
1725606580	1392118338
1961768073	1392118375
1811157520	1392118408
1449099782	1392118461
2128446340	1392118525
1778764770	1392118531
2147630292	1392118541
1864960482	1392118552
2662971221	1392118607
2851898452	1392118609
3957713753	1392118678
1639504694	1392118708
1625405112	1392118758
3988674383	1392118766
1973275015	1392118770
3041850972	1392118809
1869059774	1392118831
1974139970	1392118832
2792780750	1392118836
2702809374	1392118850
2994403540	1392118871
1809465180	1392118872
2910405675	1392118879
2509271032	1392118923
1704540820	1392118942
1772493252	1392118959
1664781854	1392118966
1227849065	1392118970
1661600823	1392119009
3213534487	1392119015
2078022573	1392119034
1897014635	1392119052
1966218841	1392119053
1751171504	1392119063
2448024221	1392119079
1679813843	1392119084
3511383555	1392119094
2945794265	1392119109
1710869960	1392119114
2603705221	1392119116
1932960407	1392119119
2215423487	1392119122
1302799111	1392119122
2390100443	1392119134
2827589770	1392119163
1715704882	1392119174
1912981930	1392119199
3221499720	1392119203
2628821712	1392119203
2820076460	1392119218
2274461510	1392119230
3178464372	1392119242
1762472112	1392119254
2096434544	1392119266
3262386611	1392119340
1787076132	1392119350
3916480123	1392119407
1930783787	1392119412
1660327410	1392119459
3887212281	1392119477
3929948444	1392119489
2232257481	1392119504
2017074275	1392119508
2706236930	1392119523
2409945653	1392119540
2880032412	1392119542
2319972770	1392119606
3974003754	1392119609
1420976262	1392119616
2796429571	1392119617
2572277551	1392119629
1967617247	1392119648
3349410200	1392119683
1949687024	1392119690
3027513751	1392119702
1627502135	1392119707
2779050052	1392119711
3187225401	1392119714
1444261911	1392119723
1575354524	1392119737
3964372431	1392119758
3981876773	1392119790
2440158922	1392119805
3962972401	1392119817
2970352310	1392119856
1795454271	1392119884
2956286884	1392119907
1942774083	1392119930
3100304505	1392119933
1797475472	1392119963
3226300483	1392120027
1228664565	1392120037
3497270955	1392120088
1834987795	1392120105
2658002783	1392120113
1663756667	1392120142
2613863727	1392120176
1782670603	1392120193
3869239573	1392120201
1595455574	1392120211
3433309294	1392120261
1642142232	1392120286
2995061763	1392120302
2391726161	1392120328
1864169994	1392120330
3657771013	1392120337
3558071181	1392120361
3926407911	1392120369
3967502136	1392120394
3965173483	1392120454
2796588962	1392120472
3911394510	1392120502
2153189504	1392120512
3846415249	1392120535
1962758855	1392120549
3427680702	1392120569
1118806240	1392120619
2836499360	1392120621
2199871635	1392120623
2529534115	1392120633
2720918935	1392120644
1266808153	1392120645
2584309824	1392120676
2708649551	1392120680
2738029823	1392120745
1190026564	1392120760
3192490393	1392120760
1962240015	1392120790
2564805285	1392120806
2210782004	1392120837
1064987515	1392120871
3190733974	1392120890
2081412053	1392120972
2929007762	1392121074
2594932965	1392121085
2701479104	1392121118
2392714292	1392121171
2294755105	1392121184
1666361373	1392121203
1687337332	1392121221
1966360413	1392121239
2655770821	1392121249
3146529200	1392121280
2697933640	1392121280
1739370334	1392121322
1745843115	1392121420
1873861837	1392121457
1401945490	1392121553
2660546822	1392121560
1549407554	1392121593
2281195432	1392121620
5017035469	1392121647
2300385301	1392121690
5031416117	1392121785
255844	1392121813
3296382784	1392121829
2698004244	1392121903
1911929594	1392121940
1587218715	1392121978
1762516185	1392122022
2900451211	1392122037
1677969002	1392122118
1820666977	1392122190
2484598037	1392122318
2293373924	1392122342
2753586633	1392122374
2391597401	1392122417
1747471131	1392122459
1945795057	1392122460
2218862205	1392122573
2613837051	1392122657
2008584647	1392122716
2367057160	1392122742
2395618697	1392122818
2404543981	1392122826
3072337970	1392122847
2066696753	1392122872
2970750567	1392122932
2491708345	1392123023
3209850553	1392123050
1953057030	1392123070
2170484275	1392123153
1245402090	1392123159
2285012852	1392123189
1155005015	1392123208
1774058101	1392123261
2397471873	1392123316
1771692921	1392123379
2655710922	1392123403
2182698952	1392123406
3251145754	1392123447
1836315082	1392123463
3100611924	1392123469
3262466080	1392123513
3291821162	1392123531
2631536191	1392123547
2646310451	1392123579
2103061212	1392123581
2971172854	1392123644
2009182001	1392123701
2479242401	1392123846
2309442034	1392123906
1890449330	1392123907
2099716213	1392123911
1785289880	1392124064
1756444705	1392124120
2175516225	1392124208
2094741217	1392124211
1655974515	1392124316
3208598293	1392124396
1856186067	1392124403
2762287493	1392124497
2370927015	1392124523
2765785573	1392124531
3553582485	1392124567
1668783145	1392124693
5020497210	1392124864
1249644380	1392124874
1895896415	1392124918
1068057644	1392124954
1652834017	1392125029
3188393354	1392125072
1915764337	1392125094
2318985774	1392125110
2804130580	1392125151
2169410164	1392125212
2095261804	1392125234
2385227112	1392125309
2386771105	1392125314
2061112042	1392125367
1751415965	1392125401
2182947302	1392125436
1312072573	1392125457
1565208660	1392125458
1946472451	1392125532
2174224734	1392125557
2693033683	1392125561
2169296142	1392125577
1213856445	1392125709
2344399803	1392125735
3013640891	1392125764
2415315627	1392125778
2985801211	1392125920
1832394947	1392126029
3194721305	1392126119
1660768177	1392126146
2323518554	1392126164
3129424613	1392126191
2861504814	1392126250
1825003932	1392126424
5028447568	1392126735
2462736212	1392126829
1955216092	1392126867
1896869907	1392126900
1906016255	1392126906
1953057030	1392126956
2645039913	1392126997
2442264164	1392127028
1735011263	1392127030
1017073347	1392127085
1919160742	1392127097
3561728805	1392127381
2987763027	1392127386
2327853262	1392127521
2513761564	1392127530
2769563527	1392127551
2792976900	1392127680
1618419134	1392127741
2607553831	1392127753
2590619634	1392127779
1939213547	1392127982
1793086190	1392128023
3032076282	1392128046
1635515245	1392128136
2565024823	1392128208
1093323640	1392128220
1957545970	1392128220
1350966692	1392128235
1565507611	1392128299
1768099352	1392128321
2179289592	1392128390
1732958903	1392128446
2080330581	1392128507
1734507511	1392128511
2419587571	1392128545
1869196662	1392128616
3823885217	1392128684
2706591101	1392128687
1971908311	1392128709
2933447864	1392128775
2588390680	1392128777
2654363187	1392128792
1631341187	1392128922
2044589097	1392128936
1933476123	1392128948
1427129295	1392128964
1774716617	1392128979
2818363424	1392128979
2313804542	1392128995
1704405814	1392129039
1908868377	1392129049
1758611627	1392129120
2150144757	1392129123
1082504183	1392129165
2074724313	1392129455
1774537044	1392129466
2653979803	1392129559
2563679072	1392129594
2292497981	1392129769
2536414140	1392129933
2292497981	1392130097
1776271973	1392130115
1780365127	1392130260
3533836067	1392130298
3487662627	1392130324
1865929605	1392130357
2818843787	1392130471
3137989747	1392130553
1093016390	1392130637
2280307782	1392130700
2657178182	1392130868
2401775985	1392130897
1839251270	1392131007
2977632881	1392131031
2708640672	1392131082
2804370092	1392131088
1469782190	1392131124
2707949050	1392131185
3030465285	1392131283
2388295075	1392131300
1932613001	1392131310
2126837382	1392131419
1882785662	1392131553
2534621220	1392131596
2038571701	1392131639
1989217243	1392131826
3230172090	1392131837
2178981133	1392131896
2245541057	1392131905
2111747440	1392131989
2176057415	1392132041
1857289022	1392132058
2559276467	1392132209
2641330237	1392132298
1877097361	1392132341
1609675241	1392132402
2813309452	1392132467
2146072635	1392132639
2194551091	1392132691
2828726874	1392132725
1883620495	1392133742
3811147785	1392133757
2729882727	1392133817
2463005467	1392133859
3612321820	1392134017
1948105017	1392134080
2802829522	1392134182
1656456445	1392134540
1563751384	1392134799
2516213714	1392134804
1342633821	1392135019
3714493037	1392135051
1803620582	1392135165
2979704164	1392135456
1782365693	1392135595
2174474971	1392135698
2414427303	1392135884
2918541782	1392136059
3418398090	1392136175
1925527480	1392136180
2162339484	1392136250
3092770207	1392136331
1745878361	1392136961
2746035573	1392137150
2734621722	1392137451
3146567277	1392137500
2180260450	1392137531
2680536605	1392137823
2414287967	1392138561
3169608447	1392138649
3151629460	1392138758
3837455769	1392138970
1222898317	1392139042
3190285165	1392139063
1750862254	1392139139
1738527532	1392139151
3227782834	1392139278
2255740930	1392139304
1757575065	1392139385
1859982880	1392139419
3874290202	1392139463
1989488981	1392139499
1078363241	1392139552
3608612214	1392139686
1866221651	1392139820
1632315634	1392140078
1045023923	1392140168
1769864791	1392140211
3275220595	1392140232
1918367545	1392140263
2338158023	1392140289
3825666328	1392140306
2628748211	1392140466
1584111642	1392140663
1929177451	1392140664
2214522611	1392140933
2371663511	1392141015
2438975652	1392141025
1885949063	1392141036
1766918353	1392141039
2727362643	1392141139
2099374771	1392141510
2005333393	1392141810
2748415891	1392142047
2805848454	1392142118
3292273445	1392142423
2480598017	1392142465
3056537551	1392142787
2559331084	1392143032
1974559912	1392144418
2939655745	1392144886
2808212913	1392145106
1836868390	1392145423
2114799170	1392146445
2970046952	1392147600
2348352425	1392148130
1155182954	1392150532
1621178447	1392151261
3095642831	1392152979
3206416252	1392156050
1775026057	1392157964
3482455770	1392158134
3125512147	1392159726
2292591565	1392160044
1886466554	1392161349
2034285953	1392161781
2814435774	1392161820
1879050731	1392161869
2456035275	1392161979
1801980310	1392162000
1245353917	1392162324
1748974941	1392162381
1750862254	1392162915
1939196735	1392163004
1941610004	1392163119
3076928511	1392163288
2615705065	1392163304
2030646641	1392163421
1322239284	1392163432
1502626540	1392163666
1967213235	1392164106
1898778801	1392164152
2042259155	1392164470
1838356114	1392165401
2515929630	1392165672
1984459337	1392165716
2641709931	1392165857
1440216464	1392165876
3224437940	1392165940
1279398274	1392169816
1065570252	1392169850
2682677030	1392170039
3511707761	1392170061
1795429880	1392170244
2463099272	1392170349
1868374800	1392170401
2303265521	1392170541
3090609883	1392170555
2516340460	1392170597
1243159290	1392170606
1980222147	1392170631
3164803135	1392170712
3090609883	1392170956
1980222147	1392171096
2136061000	1392171269
2136061000	1392171297
1824857210	1392171514
1810927264	1392171695
1973225577	1392171705
1957428165	1392171904
1897264884	1392171933
2614254065	1392171981
2136061000	1392172055
2717800661	1392172213
1930200707	1392172292
1957428165	1392172378
2614254065	1392172482
2601863923	1392172491
2010208203	1392172695
3122904262	1392172753
1889877132	1392172888
1819488691	1392172925
1767899632	1392172957
1826606192	1392173051
2161708532	1392173191
1908766834	1392173225
1690059495	1392173226
1619527887	1392173315
2122870115	1392173376
2405338073	1392173504
1886205652	1392173512
2640868165	1392173514
1855061537	1392173517
3277938405	1392173577
1999312903	1392173602
1377931867	1392173619
2551436697	1392173633
1728944822	1392173662
2868287392	1392173704
1774272731	1392173725
2836007511	1392173747
2815184830	1392173764
1706408264	1392173782
2846981262	1392173799
1729640754	1392173819
2672859457	1392173826
3809955813	1392173840
1763184821	1392173935
3058647471	1392173937
2511554575	1392173968
2910661533	1392174123
3023810463	1392174124
2860989552	1392174148
2119800533	1392174169
3166506437	1392174272
2122646654	1392174282
1911300617	1392174299
2649164312	1392174313
2102107234	1392174413
2737232493	1392174415
3286841344	1392174485
2164154963	1392174568
1657454605	1392174596
1854185713	1392174637
2082951033	1392174645
1292287387	1392174670
3632086341	1392174672
5019059746	1392174871
1764066814	1392174982
1732205957	1392175045
2734935357	1392175059
3241999254	1392175107
3823831192	1392175133
3171584423	1392175160
1996091283	1392175218
2583659450	1392175252
1886120820	1392175302
1934084305	1392175303
1975126741	1392175389
3173273637	1392175427
2558879047	1392175428
3589396673	1392175449
1803236321	1392175480
1826215601	1392175490
2606953481	1392175497
1886120820	1392175526
3660392975	1392175528
1935538767	1392175597
1788469477	1392175602
1512137082	1392175613
2972625970	1392175659
2580998582	1392175724
2775011793	1392175823
1850752537	1392175847
3351165250	1392175872
3730116450	1392175902
1738583255	1392175932
2923778312	1392175982
5027502003	1392176033
3416118162	1392176047
3472629084	1392176197
2213372581	1392176242
1704126040	1392176305
3609113977	1392176505
1785127707	1392176569
2003479433	1392176643
2006440845	1392176687
2783359791	1392176704
2696309230	1392176717
2541207593	1392176784
2650441132	1392176913
1815459995	1392176957
2209891330	1392177000
2618390527	1392177111
2008350695	1392177133
2066061995	1392177189
1796547835	1392177242
1971504423	1392177356
2868102232	1392177449
2804920682	1392177485
1628426382	1392177490
2070744130	1392177606
3196414701	1392177836
3012270545	1392177943
1995905443	1392178017
5033100441	1392178024
2199686231	1392178123
2208599231	1392178246
1789996630	1392178392
2948443613	1392178446
1958163131	1392178655
1938925634	1392178675
2745740243	1392178688
3319244103	1392178875
1977541585	1392178887
1917694320	1392178947
2857856872	1392178985
1889292063	1392179005
2164110163	1392179077
1800140302	1392179100
3975328023	1392179101
1817018602	1392179110
3235107184	1392179118
2761740825	1392179241
1629778897	1392179283
2291618404	1392179348
1956967221	1392179355
2080839455	1392179387
1989488981	1392179446
1045023923	1392179521
2291618404	1392179527
2479552607	1392179555
3449903874	1392179622
3265970775	1392179735
2657911332	1392179784
3284424002	1392179823
1236724961	1392179889
1682813154	1392179928
1769931673	1392180019
1585389704	1392180089
2626613047	1392180148
1772301252	1392180238
1935987167	1392180451
1806754410	1392180459
3072697757	1392180567
3701790881	1392180577
2166019561	1392180598
1935347887	1392180626
2911944673	1392180753
1837231197	1392180831
2106928373	1392181032
2708622023	1392181193
1273958485	1392181277
2804245960	1392181279
2359775194	1392181288
3087661131	1392181647
2420523985	1392181652
1879423630	1392181688
3201815147	1392181704
1560900760	1392181942
2025045687	1392182046
3479937547	1392182305
1962319817	1392182391
3556785535	1392182976
2630707562	1392183124
1797987253	1392183143
3044076752	1392183194
2361035660	1392183215
1698785942	1392183321
3498517105	1392183437
1971631553	1392183490
2619293783	1392183510
3931487635	1392183587
2821508154	1392183661
1776466733	1392183707
1767620292	1392183708
2402218523	1392183715
3526851732	1392183744
1838240094	1392183760
1628684190	1392183786
2322694715	1392183789
2175209850	1392183811
2213657273	1392183813
3539757097	1392183850
2631360410	1392183854
2902839561	1392183857
2890892625	1392183873
1781655680	1392183896
2658002783	1392183897
1822732452	1392183940
3805113257	1392183941
2604705635	1392183948
3688014002	1392183977
3603145712	1392183982
2945378327	1392184002
2327236644	1392184018
2824811240	1392184026
3961839109	1392184082
1965362381	1392184085
2405254070	1392184138
2166814083	1392184139
1826779861	1392184171
1106572737	1392184182
1629928034	1392184227
2300516382	1392184237
2477898961	1392184257
2175598143	1392184266
2433811222	1392184279
2129976662	1392184295
2359471795	1392184297
2033252465	1392184407
3859343688	1392184408
2441771335	1392184418
3045960470	1392184442
2253570837	1392184448
3187747705	1392184526
2307146600	1392184544
2795753834	1392184624
1082631660	1392184652
2611249405	1392184675
2064929823	1392184678
1640249805	1392184755
3163607303	1392184765
3170968475	1392184780
2807254542	1392184787
3190900137	1392184794
1844700544	1392184813
1633523815	1392184825
1962255663	1392184865
2400890702	1392184865
1699140004	1392184886
2778302301	1392184888
1899565491	1392184926
1810080525	1392184928
3894970169	1392184949
2935821941	1392184980
1832434211	1392184985
2421896753	1392185089
2717296903	1392185135
2016262774	1392185290
2504871335	1392185349
2158239742	1392185455
2611705013	1392185463
2447672691	1392185588
2582723107	1392185662
1765119910	1392185687
3103082495	1392185718
1864177714	1392185772
3043663840	1392185781
1662211912	1392185792
3161066555	1392185880
1933393937	1392185898
2183091851	1392186045
2039211162	1392186095
3482455770	1392186143
3119415563	1392186197
1961526462	1392186254
2854535442	1392186274
2733021123	1392186362
1732755083	1392186386
2562366293	1392186464
2493423575	1392186471
3116795137	1392186476
2172373520	1392186483
3062129305	1392186518
3747753151	1392186678
1935914191	1392186733
2913687600	1392186750
1820222055	1392186767
1783306972	1392186814
1700764761	1392186928
3274839261	1392186935
1746442757	1392186979
2805272612	1392187032
1774246742	1392187075
3695629983	1392187135
3496633274	1392187140
1315326827	1392187167
1983777313	1392187170
3448962210	1392187349
2116397925	1392187523
3142203415	1392187564
1971504423	1392187625
2495018467	1392187735
1959955431	1392187765
3240692574	1392187789
2102824611	1392187795
2815836791	1392187815
1966218761	1392187820
2558025770	1392187838
1956582204	1392187890
3799502662	1392187908
1931733927	1392187914
2549018340	1392188047
2006868727	1392188142
1844919572	1392188194
1928657467	1392188254
1765335300	1392188315
1765335300	1392188323
1974433033	1392188328
3501835824	1392188359
2307228470	1392188359
1914623775	1392188362
3148659062	1392188385
2286392240	1392188399
1783761811	1392188403
1932986295	1392188405
1768049273	1392188427
2398741791	1392188435
1765335300	1392188436
2553880415	1392188444
1767457310	1392188456
1773699925	1392188463
2037451144	1392188469
1813946954	1392188475
1236142707	1392188485
1980698864	1392188496
3388128374	1392188514
2037451144	1392188516
1759551787	1392188538
1112020004	1392188543
2772174647	1392188554
2684763741	1392188555
1909306631	1392188587
3831709401	1392188591
1477241600	1392188599
1851671400	1392188600
2315950577	1392188602
2759880425	1392188633
2236595761	1392188647
1436128783	1392188657
1896605312	1392188668
3710810730	1392188673
3017120153	1392188693
2136933420	1392188706
2603698462	1392188714
1791853064	1392188743
2730695773	1392188793
2538622802	1392188814
2787389100	1392188819
2141523802	1392188832
2352099167	1392188834
3477655280	1392188854
2108063411	1392188876
2177933153	1392188950
1848277362	1392188971
3949706425	1392188973
3476342894	1392188995
2962971141	1392189095
2315014512	1392189113
3319178203	1392189131
2736316233	1392189160
3645167811	1392189165
3193543540	1392189174
1585360557	1392189192
1951296985	1392189193
2559146785	1392189252
2010103853	1392189262
2617485302	1392189295
1822191113	1392189301
5028039528	1392189323
3807898323	1392189408
1558124904	1392189437
1897778225	1392189472
1483586250	1392189472
1519042801	1392189528
3178521171	1392189531
1955024955	1392189553
1858719957	1392189590
2046742523	1392189622
2882097280	1392189713
2425717164	1392189718
2860113190	1392189742
2694280703	1392189778
3285096260	1392189784
1890048823	1392189819
2289518452	1392189825
2391714157	1392189833
2957926314	1392189854
2513834331	1392189859
1540801882	1392189899
3225217601	1392189918
3983592509	1392189921
1594303383	1392189936
1307431455	1392189971
3525159285	1392189976
1839475092	1392189983
1605330663	1392190057
2409343677	1392190065
3213557910	1392190129
3253620102	1392190133
3625388182	1392190247
3285905031	1392190259
1141015367	1392190267
2490741442	1392190276
3622112447	1392190281
2284820040	1392190351
1656205550	1392190422
2212833492	1392190450
2725622455	1392190457
3845552092	1392190509
3982363728	1392190511
1891214942	1392190525
2278330972	1392190615
2303740541	1392190676
2000610483	1392190697
2123813991	1392190744
5025571611	1392190861
2325876750	1392191034
2869499297	1392191093
2514757562	1392191111
1980630085	1392191132
1639709824	1392191170
3286885410	1392191188
3008345277	1392191236
2310486781	1392191267
2733147431	1392191341
2216727900	1392191342
1956073085	1392191450
3488980005	1392191470
1863477604	1392191547
2436177312	1392191682
2054868871	1392191811
3994686042	1392191978
2258318061	1392191991
2082365473	1392192064
1657625381	1392192075
1556798092	1392192082
3920793374	1392192170
2295527334	1392192190
1959153883	1392192215
2233168357	1392192216
3657305447	1392192247
1931576524	1392192285
2280811923	1392192325
1777089504	1392192373
2244567853	1392192424
2789713990	1392192554
1701349142	1392193042
1759907863	1392193424
1997983637	1392193514
5019320827	1392193539
2612050801	1392210397
2628097887	1392210448
2183746782	1392210500
3951260451	1392210659
2605536631	1392212729
2257701674	1392213085
2251927042	1392213732
3776670012	1392213800
2164604111	1392214182
2386881634	1392215695
2530915172	1392218696
1773355327	1392218877
2530915172	1392218915
2849652553	1392219022
2278500463	1392219094
1994776244	1392219401
2656052650	1392219752
2733982383	1392220003
1801493344	1392220127
3168598114	1392229668
2736759370	1392231618
1933541995	1392232650
1768735274	1392233817
3498038960	1392246294
2789650434	1392247505
3930901402	1392250509
1778180862	1392251104
2919756714	1392257044
3043515520	1392257960
3044650510	1392259034
2914380945	1392261781
2919392764	1392263508
1803850402	1392264959
2920311262	1392268935
1837395977	1392268974
3294070061	1392270084
1205643871	1392272789
1416176764	1392276429
2920648504	1392276695
2388280162	1392280085
1805264855	1392287045
2916899175	1392289896
3154254612	1392291105
3195093832	1392291226
3271376564	1392304966
2272309355	1392345978
1748713240	1392347723
2920039500	1392350259
3146893501	1392355936
2808627132	1392358375
3045053000	1392359035
1776523200	1392360059
2919313540	1392362659
2789958392	1392364224
2789962902	1392367294
2811268984	1392367502
2485307162	1392368181
2194747090	1392368404
1971563447	1392376082
2320683093	1392378215
2919728894	1392383117
1676743494	1392388821
1926391423	1392390934
1784390961	1392392574
1767393210	1392398283
3044577872	1392422600
3044956674	1392426861
2810015500	1392429967
2919326592	1392433067
1574453301	1392434582
2920043292	1392439198
2920281764	1392441930
2920288912	1392443122
3123763043	1392448789
2920637934	1392455969
2919730480	1392456028
2789829064	1392456377
2472477201	1392462594
2920204492	1392510292
2919462732	1392511004
2920551172	1392518706
2810898080	1392523404
2919909202	1392528606
2919716530	1392530317
3043808320	1392604457
1583857803	1392606482
1911089214	1392704521
2304958037	1392704687
3568273847	1392705214
2919303972	1392715797
2429468662	1392717765
1588977350	1392718626
1842109521	1392719261
3043588200	1392729518
1582781805	1392730375
2789745430	1392732810
2803644080	1392733361
3043895200	1392742110
3926537514	1392742201
3044949662	1392750242
1582656990	1392752755
2920520010	1392859625
2808297170	1392870214
2168504383	1392874520
2920594760	1392945520
3044246674	1392957859
2920398314	1392962773
2919767220	1392992046
2707568981	1393017339
2804243980	1393035635
3043452940	1393044641
1440454830	1393047707
2742635444	1393291090
2810859484	1393376229
2809626444	1393377667
2804002570	1393396555
1582734797	1393398154
3045237514	1393462196
3045038614	1393462878
2920593394	1393750748
3044624864	1393788226
2919904674	1393800962
2808143714	1393806061
3043563114	1393828342
3043669024	1393831238
3044050204	1393976172
1437567624	1394065601
3043806694	1394161266
3044391620	1394262338
2919540732	1394336700
1778269090	1394522368
1081204472	1394772229
