2144576481	1394894385
2361637740	1394894428
2158031787	1394894443
1715097453	1394894477
5019584582	1394894485
1072374450	1394894492
1897422374	1394894492
1862572384	1394894492
1780402945	1394894498
2122844433	1394894505
2249831254	1394894505
2033635233	1394894510
2782274093	1394894511
2919379401	1394894512
2111861384	1394894520
1789046582	1394894524
1768279514	1394894533
1829425390	1394894534
2475428572	1394894536
2065392205	1394894543
2300417640	1394894547
1436663372	1394894548
2106046614	1394894550
2260877822	1394894556
1843316911	1394894557
3040770555	1394894559
1769171243	1394894571
2670036921	1394894572
2166098961	1394894577
2012879194	1394894577
1674782865	1394894578
1810897582	1394894588
2374221717	1394894588
2046071792	1394894589
2932617621	1394894590
1908320850	1394894594
2547944375	1394894597
5022875102	1394894608
1645026771	1394894610
1712252473	1394894623
2169156525	1394894627
1761213261	1394894627
2463304133	1394894628
2271209545	1394894641
1738000321	1394894642
1773975510	1394894646
2688275302	1394894647
2121840750	1394894648
1866163550	1394894648
1909892364	1394894649
2901479951	1394894658
2617801823	1394894666
2208347594	1394894681
1414864994	1394894682
2452021680	1394894684
2124567397	1394894687
1671252884	1394894692
1609226001	1394894693
1927890245	1394894696
1768371827	1394894698
1279971907	1394894698
2756488095	1394894704
1815305961	1394894708
1795506775	1394894708
2965560900	1394894710
1932004191	1394894711
1911959382	1394894713
2177520752	1394894714
1510483722	1394894715
1962488183	1394894716
2036147545	1394894717
1526413131	1394894717
1750532494	1394894720
2980061357	1394894722
2645458863	1394894725
1429246252	1394894727
3263381782	1394894728
1800150140	1394894729
2255104793	1394894731
2139916003	1394894731
2558454240	1394894736
1862255361	1394894736
1884699230	1394894738
3831525029	1394894746
1634849087	1394894763
1743712061	1394894764
2255472391	1394894766
1856264102	1394894768
1645988994	1394894768
1919751501	1394894769
2036699970	1394894775
1720125692	1394894777
2686108451	1394894786
1674096405	1394894786
3616541150	1394894786
3151165104	1394894787
1918251191	1394894794
2403662361	1394894796
2697686822	1394894796
3178649295	1394894798
1767966704	1394894799
3828628628	1394894801
1831588301	1394894802
2109570267	1394894804
2466178252	1394894804
3941543187	1394894805
2617987667	1394894810
2035662023	1394894813
3023534383	1394894817
1283021981	1394894818
1714863017	1394894821
2214103643	1394894822
2199196730	1394894825
2014368394	1394894827
2332601362	1394894830
2818051577	1394894832
1517843174	1394894835
2164414463	1394894838
1935758055	1394894841
2836449122	1394894847
1747268450	1394894851
2048584243	1394894853
2617829055	1394894856
2704001860	1394894856
2963885421	1394894858
1870443482	1394894864
2272002494	1394894868
3772458291	1394894878
2090339100	1394894881
1783117907	1394894890
2085561907	1394894896
3227173121	1394894907
2624040235	1394894912
1815067395	1394894919
2144591347	1394894924
1893106121	1394894925
5063746304	1394894929
1799988421	1394894933
2408838374	1394894942
1765920631	1394894947
1135666207	1394894951
2036802381	1394894957
1572029563	1394894958
2337138911	1394894959
3205535980	1394894971
1863087227	1394894992
2640198587	1394894993
1517843174	1394894997
2456870830	1394895003
1093269744	1394895004
1556317054	1394895006
2451527042	1394895007
1266843991	1394895007
2886897694	1394895017
3794231437	1394895020
1537769324	1394895020
2700308400	1394895021
1773665110	1394895023
2538570684	1394895027
2134545094	1394895027
1562283647	1394895031
2638966185	1394895038
1842300703	1394895044
1883810215	1394895055
2378858145	1394895055
1898390095	1394895056
2584335334	1394895064
1683334171	1394895066
1781434162	1394895067
1911174601	1394895068
3195668911	1394895068
1348061810	1394895069
1683353761	1394895070
1784704833	1394895070
1692259967	1394895081
1861002822	1394895084
2358801201	1394895086
1902707200	1394895088
1806553142	1394895090
2375472702	1394895094
1915058523	1394895094
3943862287	1394895095
1883577337	1394895097
2017338647	1394895102
1826981935	1394895106
2651850423	1394895117
3106617613	1394895118
1871099503	1394895129
1739701393	1394895133
2189134317	1394895134
1403134603	1394895141
2670599815	1394895148
1372385027	1394895148
2388179940	1394895148
1720694027	1394895149
2520549721	1394895163
2643873044	1394895175
2123437693	1394895176
3270014260	1394895198
1963010615	1394895207
3172809444	1394895209
3172809444	1394895219
1765684221	1394895220
1862069315	1394895222
1806441032	1394895232
1784704833	1394895237
2217134932	1394895238
1607724680	1394895242
1848118774	1394895242
1880667813	1394895256
2975853691	1394895263
2269882025	1394895269
2679033040	1394895278
1805724140	1394895279
2992054103	1394895281
2847891680	1394895285
1637324782	1394895288
2992976530	1394895290
1780320530	1394895290
1847255113	1394895299
2516716617	1394895304
3225006850	1394895306
2861726302	1394895308
1600608580	1394895312
3978140206	1394895316
2718119204	1394895322
1811534613	1394895323
2279797093	1394895323
2832912320	1394895332
2487732974	1394895333
3175910850	1394895333
3146220462	1394895334
2492933881	1394895345
1991430247	1394895354
1771450012	1394895361
1933060547	1394895363
2002522305	1394895363
2804557885	1394895374
2267829151	1394895381
3970961447	1394895381
2758381352	1394895382
2110162185	1394895386
2617266501	1394895392
1829523023	1394895398
2144463687	1394895400
1805689840	1394895401
1769123020	1394895412
1884291094	1394895418
2632749831	1394895419
1264409725	1394895420
1929962844	1394895420
1596946661	1394895422
1613475621	1394895422
3846954728	1394895423
2276819787	1394895426
1196380353	1394895427
5062877346	1394895429
2520549721	1394895433
1683489503	1394895435
2372516197	1394895436
2198754762	1394895440
2164643910	1394895446
3255324892	1394895477
2487906484	1394895495
1782764083	1394895500
2256556687	1394895504
2770828583	1394895510
2690920951	1394895512
1677696751	1394895515
1882433972	1394895516
2720386094	1394895521
3814514000	1394895523
1763644794	1394895526
3483144204	1394895528
1837184673	1394895536
2119737975	1394895536
2017202852	1394895543
1676007784	1394895552
1891216592	1394895559
1747019910	1394895564
1744461327	1394895572
3008038891	1394895572
1218336860	1394895572
1283614095	1394895584
2621202811	1394895585
2237650657	1394895589
2219597972	1394895601
2720399327	1394895601
3029231193	1394895602
2646242761	1394895608
2603660217	1394895609
1778084597	1394895610
3026768865	1394895611
1800037275	1394895616
1750288125	1394895619
1949438212	1394895630
3123679342	1394895631
1791505604	1394895632
2453508694	1394895633
2835325642	1394895634
2323550732	1394895642
2526575534	1394895651
1622099873	1394895654
1698416030	1394895656
3358098782	1394895670
1591168275	1394895676
1855277165	1394895681
2552823292	1394895694
3032029433	1394895707
3305185485	1394895715
1795031617	1394895732
3973002861	1394895744
1793705587	1394895745
1877176241	1394895747
3787492672	1394895751
1434395525	1394895760
1750337291	1394895774
1831298733	1394895776
1664815075	1394895783
1867493462	1394895787
1222515350	1394895793
3771105943	1394895796
1708236870	1394895800
1930082525	1394895812
3157043103	1394895816
2106359362	1394895825
1785858684	1394895825
2689700472	1394895828
2552295727	1394895830
1936813034	1394895831
2997437694	1394895843
3453475602	1394895845
1978863271	1394895874
1956699464	1394895886
2308956330	1394895892
2111690703	1394895892
2368101395	1394895901
3478712004	1394895908
2180056345	1394895911
2865126495	1394895912
1808216702	1394895921
3191978302	1394895935
3216609783	1394895954
2070332687	1394895958
3028850521	1394895970
1305132127	1394895971
2717800661	1394895972
1851044174	1394895992
1784113505	1394896002
2242742433	1394896017
3254707237	1394896018
2871634842	1394896019
1766123073	1394896026
1950995235	1394896028
2814045250	1394896039
1864287450	1394896044
1920340875	1394896044
3494295590	1394896054
1736792934	1394896060
1660970937	1394896092
1891080530	1394896097
2608097485	1394896100
1729121654	1394896122
2738921443	1394896134
3301993341	1394896141
2254087321	1394896150
3279781251	1394896163
2694281380	1394896164
1861938534	1394896165
2439196517	1394896175
2709691601	1394896183
2474764201	1394896183
2086434351	1394896191
3934273404	1394896203
1917456802	1394896207
1527347244	1394896209
3286046671	1394896219
3427393204	1394896222
2080889611	1394896225
2386391655	1394896230
1275559867	1394896246
1853901885	1394896259
1959807613	1394896260
1824017433	1394896273
1748875144	1394896275
1768511340	1394896278
3153174095	1394896286
1867608342	1394897698
2528038877	1394897701
1946725337	1394897705
3941418699	1394897705
2711667554	1394897707
2249720481	1394897707
3768007377	1394897710
3465640964	1394897717
2215928315	1394897718
2976527681	1394897727
1848334955	1394897729
1087255855	1394897732
1772412121	1394897735
2344779303	1394897737
2490743601	1394897743
1856814050	1394897743
1990704142	1394897753
2232207481	1394897765
5065122695	1394897771
2249180623	1394897776
2728205061	1394897776
2354560420	1394897783
1762399525	1394897788
3584470334	1394897802
1885233705	1394897808
2418979471	1394897813
2543701944	1394897816
2937686631	1394897817
1770573027	1394897820
1837246412	1394897822
2647526463	1394897850
3808940201	1394897856
2908074944	1394897878
1769670084	1394897894
2191277594	1394897905
3028595171	1394897906
1996688035	1394897908
1629104622	1394897916
2875629212	1394897921
1840816175	1394897926
1211311593	1394897928
2696890762	1394897937
1116336627	1394897951
3133753601	1394897977
2136389144	1394897981
3180415827	1394897985
2993112983	1394897991
3244125395	1394897999
1782967657	1394897999
1746833753	1394898007
2020550913	1394898008
2723918714	1394898008
2824664333	1394898015
3860134941	1394898016
2259010767	1394898017
3682131341	1394898020
1279881384	1394898026
2617966552	1394898042
1810773111	1394898046
1640908395	1394898059
1948534642	1394898069
1908228285	1394898071
1714870690	1394898073
2747980181	1394898078
1851879740	1394898080
1924253660	1394898085
1774233983	1394898088
1892296284	1394898097
2651524531	1394898098
2664494117	1394898112
2636988951	1394898126
2687082571	1394898127
2282625561	1394898134
2634324843	1394898144
2303379325	1394898144
1785741713	1394898147
1756605491	1394898149
1892468970	1394898150
1795536514	1394898153
1814239480	1394898159
3541002327	1394898161
1704355595	1394898174
1728435043	1394898192
2278801951	1394898201
3839092362	1394898205
1752900922	1394898207
1897105185	1394898223
1757668001	1394898225
1792583495	1394898228
1763683453	1394898243
2819908761	1394898261
1580149297	1394898266
1770187882	1394898269
1954598024	1394898270
3187931543	1394898270
2156812530	1394898282
3896220173	1394898282
1903727582	1394898283
3280960744	1394898323
2127812144	1394898333
1965149251	1394898337
2833712324	1394898347
2663182741	1394898356
1768627667	1394898362
1804313517	1394898364
2189957094	1394898378
1837906334	1394898380
2132192764	1394898382
2773743703	1394898390
3941270334	1394898394
1949541147	1394898404
2703277414	1394898406
1656576355	1394898416
3822269279	1394898417
2427488012	1394898417
2416024354	1394898419
2258414874	1394898420
1837125331	1394898426
2532133231	1394898427
2473830575	1394898434
1869685485	1394898442
2447947564	1394898446
1790749335	1394898448
2406593077	1394898452
2454354503	1394898456
1936289754	1394898458
1883112585	1394898459
1860687494	1394898479
1750703261	1394898493
2267339015	1394898515
1768602245	1394898515
1849409661	1394898518
1847114321	1394898524
1782601732	1394898546
2145326007	1394898547
1870353082	1394898548
1774525074	1394898550
1758039931	1394898566
2456361485	1394898567
3333246952	1394898571
3243379004	1394898584
1773233384	1394898587
2559656291	1394898603
3690218680	1394898603
3971779119	1394898626
2271639593	1394898631
1752777464	1394898635
1910509211	1394898635
1558188430	1394898643
1797273015	1394898648
2104075051	1394898651
1892436622	1394898653
1729561590	1394898655
1898332945	1394898662
2912860961	1394898664
1204555434	1394898672
1748728964	1394898673
1579545395	1394898677
3839084259	1394898680
3672811775	1394898686
2879798244	1394898688
2080093490	1394898691
2174331134	1394898695
2123270553	1394898704
3965441420	1394898709
1054741814	1394898721
2689357340	1394898725
2432537214	1394898727
3932796570	1394898733
1581132537	1394898733
1965757475	1394898743
2110704723	1394898751
1416689952	1394898753
1253676302	1394898756
2792560631	1394898762
1815780373	1394898765
1888847832	1394898765
2338864107	1394898772
2392127440	1394898780
2972713847	1394898781
3654198251	1394898782
1848108365	1394898792
2198576433	1394898798
1400766852	1394898806
2248457780	1394898817
3579206571	1394898818
2215101152	1394898830
2720471984	1394898831
1000663632	1394898836
1663055941	1394898841
3579486607	1394898847
2405139481	1394898849
2950984930	1394898859
2101308555	1394898860
1262719861	1394898867
5053522147	1394898868
2441969150	1394898868
1890905625	1394898874
1728163690	1394898880
1371101642	1394898880
2421793011	1394898883
1967184371	1394898883
5031580607	1394898908
2629318354	1394898913
3046758995	1394898929
1671266467	1394898930
1865755285	1394898930
1802711440	1394898935
1782877375	1394898941
1367386994	1394898942
1609508061	1394898943
1808468700	1394898949
2908471957	1394898953
1823868005	1394898959
2163983753	1394898961
1944151965	1394898961
3756367225	1394898966
1456550593	1394898972
1854188392	1394898974
2481131843	1394898976
1915097634	1394898985
2365206477	1394898998
2284067512	1394899000
1434395525	1394899003
1906331301	1394899012
2003125123	1394899013
2246790810	1394899017
1865552802	1394899018
2482989675	1394899020
2453182720	1394899029
2709308521	1394899031
1665891343	1394899035
5060218343	1394899037
2249551240	1394899056
2322900942	1394899062
2441330824	1394899066
2269758463	1394899069
2328639212	1394899079
1953333133	1394899080
1988595491	1394899109
2149813422	1394899114
2171053614	1394899122
1950511815	1394899123
1691056630	1394899136
1670009481	1394899143
1900536491	1394899154
1744990167	1394899162
1257737321	1394899164
2305133241	1394899178
2609670767	1394899189
1871288414	1394899189
1845028531	1394899202
1720367182	1394899205
2863245252	1394899251
1611425595	1394899267
1897908563	1394899269
1953587064	1394899283
1884801013	1394899284
3948007980	1394899299
1820617727	1394899311
1390660921	1394899319
1307512813	1394899320
1979506651	1394899320
2185203825	1394899327
3977519189	1394899337
2000030703	1394899362
2061956783	1394899363
2106845244	1394899370
2081172905	1394899371
3225169120	1394899373
2721311451	1394899389
1577569432	1394899389
3867417281	1394899394
1915900491	1394899417
1784063350	1394899422
1978452435	1394899435
2331123581	1394899436
1745018861	1394899444
1562929072	1394899445
2256637047	1394899446
1870734501	1394899453
2630469811	1394899456
3181258801	1394899464
1787423887	1394899476
2435867042	1394899484
2242420232	1394899508
2245138104	1394899513
1967692524	1394899519
2348185831	1394899525
2023400777	1394899530
1760785895	1394899535
3219137874	1394899540
1868969132	1394899540
3134466015	1394899548
2442193344	1394899570
3194342401	1394899572
1810793360	1394899576
1926372551	1394899578
2184770757	1394899585
3788564512	1394899594
1881640267	1394899608
2424955177	1394899608
2454079184	1394899611
2113395077	1394899613
1865639232	1394899621
1998995970	1394899640
2690360477	1394899643
1919940885	1394899644
2826589480	1394899647
2036906482	1394899650
2485788984	1394899652
1980904705	1394899658
1844954415	1394899658
2822904055	1394899662
3952133995	1394899664
2300608350	1394899667
1837517727	1394899681
1772859307	1394899682
1562610284	1394899690
3062082273	1394899714
1789400163	1394899737
1805068140	1394899747
1630947394	1394899753
1774599222	1394899756
2275320213	1394899763
2948524193	1394899767
1518910601	1394899768
2867927330	1394899780
3481995931	1394899782
1854679300	1394899783
2819556324	1394899791
1833036797	1394899830
2113706065	1394899833
1748285717	1394899835
1860934962	1394899836
2937041953	1394899837
2800848975	1394899838
1771915031	1394899838
2363427220	1394899848
1002962115	1394899865
1278513081	1394899878
3900448145	1394899879
3974207891	1394899879
1567466807	1394899882
1211302293	1394899891
1171287577	1394899898
3251787622	1394899901
1879432002	1394899926
1641180121	1394899944
3815051413	1394899952
2377950890	1394899952
1964858680	1394899961
3894253613	1394899972
2029642065	1394899978
1826015087	1394900005
3561614281	1394900010
1720764683	1394900014
1843801911	1394900014
3225535910	1394900023
3732231174	1394900032
2871946217	1394900039
3953469392	1394900039
1051580004	1394900044
2266310982	1394900045
1898103991	1394900047
1821217421	1394900052
1619473752	1394900100
1692770662	1394900102
1693297295	1394900110
2315641017	1394900113
3187929463	1394900124
3063221357	1394900135
1778443117	1394900137
3277697390	1394900139
2891770203	1394900140
2649719333	1394900160
2463614930	1394900162
3173752114	1394900179
2675380483	1394900196
2428572091	1394900209
1629894285	1394900222
3008426863	1394900229
1910310205	1394900238
2356799764	1394900259
2597885354	1394900264
2921183463	1394900267
2547038551	1394900273
3807853184	1394900284
2321597644	1394900285
2282749170	1394900286
1897667685	1394900287
2831242652	1394900310
1889083370	1394900328
1628301381	1394900329
3929447917	1394900332
2249676790	1394900371
2397950024	1394900372
3811686224	1394900373
2938163875	1394900375
1955189214	1394900380
2651516261	1394900404
2756269727	1394900409
2268381831	1394900418
1959208813	1394900424
2077626614	1394900438
2196196692	1394900461
2912860961	1394900464
2549126565	1394900469
1067328011	1394900481
1963043643	1394900496
1740606914	1394900507
2213225141	1394900511
3798394653	1394900527
1856024862	1394900528
1214075051	1394900535
1735338623	1394900545
3213694055	1394900550
3757789762	1394900553
3570266801	1394900557
3189231225	1394900559
3635683053	1394900571
2015714875	1394900574
1596292680	1394900576
3823622272	1394900579
1775407985	1394900580
3281584304	1394900583
2283363013	1394900605
2304789823	1394900621
1856740531	1394900626
3101147185	1394900636
1996576193	1394900647
1737867482	1394900650
3142592360	1394900658
2491054685	1394900665
1757451975	1394900727
1677510225	1394900729
3042814503	1394900750
2931614027	1394900752
1664745035	1394900763
1824752963	1394900765
3009873045	1394900770
3878206747	1394900779
3787284364	1394900811
1631455300	1394900836
1634989650	1394900840
3791707837	1394900843
2330607163	1394900900
3473479284	1394900935
1947054211	1394900939
1743563550	1394900970
2259406402	1394900995
1797858865	1394901006
2772258067	1394901071
2406753425	1394901100
3949901750	1394901115
1623865580	1394901132
3953821056	1394901147
3065809715	1394901169
2130802781	1394901175
2817914811	1394901190
1885079337	1394901198
1066449537	1394901240
1774561963	1394901266
1646077244	1394901283
1783228084	1394901325
1989331950	1394901358
1745549883	1394901358
2286363215	1394901401
2608735602	1394901444
3293960087	1394901548
1922108235	1394901607
2168216341	1394901622
2837913591	1394901636
1870468607	1394901654
3514373054	1394901673
2530757824	1394901728
1784737187	1394901739
2389357222	1394901752
2654273152	1394901785
1663766267	1394901792
1341653880	1394901828
2814861067	1394901852
2104594390	1394901896
1715982990	1394901925
2299884940	1394901941
1759094243	1394901956
1664029792	1394901956
3345553950	1394901977
1688440942	1394901983
2169012481	1394901994
1749035445	1394901998
2053922391	1394902121
2760911817	1394902140
1893018472	1394902233
2026898323	1394902312
1928285520	1394902312
1799921053	1394902318
2385704487	1394902328
3721205901	1394902357
1807124065	1394902469
2499317894	1394902492
2642088903	1394902494
2961920784	1394902537
3525542475	1394902632
1864783154	1394902640
2279621105	1394902690
3006607013	1394902700
2724080014	1394902906
1727655903	1394902911
3030729563	1394902980
2210184331	1394903003
1942438993	1394903016
2285480727	1394903041
2608342615	1394903100
1676551201	1394903138
1148193717	1394903158
2736706683	1394903373
1842330522	1394903414
2792565870	1394903445
2721538691	1394903490
1842829813	1394903507
1657111435	1394903529
3658701771	1394903604
1875555061	1394903627
2874081887	1394903737
2609908852	1394903895
3908063078	1394903934
1311942052	1394904071
3214559034	1394904152
2100408315	1394904218
2963673855	1394904259
2677917187	1394904308
1748160335	1394904308
1637153192	1394904337
1802046605	1394904351
2701230923	1394904481
2260761691	1394904568
1965796912	1394904733
1723076633	1394904740
2487974885	1394905023
1687048940	1394905051
2625237121	1394905343
1879957184	1394905782
2314499030	1394905870
2491279541	1394905912
3493175213	1394905944
1797011254	1394906020
1771167421	1394906441
3466840830	1394906583
2191445494	1394906685
2928194751	1394906909
1795417842	1394906914
1864313541	1394906931
1863937057	1394907216
3257119024	1394907222
1917666351	1394907444
1954060412	1394907449
1940877355	1394907581
2749323757	1394908206
1459442711	1394908662
1815900853	1394908687
1758879405	1394909082
1092884040	1394909104
1969530213	1394909691
1582704782	1394910765
2804003164	1394911204
3314969095	1394911269
2872682981	1394911756
2041540143	1394912087
2695670364	1394913003
3043696990	1394913029
2159400272	1394914369
2609179415	1394917304
1827991292	1394920045
2524724610	1394920202
1896860483	1394920345
2431075222	1394920794
2706083017	1394920916
3221897427	1394921704
1822790491	1394921720
1266991683	1394921898
5065376070	1394922232
2810545422	1394922321
2366007673	1394922672
2135535743	1394922690
2063390825	1394923042
3778182012	1394923236
2625485791	1394923258
3291899093	1394923644
1348500251	1394923707
1582734507	1394923801
1808904044	1394923938
2812515207	1394924252
3886956901	1394924308
1726259552	1394924419
2449282452	1394924551
1935776810	1394924635
1804230561	1394924677
1785644434	1394924891
2528428037	1394924937
2152109820	1394925330
2068417737	1394925412
2750757034	1394925484
2803190492	1394925594
1864607115	1394925655
3230573342	1394925733
2610469541	1394925759
2052389333	1394926060
1891563700	1394926219
1778832432	1394926393
1409783082	1394926425
2978877807	1394926468
1957533254	1394926565
3756090601	1394926618
1863932152	1394926651
1750476410	1394926658
3919438416	1394926772
2729793711	1394926812
2912966395	1394926821
1248608585	1394926945
2618170431	1394927083
2115989901	1394927203
3963393055	1394927441
2267683992	1394927584
2697830462	1394927704
1821768075	1394927795
2300236570	1394927962
2190639797	1394928026
2230906084	1394928135
3455205514	1394928258
2454221737	1394928332
2530432242	1394928340
3903562973	1394928462
2440923387	1394928512
1096249102	1394928593
3757167702	1394928666
1286532864	1394928760
2462284213	1394928793
1750261770	1394928886
2117988200	1394929069
2530982802	1394929085
3729653490	1394929129
1758214145	1394929194
3303212865	1394929276
1849155421	1394929298
1874578603	1394929320
3169778592	1394929360
2111001760	1394929460
1752206794	1394929578
2905586331	1394929598
3754169764	1394929628
3066911777	1394929640
2648901965	1394929703
2630762493	1394929751
2256397145	1394929829
2431955897	1394929994
1923514105	1394930043
1771884783	1394930050
2037616667	1394930138
1198401424	1394930146
3427579810	1394930277
2339053823	1394930307
1804334597	1394930414
2838554382	1394930476
2306028390	1394930477
2963075595	1394930621
2246878373	1394930675
3829718574	1394930755
2294565985	1394930899
1863168941	1394930998
2375059627	1394931041
2668434143	1394931092
2504669087	1394931111
1743242052	1394931121
1927323487	1394931191
2796358723	1394931273
2829032252	1394931295
3981905751	1394931307
2606732931	1394931357
5041114820	1394931394
2487732974	1394931467
2435226697	1394931472
2833954480	1394931516
2400644807	1394931774
1632687041	1394931887
2822891174	1394931892
1791624901	1394931922
3229262064	1394931948
2033275975	1394932000
2316989207	1394932146
2810192910	1394932205
2139293611	1394932233
1227965564	1394932299
1840828831	1394932320
1850862684	1394932383
2760590441	1394932457
2099597865	1394932589
1900557650	1394932649
1842689510	1394932766
1698319251	1394932785
3096242333	1394932890
2218841643	1394932922
1864822251	1394932958
1424610803	1394932989
2288357340	1394933085
3204919723	1394933312
3543553704	1394933532
1789198550	1394933624
3912345415	1394933739
2102706885	1394933743
2203863552	1394933776
1735229731	1394933806
2514044835	1394933844
1709678165	1394933974
5031087839	1394934042
3829918568	1394934174
2629497191	1394934299
2094784053	1394934346
2355881820	1394934405
1748256822	1394934434
2516881183	1394934456
2212721535	1394934553
2565401914	1394934689
2477663921	1394934706
3226682185	1394934729
2428058902	1394934789
2341024451	1394934910
2809072673	1394934947
2824956694	1394935064
2685209474	1394935184
1772409603	1394935196
2280287960	1394935239
2424183375	1394935383
2730726163	1394935418
2856068730	1394935434
3029676837	1394935535
1783070730	1394935545
1644425981	1394935609
1938734945	1394935681
1968483227	1394935795
2940329030	1394935835
1630237407	1394935850
2357171157	1394935881
3181017322	1394935924
3870391275	1394936002
1299320317	1394936123
3043631512	1394936349
2724080014	1394936372
2826976337	1394936398
2739509680	1394936471
1992995095	1394936478
2865475442	1394936488
1977955163	1394936504
3117687453	1394936768
1831881485	1394936790
2140471021	1394936844
2661327291	1394936874
1461688920	1394936967
1315228507	1394937163
2259099535	1394937360
1738959752	1394937462
3088067295	1394937497
1738481724	1394937509
2408047785	1394937511
3733943792	1394937655
1829721665	1394937750
1752849944	1394937808
1697476101	1394937809
2661649604	1394937875
3045382864	1394937911
3921418402	1394938314
2282270611	1394938412
2469950752	1394938609
1813067384	1394938667
2738690767	1394938739
2698553060	1394938843
3904238258	1394938940
1841381721	1394939068
3043691640	1394939141
2005153413	1394939278
1779776425	1394939304
2802790380	1394939568
2074573343	1394939604
3825719089	1394939626
1866137497	1394939735
2845566883	1394939742
2482304017	1394939956
1727148583	1394940106
1251624142	1394940142
1879120265	1394940258
2265248215	1394940289
3284776445	1394940505
2837521144	1394940642
2401983561	1394940769
2906234107	1394940899
3218523505	1394940909
2661252883	1394940937
2579273174	1394940983
2479701013	1394941195
2004255433	1394941301
1794325283	1394941678
1804322810	1394941702
2948618471	1394941882
1941114353	1394941956
2029593323	1394941960
1725982191	1394941961
1894119757	1394941972
1868783685	1394942045
1093204337	1394942134
1940428224	1394942356
2369080720	1394942392
2669448957	1394942437
1682000194	1394942475
1738891897	1394942519
1756458383	1394942547
3317976941	1394942564
2327371305	1394942600
3799122614	1394942691
1685308005	1394942763
2097878980	1394942869
1735923047	1394942896
1023925181	1394942954
1820415330	1394943162
1826681070	1394943271
2831578140	1394943313
1976842557	1394943425
2524644017	1394943441
1950179913	1394943474
3771077917	1394943528
1756982511	1394943601
1317868234	1394943725
1869444713	1394943733
1831520451	1394943755
1827883883	1394943854
1856602932	1394943889
2803721840	1394943891
2621190137	1394943952
1783698530	1394943985
3142578207	1394944063
2509228482	1394944207
3522214415	1394944340
1855760363	1394944356
2121582291	1394944478
2840323891	1394944521
2716418933	1394944560
5052682041	1394944571
2042725972	1394944634
3193877392	1394944683
2182572944	1394944744
3087764514	1394944776
1861328932	1394944792
1670168861	1394944811
3023883013	1394944819
3820827367	1394944901
3044542440	1394945021
1819956430	1394945122
3202224342	1394945152
2446081213	1394945178
3514377075	1394945187
1902706925	1394945312
1672066681	1394945330
1698863184	1394945364
2438808677	1394945395
3870678894	1394945550
2171347595	1394945557
2341507201	1394945574
2862476730	1394945682
2732201857	1394945701
1685031741	1394945724
2774809347	1394945824
2115594832	1394945914
1811972947	1394945915
2105347523	1394945946
5067444878	1394946057
1068168815	1394946065
3788017715	1394946120
2373845284	1394946137
1736821745	1394946220
2273898430	1394946236
2995905790	1394946275
1489384073	1394946332
1774178932	1394946333
2411567080	1394946409
2628993191	1394946435
2790791773	1394946665
1574494443	1394946693
1977676331	1394946779
1843236274	1394946833
3561990181	1394946881
1094850901	1394946947
3911005536	1394946988
1994508563	1394946992
1742517241	1394947013
1823016112	1394947182
2606568921	1394947193
2606568921	1394947256
3903586400	1394947268
2065258061	1394947276
1288367432	1394947354
1194062601	1394947570
2161084517	1394947633
3197125405	1394947710
1515961754	1394947835
1770695367	1394947895
2690762841	1394947990
2213969923	1394948047
1801892082	1394948104
1699004004	1394948126
3626353684	1394948165
1902953863	1394948283
3336505290	1394948304
3950337356	1394948308
1708070532	1394948369
1810383311	1394948382
2989028741	1394948387
1753098107	1394948505
2076873230	1394948545
1758504735	1394948550
2637034767	1394948568
2854878722	1394948588
1768023352	1394948660
3001178992	1394948685
1870518910	1394948735
2927389755	1394948782
2218105053	1394948795
1898133375	1394948852
2833248510	1394948874
2238372753	1394949023
1249596800	1394949078
3988218241	1394949137
1750038077	1394949145
2920585010	1394949163
2756634911	1394949182
1931592585	1394949196
1243294831	1394949205
1744552084	1394949241
1918003421	1394949277
1918003421	1394949337
1994324161	1394949348
1747793672	1394949483
2244148411	1394949494
2880601265	1394949543
3201304591	1394949564
1904271651	1394949591
5073055596	1394949680
2109359315	1394949699
2264746020	1394949703
2678973470	1394949718
2737175205	1394949744
2073521251	1394949785
3903394161	1394950101
1963319183	1394950224
1764768205	1394950250
3719732347	1394950359
3729892740	1394950495
1597902811	1394950680
1873752664	1394950737
2656489881	1394950764
2528428037	1394950824
1861985480	1394950859
1888902991	1394951145
1796737567	1394951179
1921238503	1394951198
3044321730	1394951253
3084490923	1394951287
2302605354	1394951312
2058085622	1394951312
2154648685	1394951326
1612264725	1394951332
1475008584	1394951390
1829704131	1394951400
3711251310	1394951403
3583906592	1394951441
5073746060	1394951523
1774192580	1394951527
1865888187	1394951605
1860642740	1394951630
1766025154	1394951632
1903373185	1394951760
1607104157	1394951815
3228466287	1394951865
1723475135	1394951874
1650508825	1394951881
1520830813	1394951944
2291543054	1394951962
2461104420	1394952021
1883935180	1394952027
2027535085	1394952027
1015286937	1394952073
2122788065	1394952188
1781810565	1394952209
3290741805	1394952209
3268517430	1394952253
1887129411	1394952281
2313258045	1394952311
2715701803	1394952335
3172894770	1394952426
2997188482	1394952479
2782778657	1394952519
2538770810	1394952560
2503610712	1394952564
3886115235	1394952569
1828754555	1394952620
3342764794	1394952657
1817715657	1394952731
3962535608	1394952793
2252044204	1394952799
2656455471	1394952803
2165646057	1394952824
2095921465	1394952828
1662934947	1394952924
3549488400	1394952950
2647239222	1394952978
3422007262	1394952979
3518717173	1394953089
3104814173	1394953143
2275725317	1394953257
3043973612	1394953315
1838708301	1394953394
1728393077	1394953423
1868699330	1394953488
2642924615	1394953523
5028950270	1394953621
1630060037	1394953651
1938808375	1394953843
2657990641	1394953882
2391936442	1394953896
1772495654	1394953989
1440963837	1394954025
2451637985	1394954132
2677401895	1394954141
2824168542	1394954303
3288393962	1394954368
1853338484	1394954376
1660788625	1394954388
1766567712	1394954419
2873784712	1394954457
3614332295	1394954465
1437622204	1394954476
1297370563	1394954525
1197918873	1394954541
2871974052	1394954572
2085866727	1394954608
1635726314	1394954658
3028782783	1394954701
2498799010	1394954706
2126852133	1394954755
2240791720	1394954775
3166581691	1394954801
2618984577	1394954808
2614638935	1394954816
2442078122	1394954851
3174211802	1394954870
2168335615	1394954933
1678610524	1394954942
2872976950	1394954975
1980671745	1394955008
1777474731	1394955017
2749904305	1394955021
1852199503	1394955077
2626164253	1394955134
1919459474	1394955176
1624071517	1394955385
3024197204	1394955412
1730887952	1394955576
2389185080	1394955595
2012679593	1394955605
1806214510	1394955614
2427679645	1394955683
1856992872	1394955710
3631505184	1394955723
1602539067	1394955766
2021663037	1394955872
3077073102	1394955923
1551293790	1394955929
2251975415	1394955951
1805220002	1394956029
1751675663	1394956167
1688680430	1394956207
1576115750	1394956448
2411312323	1394956456
1422871383	1394956488
1741791430	1394956528
1785301333	1394956658
1644200713	1394956709
3314790635	1394956721
1701883350	1394956765
3816826046	1394957132
2891833571	1394957139
3122164715	1394957139
2787174040	1394957261
1771333282	1394957309
1807201012	1394957345
2260538821	1394957431
3140044064	1394957436
3922152705	1394957483
2969746801	1394957502
2767481873	1394957545
2648994141	1394957565
3557475277	1394957575
2050775864	1394957647
2787908414	1394957659
2246800617	1394957776
1710136161	1394957784
2434694491	1394957881
3499513582	1394958007
2627234310	1394958047
2022550807	1394958073
1731615237	1394958085
3292080315	1394958153
2656498540	1394958176
1764883141	1394958190
1137129972	1394958195
2698673964	1394958208
2048306030	1394958225
2272305864	1394958230
3906116268	1394958260
1705622852	1394958318
3636897877	1394958326
2295775807	1394958338
1966570541	1394958505
1868941792	1394958583
1247495101	1394958716
1881355151	1394958744
2370200990	1394958780
1429705763	1394958785
1978856632	1394958804
2215893877	1394958851
1829674280	1394958955
2543942100	1394958966
2171529362	1394958996
1675428244	1394959079
2189949822	1394959113
3482699301	1394959156
1807616440	1394959205
5030411397	1394959235
3865403564	1394959321
1785520365	1394959408
2723412143	1394959482
1995877853	1394959506
2280412995	1394959509
3191183824	1394959559
2594369340	1394959585
1996751743	1394959643
3273234447	1394959752
1785520365	1394959762
2231765720	1394959783
3350269662	1394960007
3878348890	1394960038
2261967697	1394960245
2870833775	1394960264
1716137505	1394960269
1894373060	1394960375
3594284404	1394960379
5052217770	1394960399
3762452380	1394960421
1343280885	1394960421
1648335785	1394960473
1692644012	1394960511
1698823422	1394960530
2947224613	1394960563
2890583260	1394960569
2212564047	1394960609
1645676484	1394960631
1608723817	1394960646
1775356947	1394960660
1735342211	1394960698
3855348881	1394960730
3841303239	1394960757
3780926775	1394960789
2691505560	1394960794
2297530393	1394960825
3044949262	1394960842
2304453743	1394960843
1842854945	1394960961
1712985361	1394961029
1682076463	1394961062
1619473550	1394961070
1743844584	1394961089
2692457421	1394961135
1677682961	1394961181
2276335845	1394961189
3478911141	1394961227
1648953073	1394961268
1761579792	1394961281
1979273937	1394961283
1993354585	1394961409
2713301301	1394961489
2037878685	1394961516
2738590285	1394961558
2146546435	1394961566
1745902473	1394961569
1822814417	1394961576
1793591901	1394961605
1960336270	1394961629
1772554774	1394961680
1680493517	1394961704
3960094671	1394961706
3612700465	1394961737
1627364814	1394961743
1837722435	1394961826
1463581025	1394961958
2355159333	1394961998
2649340930	1394962048
2087552587	1394962063
2948390665	1394962069
2231030452	1394962164
2362100531	1394962246
2693834034	1394962335
2799389110	1394962337
3148260902	1394962420
1768563015	1394962467
1889429844	1394962479
1939674304	1394962543
1749712042	1394962558
2077936744	1394962584
1803909287	1394962687
1924884621	1394962690
1279417972	1394962699
3879865287	1394962713
2569242987	1394962719
2080435691	1394962749
1263951021	1394962751
2182103414	1394962789
1747111907	1394962816
2699380144	1394962831
1775881831	1394963005
1771654283	1394963052
1876362381	1394963077
2048822684	1394963092
1102453645	1394963171
1672563685	1394963195
1739452902	1394963234
3089468145	1394963404
1419732273	1394963411
2708816541	1394963427
3861722399	1394963495
3876247266	1394963516
1254686957	1394963527
1776102131	1394963609
1963319183	1394963620
1889314410	1394963659
1682089041	1394963661
3255794694	1394963663
3250260171	1394963703
1563120912	1394963783
2099862231	1394963788
3963191410	1394963844
3201636060	1394963849
5047816230	1394964006
1839354245	1394964034
2149657512	1394964058
2627670192	1394964066
2249446085	1394964091
1594199541	1394964145
2415179351	1394964190
1784289765	1394964360
2433560135	1394964412
1686346673	1394964417
1881306417	1394964472
1789785540	1394964499
2393348150	1394964621
2357426031	1394964697
2034240555	1394964754
3886745099	1394964831
2043602765	1394964932
1648044524	1394964980
3121658280	1394965028
2858036087	1394965030
1877728460	1394965040
1687273605	1394965078
1609647410	1394965094
1762717505	1394965101
1676666103	1394965109
1880198173	1394965119
2452365691	1394965121
1710709552	1394965239
5065258435	1394965253
1826921234	1394965338
2686902191	1394965358
1729901275	1394965418
2889734485	1394965466
2801354853	1394965484
2216646514	1394965520
1623912637	1394965539
2952064145	1394965573
2643480667	1394965651
2695574911	1394965686
1783361930	1394965733
1192509837	1394965763
1783238670	1394965779
1939731152	1394965829
1961512107	1394965964
2939038177	1394966046
1977116843	1394966058
1897503081	1394966112
1737385467	1394966150
3073315333	1394966152
2405338073	1394966180
2128648637	1394966205
2177932915	1394966214
1892787803	1394966298
3950016063	1394966324
1766844877	1394966327
1282433327	1394966353
1793787334	1394966412
2925210301	1394966467
2609079812	1394966484
2286811443	1394966488
2880672321	1394966522
1919330743	1394966545
2784730011	1394966604
1648798064	1394966678
2194170681	1394966781
1778814251	1394966825
1184414612	1394966838
2871872631	1394966907
3626061237	1394966930
1086630277	1394966993
2181266841	1394967002
1794198282	1394967045
1884085700	1394967047
2548737481	1394967117
1774451337	1394967131
2742850744	1394967131
2783455145	1394967206
1923739745	1394967207
1464206641	1394967377
5070404682	1394967394
3042466732	1394967428
3001356043	1394967443
1935354827	1394967479
3874409720	1394967565
2252335812	1394967647
1701162203	1394967667
1821131750	1394968046
1745547134	1394968061
1762865925	1394968064
1762294907	1394968076
1807333864	1394968133
2261934024	1394968155
3920783326	1394968161
3959246181	1394968163
1406361770	1394970269
3155673531	1394970346
1766591074	1394970348
1308660837	1394970394
2972465651	1394970439
2792276215	1394970484
2156779123	1394970511
1214433837	1394970516
2264968362	1394970551
2111025532	1394970563
2597951401	1394970564
2724905151	1394970574
2974804882	1394970610
1314757391	1394970718
1932585867	1394970751
1783293341	1394970756
2697714251	1394970759
1918649657	1394970836
2543867150	1394970907
1972545027	1394970948
1765947175	1394971014
1884609151	1394971026
3226487583	1394971043
3803221178	1394971122
3166025085	1394971150
1795639267	1394971150
2622761985	1394971160
1740399645	1394971186
3123691272	1394971209
2782452337	1394971219
2613686623	1394971236
1694445760	1394971248
2937980787	1394971269
1675964297	1394971293
2985523353	1394971295
2403393210	1394971304
2195850300	1394971384
2919874117	1394971473
1589062031	1394971503
1935956403	1394971505
2931087037	1394971514
2837349982	1394971535
1462839587	1394971557
1743899365	1394971563
2934616917	1394971583
1771043492	1394971594
1157729750	1394971622
3212693320	1394971639
3304094214	1394971745
2107382553	1394971751
2297429463	1394971766
5023088743	1394971864
2295376422	1394971924
1061343430	1394971929
3191728474	1394971963
1824949357	1394972013
3028456993	1394972041
2775312991	1394972051
1771285094	1394972074
2790150280	1394972087
1884163864	1394972163
1883819917	1394972168
1462433062	1394972189
2810279324	1394972221
2728819221	1394972296
2837917872	1394972402
2836762032	1394972445
1604913071	1394972495
2878808484	1394972532
1970351321	1394972540
2695350571	1394972566
3717825867	1394972576
2596872277	1394972653
2724024584	1394972658
2261434367	1394972670
1801946607	1394972687
2627039941	1394972699
1830331372	1394972722
1825831243	1394972734
1736299270	1394972795
2315996232	1394972825
2683644651	1394972832
1868950062	1394972871
5061616955	1394972876
2438724970	1394972880
1570173203	1394972938
2776376783	1394972943
1346291503	1394972947
2681665772	1394972971
2423040241	1394972989
1932280327	1394973045
1851715774	1394973053
2625474943	1394973090
3068788771	1394973154
1916557793	1394973258
3041708067	1394973376
1188738115	1394973404
2565216930	1394973421
2238156680	1394973466
1366720695	1394973492
2212693784	1394973522
3208593467	1394973594
1683351591	1394973648
2174262392	1394973681
1972386865	1394973752
2274769362	1394973850
2338513593	1394973865
1760585864	1394973871
1759599745	1394973956
1918603355	1394973988
3059316563	1394974071
1712486602	1394974083
1839460497	1394974109
3288793875	1394974122
2828385857	1394974132
1850994257	1394974158
1756318573	1394974172
3058002945	1394974190
1944111182	1394974200
1706221934	1394974227
2365146552	1394974251
1866624553	1394974272
2214085241	1394974299
2859486690	1394974305
1731995702	1394974371
2731153992	1394974389
1780177347	1394974401
2658790691	1394974428
3810448722	1394974455
1749006983	1394974468
2205629413	1394974544
2230276513	1394974648
1893146932	1394974672
3264882365	1394974723
2931127687	1394974755
2761055927	1394974756
2855748674	1394974775
3039501684	1394974876
61843217	1394974885
2831926470	1394974926
1516329274	1394974938
2649375843	1394975035
3153028754	1394975046
2314849985	1394975049
2164450610	1394975082
1826913141	1394975092
2750028343	1394975160
3287368522	1394975161
1277039493	1394975246
1648947897	1394975282
1676746020	1394975286
1818960831	1394975313
2925984401	1394975342
1728900165	1394975393
1162458112	1394975401
1841891325	1394975448
2292435743	1394975459
2391568034	1394975518
2503837144	1394975525
3067563225	1394975540
2206261721	1394975592
3804477556	1394975629
1874452483	1394975657
1985195095	1394975734
2869502160	1394975774
2371935452	1394975786
2672124933	1394975807
2881087540	1394975816
3132997527	1394975836
2143128401	1394975884
2616746255	1394975915
1648107432	1394975921
3218837952	1394975946
3252910353	1394975986
3602010532	1394976004
1774795794	1394976016
1861718174	1394976019
1764441654	1394976034
2341607740	1394976065
1916511034	1394976192
2107940617	1394976238
1773423877	1394976259
1704832957	1394976259
2862995252	1394976287
3316326872	1394976308
2152490460	1394976313
1733498591	1394976376
2013958093	1394976385
1662618824	1394976386
3931361862	1394976405
3869449526	1394976422
1780943004	1394976428
1763264483	1394976438
3407914590	1394976531
3316055184	1394976548
2025475527	1394976629
1114631653	1394976636
3911966002	1394976645
1881833610	1394976660
2618973552	1394976682
1979441333	1394976687
2244241590	1394976803
2240604742	1394976809
1822906822	1394976833
2412179491	1394976862
2824612043	1394976878
2630233281	1394976880
2339541182	1394976895
3892352155	1394976920
1775168425	1394976951
1188372471	1394976978
2416448505	1394976998
1915889781	1394977011
1767586620	1394977047
1884525505	1394977084
3273091593	1394977104
2994520665	1394977113
1903929645	1394977151
3205453291	1394977156
2118334224	1394977241
1745802412	1394977261
2282270631	1394977320
1752751215	1394977340
3298934530	1394977380
1856183007	1394977392
2359193447	1394977402
1977520071	1394977449
2487681011	1394977470
2040663167	1394977529
3625159614	1394977570
3173395610	1394977619
2234912247	1394977669
1130983062	1394977680
2315523930	1394977690
1852929434	1394977730
1751725613	1394977735
1621162324	1394977752
1689003941	1394977754
3206273964	1394980543
3855326340	1394980565
2139281003	1394980566
2218209077	1394980591
1676917462	1394980598
3329938364	1394980612
3068591717	1394980618
1656378624	1394980638
1639972187	1394980706
2289321804	1394980714
1766319914	1394980736
1888694331	1394980746
1804304942	1394980753
1760538790	1394980784
1465234497	1394980803
1924954905	1394980808
1644251011	1394980830
2379321877	1394980833
2151068132	1394980835
1867424620	1394980873
2891887535	1394980902
3522725800	1394980933
3215268194	1394981045
2341130925	1394981057
2043815217	1394981086
1765511370	1394981313
1791782247	1394981319
2711263923	1394981355
1739686717	1394981386
2268699247	1394981531
3213497115	1394981548
1882598417	1394981692
2113819171	1394981731
3170668507	1394981938
1781432882	1394982088
2531474792	1394982130
1709035280	1394982312
2524872557	1394982328
2158553970	1394982815
2995714772	1394982844
2169443124	1394982902
1419442430	1394983045
2025475527	1394983154
5064848193	1394983262
2515915784	1394983297
1948170872	1394983400
2526607410	1394983469
1784325075	1394983537
1785729531	1394983778
3449625812	1394984043
1419442430	1394984057
2674808293	1394984060
3200294665	1394986019
1873756273	1394986053
2311689273	1394986086
2953710975	1394986272
2345943503	1394986275
2113049385	1394986475
1843613703	1394986693
2559678153	1394987240
1375235885	1394987910
2547204890	1394987914
3163572122	1394988018
2106134093	1394988457
1769700671	1394989493
3992163495	1394989669
3486429562	1394990624
2676931330	1394994265
1542578412	1394994440
1793308654	1394994641
2620291144	1394994848
1864545685	1394995100
1733845611	1394996971
2731060200	1394997264
3969090066	1394997705
3044985382	1394998204
3490827500	1394998435
1686599403	1394998616
2920332500	1394998648
1847352472	1395002795
3987055373	1395003903
1823791424	1395004978
3044124724	1395006973
2560879425	1395008105
1779211063	1395008611
1801652882	1395010599
3570520222	1395010871
1575009213	1395012003
1931429617	1395012473
1883541310	1395012541
3045180992	1395013346
2919240934	1395013436
2805346394	1395013883
2541094122	1395013896
2120117690	1395014198
2165334894	1395014242
1765275027	1395014469
1912938965	1395015062
2885230207	1395015082
2241233822	1395015135
1920346813	1395015272
2642135470	1395015555
2042309047	1395015703
1732726584	1395015722
2092785852	1395015805
1709390910	1395016014
3831623604	1395016478
1913113444	1395016814
1795017784	1395017217
1886357153	1395017278
1795890127	1395017576
1961516765	1395017598
2920365680	1395017783
1826123441	1395018066
1100742057	1395018075
1872713962	1395018430
2919246720	1395018798
1743636420	1395018860
1931524490	1395018987
2696031490	1395019243
2674055802	1395019636
2343145185	1395019807
2804313700	1395020031
2597510932	1395020284
3499129740	1395020324
1861599552	1395020518
3206699841	1395020676
1903727582	1395020880
1785921670	1395020947
3300266085	1395021073
1896583213	1395021202
2789718952	1395021205
1619901893	1395021728
1720580354	1395022117
1798994415	1395022219
2144691467	1395022219
2331199337	1395022225
1857068772	1395022299
2735464545	1395022313
1987556341	1395022404
1773226040	1395022447
1767345035	1395022449
2294761657	1395022626
1774771847	1395022681
2629852351	1395022803
2115303130	1395022817
1835688940	1395022840
1702943885	1395022902
1408904923	1395022912
1752295072	1395022928
1772555273	1395022983
1582762400	1395023011
1994889387	1395023039
1193977760	1395023052
1752858683	1395023087
1873288741	1395023096
1723146087	1395023110
2191122352	1395023125
2470563554	1395023152
1693505112	1395023559
2008220567	1395023572
2075794845	1395023661
1731768431	1395023805
2510122684	1395024025
3816474141	1395024058
2011930904	1395024062
1909462753	1395024085
1697286502	1395024157
2376286721	1395024263
2150282162	1395024344
1311627061	1395024464
1623129102	1395024488
1788596590	1395024507
2048324080	1395024619
2013164782	1395024626
2193143227	1395024810
2961893081	1395024853
2103104102	1395024859
3768032627	1395024926
2172346755	1395024993
2016974385	1395025127
1741977151	1395025300
2115303654	1395025818
2332409297	1395025917
2321597644	1395026014
1793222810	1395026085
2321597644	1395026098
2383912295	1395026210
2467969975	1395026229
1306785411	1395026256
1768886470	1395026274
1860293264	1395026334
1758813337	1395026353
2855867104	1395026400
2440985665	1395026417
2115203244	1395026420
2658132863	1395026506
2477978974	1395026536
2235498165	1395026636
2176334557	1395026682
1837957113	1395026683
1757632573	1395026827
1865965995	1395026838
3077128941	1395026846
2464942035	1395026864
1213511285	1395027020
2115174922	1395027020
2641962303	1395027052
1279562475	1395027108
2550683452	1395027116
2810507210	1395027143
1769222253	1395027243
1846552087	1395027250
2279900600	1395027269
2600723522	1395027293
1690679610	1395027361
1671789442	1395027382
2033277534	1395027401
2008569837	1395027439
2813290203	1395027540
2393680771	1395027557
1577385490	1395027595
2112938742	1395027672
2130117684	1395027683
1935315912	1395027704
1760769575	1395027760
1748778184	1395027828
1802236164	1395027850
2013945530	1395027851
1677296815	1395027887
1800076475	1395027912
5041351413	1395028110
2181338870	1395028140
2659831312	1395028148
2212202922	1395028190
1916826103	1395028268
1769038735	1395028325
1861051280	1395028433
1863687500	1395028673
1803621892	1395028737
2446340594	1395028819
2504070253	1395028950
1884525505	1395029132
2212288767	1395029159
2855748674	1395029180
1854943607	1395029182
1742561865	1395029326
2885230207	1395029374
2605588493	1395029469
2350061130	1395029602
1633639562	1395029628
1806762404	1395030035
2102618564	1395030293
3165035860	1395030302
1866813103	1395030411
1664938857	1395030504
1915224875	1395030539
2870607833	1395030802
2741855802	1395030849
1731455982	1395031047
1785511885	1395031239
3044593122	1395031241
2573706480	1395031495
2649410627	1395031549
3309171685	1395031768
2054830510	1395032016
2483125581	1395032103
1234881454	1395032275
1250834974	1395032282
1773402442	1395032293
1823809461	1395032308
1875553515	1395032733
1241936390	1395033074
1576367573	1395033303
2171585923	1395033374
1759970165	1395033393
1889711645	1395033719
2148479242	1395033885
2162605750	1395033901
3314187865	1395033911
2615624871	1395034040
2016649615	1395034277
2495030084	1395034324
1796889992	1395034338
2549615042	1395034447
3106974423	1395034493
1969778564	1395034525
1861270340	1395034529
2885436002	1395034530
1779354875	1395034648
1779354875	1395034658
1068835673	1395034850
2789816994	1395034967
1849871130	1395034969
2675600142	1395035283
1773009821	1395035354
1776787427	1395035383
2363070871	1395035429
2518132680	1395036108
1837336715	1395036192
1772673025	1395036791
1646514650	1395036977
1977729791	1395037380
1949430283	1395037438
1974997297	1395037725
1842680784	1395038179
2838469480	1395038290
3240388033	1395038779
1942460481	1395039421
3286545871	1395040371
1911683711	1395040601
2267563075	1395040737
3039381265	1395040863
1874312617	1395040868
1759929845	1395041274
2627654455	1395041446
2572091313	1395042037
2017721063	1395043030
2233174807	1395043491
2304915974	1395043637
2776093074	1395044543
1462839587	1395044802
1768947515	1395045128
1866928084	1395045312
1880110525	1395046313
2856480080	1395046489
1583271397	1395048163
2406225995	1395049053
3787163534	1395049303
2618890153	1395049791
3001507141	1395049880
1440441455	1395050588
2002719701	1395051944
1950944397	1395052022
2501207681	1395053859
1768972562	1395054787
1824967481	1395055195
2381245747	1395055274
1838692921	1395055652
1841490140	1395056346
1880671382	1395057551
2931580102	1395058390
2077859373	1395058832
1945989977	1395058923
1550845577	1395059030
1658268690	1395059169
2610342830	1395061722
1799210813	1395061958
1838061587	1395062118
1791247847	1395062119
2806507662	1395063844
3158607032	1395064363
1793664967	1395064549
1954546337	1395065295
2979387362	1395065828
1764775750	1395067854
2742391817	1395068482
2116494734	1395068517
2258175044	1395068639
2752524532	1395068715
2449603182	1395068873
3052070091	1395071113
2002323157	1395072664
2960816282	1395076870
3043651010	1395085635
2482310043	1395099200
2804867870	1395100415
2789910942	1395102135
2410336527	1395103807
1757261561	1395105156
1165822127	1395105979
2850373064	1395106230
2790051020	1395107078
5071077874	1395108059
2494826172	1395110598
1933218835	1395110764
3045328272	1395110859
5075509344	1395111610
2855771592	1395112242
1574514277	1395112470
1935243221	1395114547
1782922467	1395118533
1969868335	1395119138
2855879524	1395119585
2696192465	1395119924
2874614224	1395120047
1763549244	1395120133
2855425912	1395120232
2859684580	1395120419
1926374095	1395121067
1728459810	1395124492
2677551572	1395126430
2724080014	1395127144
1439637082	1395127456
2119605045	1395128327
2374318955	1395128554
1863846774	1395130482
1840411485	1395132242
1778361311	1395132318
2772258067	1395137216
3868755234	1395143762
1686594662	1395147633
3266087822	1395152289
1827030722	1395152355
3564215807	1395153215
2352164645	1395166832
3059791174	1395175175
2612897677	1395205303
2401225030	1395206538
1867973423	1395208113
2092489514	1395226911
3880593782	1395240679
1971210865	1395256535
2043487965	1395273792
3315113131	1395275043
3947363126	1395283689
1882940131	1395289925
2599528331	1395315542
3870847332	1395321827
1795349793	1395323133
2645727494	1395326044
3456023424	1395415843
5044875318	1395445893
2726654431	1395449589
3944475633	1395542943
3625999264	1395551287
3625999264	1395551297
3625999264	1395551307
3625999264	1395551341
3625999264	1395551356
3625999264	1395551371
1717205085	1395840842
2034045615	1395886040
2895674087	1396065936
3583788334	1396069807
1620756850	1396153276
2485295572	1396411500
2947529607	1396413860
3121658280	1396414207
3185427803	1396414934
1989567994	1396418910
2382621911	1396577128
1830009317	1396584377
1851005785	1396657902
2270078141	1396675227
5016881721	1396742178
1793546635	1396752148
2050469321	1396859111
2820859595	1396967778
2235545060	1397057998
1957811980	1397112400
2665800773	1397496760
2543357512	1397649489
1797102185	1398473170
2776094003	1398741731
2150601152	1398820958
2387352112	1399359416
5032876575	1399632885
1914351792	1399823481
1837983871	1400048560
3608250347	1400287613
3099274111	1401289432
3563482861	1401450790
1969819613	1401846592
2392258993	1402142420
3205560385	1402558871
3286902881	1402922420
2470289492	1403245400
2801031922	1404119057
3869225150	1404948787
2667434831	1405584035
5201588494	1407976981
2432203702	1412145875
5316493276	1413642696
1939104364	1413818602
5231888635	1415677715
5023658100	1418524244
5284287040	1418726381
2579582131	1419042270
