1285020581	1373895349
1458451043	1373895381
1736846955	1373895410
2239011005	1373895449
1241883761	1373895465
1979871725	1373895473
1752867870	1373895592
1409754083	1373895595
2472490322	1373895615
2626160650	1373895696
2538355821	1373895699
2427453374	1373895768
2626160650	1373895785
1799274180	1373895785
1933486225	1373895880
1942987710	1373895946
3165092011	1373896058
3146190492	1373896087
1730407223	1373896193
2786988572	1373896285
3476998092	1373896287
3415266874	1373896320
3560177797	1373896404
1746902097	1373896430
1115809442	1373896440
1401927834	1373896568
43009019	1373896680
1622747395	1373896765
1673150114	1373896886
1420325904	1373896915
1889928440	1373897237
2893619871	1373897246
1262340243	1373897356
1029958311	1373897516
2264625497	1373897526
3033405700	1373897529
2413066393	1373897653
1919148731	1373897849
1339485160	1373897877
1044537424	1373898149
1530561565	1373898279
1352167380	1373898304
1705707197	1373898578
1155294221	1373898649
1404528003	1373898670
2385220503	1373898685
3194710767	1373899224
2748908111	1373899281
1370095452	1373899300
1769763671	1373899373
2396137721	1373899377
1998040091	1373899850
1673791623	1373899867
1625262024	1373900009
1657158835	1373900078
1788949087	1373900293
2246989183	1373900308
1669933774	1373900321
1983418015	1373900428
1412677804	1373900528
2252912681	1373900628
1572053480	1373900724
2609098670	1373900756
1620930101	1373900796
2833683350	1373900811
1829813604	1373900940
1787688517	1373901085
2916694297	1373901242
1654274973	1373901250
1461479434	1373901252
1735775403	1373901375
2721453621	1373901382
1403513704	1373901478
3067115871	1373901741
1497702057	1373901796
1942944711	1373902253
2045773363	1373902286
2024286255	1373902334
2557017152	1373902510
1868743204	1373902584
1297363643	1373902746
3076536551	1373902754
2108430580	1373903863
2557848964	1373903872
3080508345	1373903913
3501319377	1373903925
1678408617	1373903928
2113529872	1373904058
1996240471	1373904263
2504168130	1373904430
1403284251	1373904931
1299185855	1373905232
2708477850	1373905579
3040432241	1373906236
2702706963	1373906261
2004673815	1373906792
1707893014	1373911380
2907251671	1373913406
2316908150	1373916268
1676946514	1373917498
2254514404	1373920945
3187223684	1373925440
2301829623	1373929392
1285020581	1373932567
2198559260	1373932682
1958320367	1373932710
1305631991	1373932782
2213677054	1373932782
2011868105	1373932876
1660769320	1373932896
2286909027	1373933058
1805027585	1373933072
1890573970	1373933416
2263838754	1373933552
2973793622	1373933675
1942766733	1373933676
2157085117	1373933736
3244406281	1373934109
1099594431	1373934638
1149833764	1373934763
2347480390	1373935040
2790901525	1373935265
2141542047	1373935565
1032448321	1373936111
1820667293	1373936125
2385684385	1373936274
2110258090	1373936521
1657181567	1373936588
1741453344	1373938056
1447087671	1373938078
1078900061	1373938278
1648249874	1373938290
2132003972	1373938362
2973345221	1373938372
3283072314	1373938407
2567065313	1373938501
3191034412	1373938515
3226203275	1373938563
1259337610	1373938828
1047905121	1373938872
2386973882	1373939549
1921512380	1373939986
1693554234	1373940195
2374609247	1373940367
2172068837	1373940469
2835879051	1373940675
1423789574	1373940709
1899066964	1373940724
1602699124	1373940930
2313940201	1373941014
1646704310	1373941303
1827632041	1373941437
3198542205	1373941613
3191034412	1373941730
1133534693	1373941875
1464332121	1373941936
1718281293	1373942276
1692370152	1373943206
1618657545	1373943412
2405218052	1373943459
1918026432	1373944540
1943308931	1373946065
1598357467	1373946260
3256357064	1373947122
1708416354	1373947781
2561842631	1373948132
1832324531	1373948489
1660728712	1373948731
3224640534	1373948822
1617648292	1373948951
1860076575	1373949443
3563515641	1373949804
2163155047	1373949984
3206805374	1373950753
2718043373	1373952242
2183072351	1373952584
2067686441	1373952627
2689605681	1373956118
3089872017	1373956720
2154954245	1373957291
2838175623	1373957309
1168365867	1373958752
3276305243	1373959216
3305366413	1373959221
2682747943	1373960468
1831668342	1373963823
1366452392	1373964195
2187651275	1373964221
1960616472	1373964946
1832943752	1373967399
2699519231	1373967490
3502858902	1373967959
2763221022	1373969695
1936205972	1373970024
1415397801	1373970325
3256357064	1373970636
1285020581	1373977438
1999722551	1373977574
1674339457	1373977590
3415266874	1373977685
2230331002	1373977755
2723406541	1373977804
1406559127	1373977885
2479460221	1373977948
2726897951	1373977997
2415322535	1373978200
2403579833	1373978235
2625602065	1373978291
2844871993	1373978429
1770012000	1373978475
1832993155	1373978593
2327645601	1373978708
1299521075	1373978916
1764682744	1373978976
2033776905	1373979111
1413542507	1373979111
1708716151	1373979209
2448049162	1373979440
2739642440	1373979498
1285020581	1373979647
2642887201	1373979737
2126812371	1373979830
1843813932	1373979924
1819590793	1373979988
3274971662	1373980010
1872904761	1373980388
1567161824	1373980397
1753152145	1373980458
2623576465	1373980892
1572619174	1373981434
2445006965	1373981497
1862748272	1373981558
2109673904	1373981825
1736657513	1373983024
1824589154	1373983214
2941028235	1373983322
2267979483	1373983563
2775822584	1373983986
1285020581	1373984008
2621880513	1373984137
2723062121	1373984183
1412239961	1373984313
1993425233	1373984469
1192519724	1373984487
1729786494	1373984499
2105816605	1373984522
1021328650	1373984739
2958275141	1373984761
3475428832	1373984841
1314986827	1373984935
3490732574	1373985630
3219105435	1373986021
2607737495	1373986876
2111521680	1373987701
1800419472	1373988172
1894506971	1373988740
1269033890	1373989358
2539237732	1373989786
2592976234	1373992884
1264677981	1373999086
1285020581	1374016933
2766280387	1374017005
1421580362	1374017168
1653982544	1374017195
2152002484	1374017248
1838599870	1374017250
1853182007	1374017336
1881342734	1374017487
2096221007	1374017638
1115649172	1374018099
2844904021	1374018103
1285020581	1374018286
1655987794	1374018350
2187711961	1374018358
1991347857	1374018407
2002758013	1374018563
1475404974	1374018586
2192460883	1374018741
1438985090	1374018843
2723406541	1374018915
1732902130	1374018990
2493034613	1374019056
1822106871	1374019065
2638600280	1374019297
3054677443	1374019706
1583803344	1374019955
1988294550	1374020320
2149754070	1374020458
1830095067	1374020543
1898998801	1374020838
1285020581	1374020842
3186481552	1374021099
2275047343	1374021111
3045416504	1374021153
1971087115	1374021335
1486958403	1374021357
1704634621	1374021386
1046804055	1374021527
2276106634	1374021787
3074084005	1374021905
1897723341	1374022099
2271568510	1374023035
1805231801	1374023046
3378165400	1374023193
1909740495	1374025366
2951428557	1374025386
1319108090	1374025513
2457328050	1374025777
1408406080	1374026226
1700332541	1374027246
1779044902	1374030044
2643691731	1374030653
1942987710	1374030854
2643691731	1374030998
1832324531	1374037203
3045150814	1374039456
1285020581	1374040438
1681354895	1374040669
1640489733	1374040759
2403573854	1374040911
3204971163	1374041401
1797724693	1374041471
3204971163	1374041494
2338217501	1374041525
1286010127	1374042623
2286291607	1374043251
2286291607	1374043407
1567661907	1374043507
2569389780	1374043572
1291942141	1374043806
2200537442	1374043829
2793679264	1374043899
1285020581	1374044666
1496533123	1374044907
2430942914	1374044998
1897968094	1374045527
2182857860	1374045611
2642736957	1374046023
2182857860	1374046246
2182857860	1374046349
3170034170	1374046787
2109389830	1374047207
2745082337	1374047254
1901603010	1374047516
1313520680	1374047545
1927419862	1374047633
2467715375	1374048283
1498628173	1374048414
1886536370	1374048707
2695570173	1374049135
2626535633	1374051021
1959201947	1374053560
3043441622	1374054753
1285020581	1374056882
1929168043	1374057416
1767067650	1374057596
2253127874	1374057990
1826164702	1374058384
2173864957	1374058618
1948355325	1374058717
2028453885	1374059756
2643490383	1374060802
3229262757	1374061002
1495452163	1374061354
2278858762	1374062439
2287827194	1374063520
3273270527	1374068988
1749264254	1374071204
2316676895	1374071647
2063142812	1374073560
1797642770	1374075941
2789671010	1374104589
2215835937	1374105580
2243937642	1374109125
2317467351	1374122164
2452468677	1374130664
3202728794	1374131575
1770012000	1374131819
2723532513	1374131864
2723406541	1374131929
2607825941	1374132279
2508756412	1374133064
2286751740	1374149249
2390290572	1374305517
2153880093	1374419803
2100132282	1374456479
1285020581	1374795849
1962789295	1374795921
1714756867	1374796252
1868743204	1374796556
1868140753	1374796732
2185373785	1374796822
2173375143	1374796831
1649816621	1374796882
1411922665	1374796884
1283493053	1374796900
1179021230	1374797194
1583803344	1374797216
2267979483	1374797360
2809749207	1374797387
1944420785	1374797417
2770970112	1374797433
3125866954	1374797478
2155050093	1374797775
1702219010	1374797801
1797724693	1374797916
2319318960	1374797923
2575375241	1374798092
1911533263	1374798173
1361241742	1374798334
3172912323	1374798337
1813257634	1374798517
1858240627	1374798623
1932829711	1374798651
1858240627	1374798655
2264599287	1374798760
2236809065	1374798965
1149833764	1374798972
1807376252	1374799077
2413799651	1374799094
2564299701	1374799135
3270776195	1374799192
1884137802	1374799198
1752288297	1374799315
3270776195	1374799355
2886228182	1374799363
1886973475	1374799425
1652049091	1374799676
2698993782	1374800017
1740279652	1374800051
1834934615	1374800202
1496533123	1374800379
1026984514	1374800709
1718048237	1374801035
1931738934	1374801366
3215937787	1374801517
2111153245	1374801839
3192426052	1374802207
1908618605	1374802346
1496934094	1374804042
1655085132	1374804083
2678029194	1374804745
1681354895	1374805026
1987282115	1374805531
2768488511	1374805786
2713791252	1374806919
1800273250	1374807498
1416501072	1374808079
1098600674	1374808467
1974508795	1374808574
3178493664	1374808825
2867592130	1374808991
1857521012	1374809095
2713209871	1374810568
2805362087	1374810649
2763221022	1374813777
1921420274	1374815473
2163257814	1374816539
1840057105	1374818400
2198086311	1374820861
2122222524	1374826457
2737438395	1374828054
3228542134	1374828209
2568715594	1374832518
2723406541	1374846338
1898379115	1374846368
1904570575	1374846993
1285020581	1374967752
2673868955	1374967805
1340512862	1374967823
2732183864	1374967886
1853238242	1374968006
2024367121	1374968178
1948495085	1374968276
2024367121	1374968351
2848455121	1374969118
1892893585	1374969309
2816914180	1374969518
1797724693	1374970137
2602160943	1374970238
3198310594	1374970454
1236371933	1374970819
1656822932	1374971242
1377336841	1374971594
1119849487	1374972817
2381404895	1374973918
2093021023	1374977138
2483547440	1374979655
1496533123	1374982422
2692214947	1374983351
2541811661	1374984177
2407008595	1374984259
2239109010	1374985416
2643655325	1374986060
1640504042	1374991214
3118360615	1386661109
