1251204491	1302187383
1697820173	1302187393
1424601463	1302187394
1998298047	1302187408
1787213562	1302187412
1666751840	1302187413
1812858733	1302187413
1649200392	1302187413
1598480335	1302187413
1323881831	1302187415
2010414867	1302187415
1746526050	1302187415
1738761560	1302187416
1614692911	1302187417
1357940610	1302187418
1252898745	1302187419
1860316984	1302187419
1942637145	1302187419
1766096153	1302187420
1641361370	1302187422
1937976613	1302187422
1035922544	1302187423
1773697147	1302187423
1685220845	1302187424
1743522831	1302187425
1699515944	1302187425
1756974301	1302187426
1626286694	1302187427
1203091483	1302187427
1649174100	1302187427
1721400523	1302187427
1401209533	1302187428
1753167977	1302187429
1465366492	1302187429
1405327601	1302187430
1605309987	1302187430
1393851537	1302187430
1768009692	1302187431
1869130413	1302187431
1814881090	1302187432
1650383855	1302187434
1456723437	1302187434
1221676765	1302187434
1826611710	1302187435
1836596263	1302187435
1423597344	1302187437
1259506001	1302187439
1236880432	1302187439
1734255737	1302187439
1098945271	1302187440
1794751330	1302187441
1766439645	1302187443
1469219884	1302187444
1638996532	1302187445
1553930971	1302187446
1056356793	1302187446
1918399142	1302187448
1733368307	1302187449
1647082591	1302187449
1456867122	1302187450
1933019305	1302187451
1834532363	1302187451
1403683084	1302187451
1281939597	1302187454
1801805547	1302187455
1283513053	1302187456
1295463731	1302187457
1725199982	1302187457
1648872553	1302187457
1183258351	1302187458
1750727314	1302187460
1017439175	1302187461
1492136032	1302187463
1181246445	1302187463
1793474112	1302187465
1773141741	1302187465
1800372530	1302187466
1872404312	1302187467
1743177630	1302187467
1650154001	1302187468
1678223090	1302187468
1735012161	1302187468
1852100441	1302187471
1885108691	1302187473
1726801294	1302187473
1685317341	1302187475
1696831387	1302187475
1817331193	1302187476
1712857875	1302187478
1737880600	1302187481
1822960240	1302187482
1085650361	1302187482
1726066813	1302187483
1798059123	1302187484
1645631852	1302187486
1859031330	1302187488
1467013817	1302187489
1730176615	1302187491
1601797001	1302187492
1618150610	1302187492
1672620691	1302187492
1750070973	1302187492
1824336322	1302187493
1653357534	1302187498
2036509701	1302187498
1834487080	1302187501
1773502027	1302187504
1969831902	1302187505
1806599927	1302187506
1808257907	1302187506
1727633132	1302187508
1629117654	1302187509
1339593104	1302187512
1891052145	1302187513
1717843583	1302187513
1780990661	1302187515
1863033362	1302187519
1687398587	1302187519
1359251252	1302187520
1611651222	1302187522
1324167100	1302187522
1251163567	1302187524
1960770631	1302187525
1263947334	1302187526
1948780044	1302187527
1732576213	1302187529
1753094993	1302187531
1660036255	1302187532
1155641071	1302187533
1926353407	1302187535
1948211273	1302187541
1406617441	1302187541
1221542522	1302187542
1083966480	1302187549
1726298051	1302187551
1659917614	1302187555
1496968434	1302187556
1130541561	1302187559
1744251525	1302187560
1212708887	1302187563
1800352267	1302187566
1110266291	1302187567
1806591450	1302187569
1734289920	1302187569
1402578863	1302187572
1751395441	1302187574
1652491674	1302187575
1477093952	1302187575
1671438475	1302187577
1681598060	1302187578
1396706351	1302187578
1744090107	1302187582
1864469323	1302187583
1899760973	1302187588
1252898745	1302187589
1644905290	1302187594
1765143863	1302187594
1813814092	1302187596
1863593715	1302187598
1869945385	1302187599
1328972913	1302187601
1761491155	1302187605
1761491155	1302187605
1299536704	1302187606
1799284997	1302187609
2013729297	1302187613
2014610245	1302187613
1764473404	1302187613
1657965287	1302187627
1686419203	1302187631
1786646444	1302187633
1401857967	1302187636
1888627925	1302187639
1750084200	1302187641
1975181714	1302187649
1236880432	1302187650
1343409490	1302187651
1909597287	1302187653
1793239410	1302187656
1748423507	1302187659
1713032865	1302187660
1649531375	1302187664
1653708834	1302187669
1655201751	1302187672
1368253335	1302187678
1740551453	1302187683
1681987622	1302187684
1650590593	1302187697
1878841924	1302187699
1774647917	1302187700
1494729907	1302187705
1783925847	1302187713
1662310451	1302187714
2022315897	1302187736
1853860805	1302187736
1918195154	1302187738
1737008202	1302187738
1769817723	1302187743
1679920901	1302187746
1621957425	1302187747
1648878980	1302187748
1784553094	1302187751
2001458545	1302187752
1780973823	1302187755
1893801487	1302187768
1298504175	1302187775
1300534673	1302187796
1266372635	1302187810
1746371091	1302187810
1735370437	1302187815
1794525152	1302187824
1746167161	1302187833
1133430540	1302187834
1658494204	1302187849
1314246412	1302187852
1694110012	1302187852
1232427000	1302187864
1402081454	1302187865
1408038203	1302187869
1400771951	1302187869
1670341815	1302187874
1674290507	1302187875
1296280037	1302187881
1674290507	1302187885
1698153605	1302187890
1787220342	1302187901
1798372747	1302187904
1165651597	1302187905
1872660497	1302187915
1861063273	1302187923
1869265641	1302187928
1644153324	1302187931
1315591313	1302187935
1120110042	1302187937
1790003844	1302187937
1840275813	1302187941
1717551090	1302187942
1701592417	1302187943
1625155854	1302187943
1400595517	1302187943
1911081371	1302187949
1729635867	1302187950
1404387667	1302187959
1645596631	1302187963
1660985151	1302187963
1647225500	1302187977
1949789953	1302187978
1819320117	1302187985
1709061893	1302187986
1750789940	1302187989
1407158732	1302187990
1798861227	1302187994
2001951794	1302187996
1627349851	1302187996
1864501694	1302187999
1659749114	1302188003
1820364491	1302188004
1680240763	1302188008
1285963840	1302188013
1698045455	1302188019
1676568854	1302188022
1683915860	1302188025
1923969573	1302188034
1752654562	1302188043
1808227224	1302188045
1663430691	1302188046
1724215815	1302188049
1644932305	1302188058
1731823774	1302188063
1665577047	1302188064
1740551453	1302188066
1734600720	1302188066
1691448963	1302188067
1916411010	1302188067
1848045730	1302188068
1421309942	1302188069
1533600004	1302188074
1749575437	1302188085
1732280812	1302188095
1446388334	1302188110
1287584597	1302188126
1806103784	1302188129
1656525710	1302188130
1162649274	1302188131
1432180077	1302188132
2017075352	1302188139
1217593594	1302188156
1721483942	1302188157
1808227224	1302188165
1976081001	1302188169
1605564351	1302188172
1598510201	1302188188
1734931271	1302188191
1073407421	1302188193
1761103425	1302188197
1990884073	1302188200
1643116582	1302188200
1652597622	1302188221
1735595457	1302188228
1985375751	1302188229
1747524432	1302188245
1950362961	1302188250
1650090785	1302188260
1737397284	1302188267
1751972402	1302188272
1732383691	1302188275
1990070143	1302188278
1915494065	1302188280
1744720991	1302188289
1396706351	1302188297
1649195040	1302188299
1033308564	1302188307
1664718160	1302188319
1642399182	1302188325
1664020793	1302188336
1714885590	1302188338
1799814164	1302188341
2011152232	1302188344
1684740803	1302188357
1541629742	1302188373
1785814414	1302188379
1989096463	1302188389
1750988974	1302188395
1393420140	1302188397
1464787964	1302188398
1771763882	1302188402
1671416221	1302188419
1096251632	1302188424
1732747711	1302188425
1713046892	1302188428
1115315775	1302188434
2072468117	1302188439
1618136172	1302188441
1876529445	1302188442
1749064604	1302188473
1727352743	1302188480
1072694494	1302188487
1812111843	1302188528
1653402250	1302188535
1739583715	1302188551
1627675045	1302188556
1317097005	1302188575
1649170475	1302188576
1731795242	1302188580
1593950030	1302188590
1944543672	1302188604
1912344207	1302188624
1462585013	1302188628
1740752503	1302188649
1621695972	1302188681
1192216061	1302188687
1677910574	1302188687
1731702303	1302188703
1866491800	1302188719
1850655654	1302188722
1985374797	1302188755
1838622142	1302188766
2073243644	1302188767
1729348943	1302188816
1496310923	1302188845
1843338091	1302188855
1793620894	1302188868
1749840844	1302188887
1747752253	1302188896
1599615555	1302188906
1330740320	1302188912
1846384665	1302188921
2068151091	1302188932
1907119000	1302188947
1264640394	1302188961
1583057710	1302188966
1139919893	1302188970
1459225764	1302188986
1867003337	1302188992
1851588721	1302188999
1736999821	1302189004
1645112203	1302189014
1902077775	1302189037
1896034191	1302189055
1809416347	1302189093
1770186997	1302189104
1400311272	1302189143
1747752253	1302189195
1830698367	1302189243
1496919913	1302189300
1728249014	1302189346
1674508345	1302189360
1731957057	1302189423
1737274840	1302189427
1969503991	1302189443
1764827414	1302189482
1829929024	1302189538
1428115312	1302189594
1751226777	1302189608
1648234453	1302189627
1366422782	1302189662
1300534673	1302189685
1906049683	1302189685
1657352990	1302189689
1730399124	1302189860
1986269373	1302189958
1223343953	1302189973
1761909021	1302190119
1731607053	1302190165
1314850062	1302190292
2026172327	1302190375
1910163370	1302190522
1747455410	1302190624
1859789032	1302190699
1237657362	1302190750
1727984541	1302190873
1010188601	1302190875
1771283432	1302190914
1674651493	1302190969
1799602111	1302191896
1750060125	1302192838
1917469780	1302193265
1867150234	1302194001
1706274197	1302194469
1843687615	1302197483
1740361952	1302200309
1768824775	1302217734
1168601482	1302225111
1834335504	1302262853
