32377254.0	1232051665.0
21082930.0	1232053557.0
52247704.0	1232067064.0
169.0	1232077474.0
52247704.0	1232077808.0
52247704.0	1232081475.0
55645471.0	1232082046.0
171.0	1232082148.0
16826358.0	1232082760.0
1829550.0	1232086617.0
24154457.0	1232090765.0
5498235.0	1232093440.0
9132237.0	1232093511.0
17078775.0	1232093755.0
7743342.0	1232097582.0
11425452.0	1232099261.0
55200584.0	1232103846.0
181.0	1232104741.0
182.0	1232104860.0
37165451.0	1232120581.0
1149591.0	1232159968.0
19228986.0	1232267558.0
22799873.0	1232283232.0
53421212.0	1232286204.0
188.0	1232356511.0
188.0	1232357061.0
16065836.0	1232369463.0
182.0	1232374859.0
2168096.0	1232377833.0
10101851.0	1232839631.0
20553643.0	1232970369.0
23834485.0	1233041777.0
40666466.0	1233140358.0
8959059.0	1233216452.0
2604884.0	1233306209.0
8639687.0	1233347131.0
20697815.0	1233640537.0
5798996.0	1233651063.0
25856389.0	1233704006.0
11807686.0	1233715146.0
11807703.0	1233715149.0
26834132.0	1233795603.0
2604884.0	1233815053.0
25494852.0	1233816443.0
18502468.0	1233846227.0
17923246.0	1233903350.0
15450448.0	1233909716.0
844828.0	1233910198.0
209.0	1233914884.0
210.0	1233985379.0
23879935.0	1233996728.0
844828.0	1234010647.0
27288865.0	1234092924.0
55749453.0	1234256582.0
7488385.0	1234414920.0
12057279.0	1234435038.0
20553643.0	1234437624.0
25681136.0	1234443586.0
24048232.0	1234447721.0
2607080.0	1234458808.0
19216226.0	1234459370.0
3824837.0	1234478703.0
27677216.0	1234490942.0
22641093.0	1234497048.0
210.0	1234498311.0
22471534.0	1234501337.0
23411571.0	1234503321.0
54331023.0	1234504925.0
23410225.0	1234506640.0
23869873.0	1234508629.0
22471249.0	1234509320.0
23410328.0	1234509565.0
27428772.0	1234511954.0
22293152.0	1234515140.0
23872975.0	1234517930.0
5498235.0	1234529499.0
23410779.0	1234533010.0
22244248.0	1234537348.0
235.0	1234559525.0
235.0	1234559528.0
182.0	1234574486.0
15450448.0	1234597308.0
19013018.0	1234613193.0
54225256.0	1234642419.0
23834485.0	1234681094.0
238.0	1234704025.0
22268684.0	1234736767.0
27571100.0	1234768144.0
16065836.0	1234792540.0
14166448.0	1234794051.0
37165451.0	1234874297.0
27436040.0	1234979946.0
19556593.0	1234987211.0
12595939.0	1235034432.0
245.0	1235039560.0
29131349.0	1235060215.0
24201613.0	1235087981.0
3411789.0	1235209403.0
56011446.0	1235376003.0
25483753.0	1235657584.0
15546276.0	1235661143.0
10686440.0	1235707218.0
14956980.0	1235712445.0
25479429.0	1235715608.0
26748028.0	1235716001.0
53842509.0	1235716173.0
21576989.0	1235716417.0
22293152.0	1235717118.0
210.0	1235717251.0
22471534.0	1235717467.0
22471249.0	1235717470.0
23410225.0	1235717646.0
27581690.0	1235717815.0
23411571.0	1235717825.0
23410779.0	1235717826.0
55734904.0	1235718740.0
25794658.0	1235719556.0
23410328.0	1235723043.0
10567426.0	1235723104.0
22244248.0	1235723404.0
23872975.0	1235723406.0
4283666.0	1235723972.0
23869873.0	1235724486.0
7146163.0	1235724555.0
24022353.0	1235725666.0
29929922.0	1235735319.0
20848792.0	1235743136.0
267.0	1235744001.0
8626280.0	1235744903.0
149.0	1235745667.0
269.0	1235788449.0
15450448.0	1235825407.0
15521770.0	1235827793.0
13814877.0	1235830484.0
13051873.0	1235833036.0
844828.0	1235837902.0
28835292.0	1235838600.0
27747934.0	1235838603.0
19244716.0	1235870832.0
12282494.0	1235942567.0
5328733.0	1236098650.0
28996892.0	1236317431.0
11059080.0	1236338066.0
25807173.0	1236415534.0
15450448.0	1236426497.0
9278702.0	1236462700.0
12824042.0	1236609133.0
26042422.0	1236919860.0
26042422.0	1236941553.0
15208965.0	1236949937.0
235.0	1236953526.0
7673205.0	1236955566.0
55762225.0	1236978837.0
287.0	1236998927.0
288.0	1236999026.0
26042422.0	1237002545.0
26042422.0	1237016934.0
10306150.0	1237027715.0
54384868.0	1237034215.0
14114478.0	1237043508.0
33188323.0	1237078870.0
7294521.0	1237114077.0
19468834.0	1237124915.0
25959875.0	1237192031.0
14111040.0	1237277185.0
6056911.0	1237473072.0
25479429.0	1237479440.0
27583098.0	1237479465.0
22907396.0	1237531708.0
28835292.0	1237545033.0
27747934.0	1237545039.0
21660550.0	1237545129.0
9316826.0	1237558137.0
55762225.0	1237610693.0
26042422.0	1237611032.0
21470370.0	1237612250.0
15450448.0	1237620756.0
36715710.0	1237625060.0
1829136.0	1237625062.0
10278646.0	1237625287.0
6115679.0	1237625737.0
26042422.0	1237632639.0
55816934.0	1237633741.0
55946175.0	1237638904.0
18001505.0	1237641056.0
33354804.0	1237641711.0
28118418.0	1237645457.0
33911783.0	1237648640.0
52274175.0	1237702792.0
5026868.0	1237707109.0
12011927.0	1237712274.0
29757248.0	1237770034.0
14434274.0	1237788890.0
27041292.0	1237789629.0
55762225.0	1238082499.0
13940215.0	1238139957.0
54649181.0	1238147543.0
23132093.0	1238149284.0
5043045.0	1238151130.0
5043045.0	1238151174.0
323.0	1238151747.0
17076876.0	1238152655.0
325.0	1238152679.0
23132093.0	1238153808.0
326.0	1238155214.0
17537436.0	1238160086.0
28192564.0	1238164010.0
20553643.0	1238165766.0
20429095.0	1238166657.0
20553643.0	1238171010.0
676252.0	1238177551.0
9031111.0	1238178193.0
55762225.0	1238215526.0
26042422.0	1238219555.0
18556264.0	1238220652.0
15698229.0	1238226160.0
10278646.0	1238239114.0
15450448.0	1238239179.0
35715863.0	1238239410.0
30651625.0	1238241017.0
20553643.0	1238244335.0
11749083.0	1238256789.0
35841516.0	1238257027.0
10101851.0	1238444938.0
20553643.0	1238482427.0
20553643.0	1238515313.0
30637676.0	1238542760.0
19170421.0	1238730127.0
55762225.0	1238734346.0
340.0	1238735084.0
23830765.0	1238739044.0
25262721.0	1238742590.0
27546778.0	1238747144.0
344.0	1238749833.0
3510407.0	1238760480.0
16158861.0	1238761084.0
6848091.0	1238778016.0
21195053.0	1238779951.0
23132093.0	1238790679.0
35187088.0	1238805023.0
37062949.0	1238822386.0
37062949.0	1238822989.0
340.0	1238835551.0
37062949.0	1238844024.0
55744216.0	1238853742.0
14112313.0	1239012011.0
420881.0	1239019528.0
31108880.0	1239037776.0
32297870.0	1239042289.0
37791969.0	1239254626.0
235.0	1239280488.0
37062949.0	1239292861.0
28648650.0	1239334254.0
4299480.0	1239351398.0
33019416.0	1239357050.0
29244107.0	1239357072.0
30015183.0	1239357420.0
33019416.0	1239357511.0
33019416.0	1239357602.0
12953105.0	1239357627.0
33019416.0	1239357930.0
10052442.0	1239358023.0
33019416.0	1239358435.0
30589694.0	1239358542.0
36426230.0	1239358581.0
21548672.0	1239358591.0
26987934.0	1239358684.0
33019416.0	1239358928.0
28835292.0	1239359444.0
27747934.0	1239359448.0
368.0	1239369324.0
8959059.0	1239373788.0
4106174.0	1239374385.0
26496731.0	1239410134.0
38203994.0	1239421897.0
5328733.0	1239423724.0
24761416.0	1239426511.0
37748003.0	1239437255.0
37496765.0	1239452664.0
36096966.0	1239469612.0
18754511.0	1239470115.0
16572168.0	1239470346.0
10867588.0	1239470519.0
2407657.0	1239470801.0
21085713.0	1239471724.0
5798996.0	1239471806.0
12953105.0	1239471855.0
34519109.0	1239472150.0
55765652.0	1239472596.0
18472945.0	1239472667.0
32731709.0	1239473159.0
13193442.0	1239473539.0
51808259.0	1239473667.0
13645108.0	1239473993.0
28958206.0	1239474304.0
389.0	1239474543.0
22385187.0	1239475652.0
12121756.0	1239480313.0
32946140.0	1239480746.0
33681039.0	1239481071.0
24205289.0	1239481273.0
17034551.0	1239481648.0
8978101.0	1239481686.0
9176709.0	1239481797.0
55849099.0	1239482921.0
25218722.0	1239483134.0
12484514.0	1239483825.0
15924757.0	1239483979.0
35565359.0	1239484045.0
12953105.0	1239485622.0
32082564.0	1239487392.0
10379569.0	1239489440.0
37764416.0	1239494743.0
29595960.0	1239495598.0
37479303.0	1239500500.0
20131998.0	1239511846.0
20131998.0	1239512134.0
29361541.0	1239519533.0
51808259.0	1239544430.0
12824042.0	1239560872.0
12824042.0	1239571737.0
34444835.0	1239619639.0
37062949.0	1239624883.0
55786226.0	1239657556.0
36270532.0	1239687517.0
25719540.0	1239704273.0
32755580.0	1239707452.0
37062949.0	1239801621.0
34444835.0	1239858864.0
37292595.0	1239889314.0
39252855.0	1239891557.0
28648650.0	1239938930.0
37062949.0	1239950416.0
37062949.0	1239956279.0
23252262.0	1239963882.0
23252262.0	1239964104.0
35124351.0	1239968819.0
11739268.0	1239997134.0
420.0	1240037367.0
15450448.0	1240046754.0
39140323.0	1240049521.0
38332721.0	1240049988.0
17961988.0	1240120048.0
39471417.0	1240165026.0
39471417.0	1240165545.0
25035680.0	1240232833.0
39471417.0	1240242589.0
55970765.0	1240313443.0
55980960.0	1240320627.0
19362485.0	1240463521.0
15450448.0	1240464195.0
25479429.0	1240465599.0
55762225.0	1240469363.0
13250008.0	1240471633.0
430.0	1240474249.0
40556618.0	1240481142.0
432.0	1240481234.0
37057701.0	1240485283.0
12824042.0	1240485908.0
844828.0	1240487384.0
39177082.0	1240488242.0
37062949.0	1240490144.0
235.0	1240491763.0
36241135.0	1240491882.0
35517349.0	1240495986.0
55674234.0	1240510531.0
438.0	1240539877.0
30121434.0	1240546249.0
440.0	1240552050.0
28835292.0	1240554665.0
27747934.0	1240554671.0
1829136.0	1240555585.0
10875062.0	1240571285.0
10865158.0	1240573083.0
39970716.0	1240600411.0
15208965.0	1240629064.0
39702330.0	1240655147.0
445.0	1240703388.0
41289873.0	1240719206.0
28482753.0	1240720493.0
41563565.0	1240903672.0
41563565.0	1240904447.0
39551078.0	1240943834.0
55970765.0	1240973852.0
55980960.0	1240973861.0
23942129.0	1241088095.0
39947309.0	1241099326.0
36426230.0	1241453283.0
452.0	1241479081.0
39895386.0	1241549956.0
55762225.0	1241719931.0
25418140.0	1241736138.0
18556264.0	1241761937.0
36336988.0	1241762135.0
29536096.0	1241763450.0
30991661.0	1241765520.0
55937032.0	1241766653.0
55970765.0	1241773105.0
55980960.0	1241794925.0
37057701.0	1241811305.0
43021885.0	1241835975.0
37062949.0	1241847478.0
37465447.0	1241858194.0
25479429.0	1241859330.0
430.0	1241860260.0
39177935.0	1241863255.0
39183111.0	1241863257.0
37057701.0	1241874228.0
39880955.0	1241875582.0
15208965.0	1241922945.0
23332617.0	1241923197.0
23332617.0	1241923337.0
21660550.0	1241996946.0
24154765.0	1242002368.0
438.0	1242003791.0
14750184.0	1242014941.0
41563565.0	1242016554.0
27187684.0	1242020970.0
39754499.0	1242027450.0
36930661.0	1242033148.0
16065836.0	1242033409.0
33207924.0	1242033527.0
19313869.0	1242049299.0
472.0	1242052637.0
23164346.0	1242056964.0
26708244.0	1242057036.0
33003212.0	1242075016.0
40680210.0	1242090120.0
23514862.0	1242111262.0
686946.0	1242115575.0
18486272.0	1242118221.0
18486272.0	1242118293.0
18486272.0	1242118417.0
18486272.0	1242119970.0
13641749.0	1242163562.0
34937139.0	1242202697.0
24371115.0	1242295423.0
483.0	1242298147.0
24371115.0	1242301743.0
37801592.0	1242390711.0
30657539.0	1242451435.0
30657539.0	1242451519.0
3141733.0	1242486257.0
40822547.0	1242533031.0
35225966.0	1242631871.0
41289873.0	1242634386.0
32562280.0	1242655363.0
15450448.0	1242835957.0
36270532.0	1242876835.0
42391575.0	1242889441.0
27895290.0	1242890403.0
21660550.0	1242967140.0
55762225.0	1242975278.0
20695646.0	1242977241.0
40757692.0	1242979485.0
844828.0	1242994626.0
12235295.0	1243003226.0
452.0	1243003698.0
5240628.0	1243004559.0
287.0	1243005319.0
496.0	1243005382.0
37057701.0	1243009844.0
33757566.0	1243045755.0
42980062.0	1243050359.0
30122132.0	1243070052.0
30122132.0	1243070127.0
844828.0	1243093265.0
33388761.0	1243094761.0
32898064.0	1243123147.0
26678575.0	1243126420.0
15208965.0	1243127886.0
503.0	1243128611.0
21470370.0	1243178270.0
504.0	1243242683.0
40822547.0	1243394948.0
41289873.0	1243404258.0
844828.0	1243457041.0
45443408.0	1243457319.0
35517349.0	1243457434.0
35517349.0	1243457574.0
35517349.0	1243457917.0
55961840.0	1243460376.0
36426230.0	1243461205.0
27848312.0	1243462189.0
508.0	1243462333.0
14941160.0	1243463159.0
40538599.0	1243464050.0
35621700.0	1243468136.0
44440269.0	1243468317.0
55985204.0	1243470497.0
42405841.0	1243470731.0
515.0	1243472494.0
4980793.0	1243473284.0
17769797.0	1243475500.0
22570674.0	1243475944.0
844828.0	1243488691.0
44705982.0	1243488916.0
41289873.0	1243489067.0
25418140.0	1243489795.0
31954376.0	1243491230.0
30657539.0	1243495062.0
12057279.0	1243503055.0
182.0	1243509815.0
7629944.0	1243510342.0
522.0	1243522736.0
523.0	1243571745.0
7404548.0	1243575264.0
30122132.0	1243588734.0
15450448.0	1243591576.0
42185160.0	1243592818.0
11319528.0	1243597642.0
39679745.0	1243598036.0
42842745.0	1243598102.0
37057701.0	1243598725.0
8757341.0	1243603256.0
17950643.0	1243608654.0
23875869.0	1243608779.0
17950643.0	1243613993.0
30369576.0	1243618694.0
16827889.0	1243629089.0
20764107.0	1243631364.0
40312645.0	1243632945.0
55762225.0	1243647545.0
29415973.0	1243648381.0
36336988.0	1243682731.0
21379820.0	1243705509.0
23340092.0	1243721227.0
5328733.0	1243739237.0
10865158.0	1243829245.0
10875062.0	1243829252.0
30637676.0	1243893889.0
30657539.0	1243994242.0
25668176.0	1244170538.0
235.0	1244173876.0
30657539.0	1244175676.0
42391575.0	1244177225.0
340.0	1244177618.0
523.0	1244178314.0
7404548.0	1244179143.0
41181252.0	1244183410.0
40589842.0	1244183790.0
18450345.0	1244184460.0
41563565.0	1244187169.0
29649931.0	1244222209.0
26343389.0	1244238428.0
5328733.0	1244260772.0
340.0	1244263872.0
25521879.0	1244268091.0
35923012.0	1244297774.0
44138012.0	1244300821.0
44770153.0	1244312856.0
23422174.0	1244328596.0
27159130.0	1244397900.0
42843941.0	1244402012.0
46456487.0	1244420200.0
44770153.0	1244452254.0
44770153.0	1244485668.0
16558063.0	1244512030.0
26291455.0	1244512076.0
18538298.0	1244512777.0
16558063.0	1244514887.0
45611355.0	1244514914.0
27904311.0	1244514940.0
36639903.0	1244515246.0
14750184.0	1244517781.0
39877207.0	1244525798.0
39877207.0	1244526025.0
44565183.0	1244542273.0
18662379.0	1244544591.0
18662379.0	1244544659.0
36463809.0	1244548753.0
16827889.0	1244556779.0
844828.0	1244580114.0
676252.0	1244581365.0
41793471.0	1244581524.0
564.0	1244582130.0
565.0	1244589619.0
5328733.0	1244598748.0
31954376.0	1244599231.0
5328733.0	1244604154.0
33550382.0	1244611668.0
32616169.0	1244612637.0
38796560.0	1244617948.0
55930882.0	1244620934.0
508.0	1244634727.0
564.0	1244654790.0
41793471.0	1244656814.0
41793471.0	1244656848.0
28070118.0	1244663270.0
19298275.0	1244663783.0
16270385.0	1244664988.0
15333346.0	1244665100.0
36683531.0	1244674315.0
235.0	1244674361.0
55937396.0	1244683124.0
14007068.0	1244683870.0
14007068.0	1244683997.0
5328733.0	1244684609.0
36352038.0	1244684793.0
37057701.0	1244685809.0
5328733.0	1244686017.0
24287873.0	1244687267.0
33499633.0	1244687734.0
18145865.0	1244689261.0
16854124.0	1244689678.0
35636160.0	1244689937.0
46432033.0	1244690425.0
38298059.0	1244690547.0
35013367.0	1244690600.0
47276586.0	1244691072.0
9411032.0	1244691192.0
587.0	1244691304.0
1599316.0	1244691334.0
16089238.0	1244691476.0
33210690.0	1244691687.0
23879935.0	1244692348.0
19092805.0	1244692387.0
38626017.0	1244692427.0
9175818.0	1244692568.0
44209090.0	1244692629.0
33060800.0	1244693015.0
18955573.0	1244693455.0
30487527.0	1244693659.0
42185160.0	1244693960.0
42185160.0	1244693965.0
35636160.0	1244694046.0
33586970.0	1244694294.0
599.0	1244694752.0
599.0	1244694756.0
9411032.0	1244694858.0
9411032.0	1244694864.0
37987760.0	1244695247.0
601.0	1244695335.0
47155236.0	1244695385.0
6076765.0	1244695711.0
30657208.0	1244695965.0
10674407.0	1244695972.0
10306318.0	1244696193.0
25479429.0	1244696369.0
54914396.0	1244696796.0
26568533.0	1244696893.0
11807473.0	1244697101.0
50806216.0	1244697227.0
20329481.0	1244697451.0
8716650.0	1244697912.0
1117015.0	1244698005.0
28634930.0	1244698260.0
40758600.0	1244699108.0
615.0	1244699136.0
43930391.0	1244699285.0
50806216.0	1244699738.0
41973317.0	1244699887.0
15924467.0	1244700012.0
438.0	1244700293.0
13991374.0	1244700320.0
35271153.0	1244700424.0
33402463.0	1244700576.0
22098051.0	1244700659.0
32020970.0	1244700683.0
39030126.0	1244700933.0
13250008.0	1244701285.0
50004580.0	1244701568.0
626.0	1244701596.0
15033626.0	1244701635.0
628.0	1244701711.0
45513339.0	1244701795.0
20764107.0	1244701807.0
39306103.0	1244701877.0
31279645.0	1244702485.0
45126942.0	1244702882.0
18075196.0	1244703045.0
36386940.0	1244703208.0
29696243.0	1244703280.0
39915702.0	1244703427.0
17008629.0	1244703950.0
340.0	1244704467.0
39356312.0	1244704855.0
39356312.0	1244704967.0
36883260.0	1244705014.0
35897307.0	1244705080.0
16048674.0	1244705118.0
38298059.0	1244705430.0
642.0	1244705455.0
19793133.0	1244705959.0
37958454.0	1244706006.0
32709201.0	1244706164.0
36578281.0	1244706280.0
35772050.0	1244706404.0
44687099.0	1244706616.0
6973880.0	1244706723.0
45100875.0	1244707050.0
7455057.0	1244707063.0
24457029.0	1244707112.0
32709201.0	1244707162.0
19440827.0	1244707287.0
37165451.0	1244707368.0
43345562.0	1244707399.0
19440827.0	1244707553.0
20553643.0	1244707638.0
29022691.0	1244707901.0
32890643.0	1244707945.0
18880388.0	1244707973.0
27747934.0	1244708079.0
55918350.0	1244708306.0
42859086.0	1244708406.0
20553643.0	1244708525.0
15279529.0	1244708558.0
20553643.0	1244708639.0
20553643.0	1244708662.0
20553643.0	1244708703.0
28965106.0	1244708902.0
20130695.0	1244708969.0
33550382.0	1244709377.0
2239708.0	1244709646.0
5328733.0	1244709800.0
664.0	1244709922.0
15018784.0	1244709987.0
30778170.0	1244710896.0
7145991.0	1244710936.0
28835292.0	1244711559.0
46876415.0	1244712117.0
33549416.0	1244712214.0
9381746.0	1244712264.0
36426230.0	1244712352.0
38174643.0	1244712382.0
30589694.0	1244712443.0
41253327.0	1244712804.0
32063166.0	1244712806.0
41687892.0	1244712833.0
36137031.0	1244712946.0
35517349.0	1244712986.0
34467011.0	1244713239.0
42391575.0	1244713555.0
41687892.0	1244713821.0
33875180.0	1244714077.0
22368187.0	1244714263.0
36426230.0	1244715062.0
33817505.0	1244715183.0
680.0	1244715270.0
46653702.0	1244715817.0
43366592.0	1244716149.0
235.0	1244717288.0
43167990.0	1244718008.0
31669798.0	1244718026.0
34753016.0	1244719212.0
34753083.0	1244719213.0
36475574.0	1244719230.0
43366592.0	1244719569.0
39306103.0	1244719904.0
6832188.0	1244720082.0
53842509.0	1244720124.0
46198599.0	1244720237.0
39057902.0	1244720886.0
8020519.0	1244721002.0
14434274.0	1244721691.0
43319499.0	1244721744.0
43310831.0	1244721775.0
43313499.0	1244721809.0
42820313.0	1244721824.0
43312688.0	1244721847.0
42822123.0	1244721862.0
43315532.0	1244721881.0
43312452.0	1244721905.0
42819620.0	1244721926.0
43316150.0	1244721941.0
43310005.0	1244721957.0
42820986.0	1244721980.0
42823260.0	1244722003.0
43317886.0	1244722034.0
42822676.0	1244722060.0
43313211.0	1244722082.0
43318932.0	1244722101.0
43314057.0	1244722134.0
42821565.0	1244722151.0
43311680.0	1244722166.0
43317371.0	1244722184.0
43318345.0	1244722198.0
43313748.0	1244722213.0
43314936.0	1244722257.0
43311910.0	1244722279.0
43310403.0	1244722301.0
16339290.0	1244722315.0
43316735.0	1244722321.0
43311232.0	1244722343.0
43314379.0	1244722357.0
43312921.0	1244722371.0
8037588.0	1244723215.0
20582165.0	1244724162.0
55940985.0	1244724307.0
726.0	1244724658.0
38672043.0	1244724756.0
55762225.0	1244724939.0
25215156.0	1244725554.0
43366592.0	1244726869.0
31717969.0	1244727270.0
23332617.0	1244727625.0
35330750.0	1244728029.0
11048413.0	1244728626.0
25510440.0	1244728930.0
32530621.0	1244730144.0
36599136.0	1244730243.0
43366592.0	1244730339.0
36740271.0	1244731518.0
42968353.0	1244732032.0
38535496.0	1244732835.0
43366592.0	1244733969.0
30357030.0	1244734951.0
24830055.0	1244736112.0
740.0	1244737572.0
36696305.0	1244737988.0
51999214.0	1244738597.0
37822759.0	1244738664.0
41793471.0	1244739845.0
41793471.0	1244739851.0
30390650.0	1244740215.0
36241135.0	1244740436.0
25510440.0	1244740522.0
740.0	1244741102.0
33181227.0	1244741834.0
28585474.0	1244742003.0
32960020.0	1244743063.0
19640427.0	1244744001.0
10362441.0	1244744436.0
12965068.0	1244745051.0
15316176.0	1244748142.0
38647182.0	1244748807.0
26199443.0	1244750434.0
30390650.0	1244751012.0
32884420.0	1244751477.0
740.0	1244752078.0
39490841.0	1244753333.0
756.0	1244753635.0
23411156.0	1244754068.0
22293177.0	1244754748.0
23870005.0	1244754749.0
26042422.0	1244755230.0
287.0	1244755251.0
740.0	1244755316.0
1599316.0	1244756122.0
52366931.0	1244756636.0
430.0	1244757069.0
55762225.0	1244757283.0
761.0	1244758390.0
45340517.0	1244759267.0
31446027.0	1244761272.0
764.0	1244762104.0
626.0	1244762567.0
9638243.0	1244763050.0
37408608.0	1244763464.0
26772662.0	1244763720.0
768.0	1244763959.0
38900365.0	1244764077.0
12341007.0	1244764377.0
642.0	1244764991.0
46047158.0	1244764996.0
9121684.0	1244765045.0
37057701.0	1244765135.0
33181227.0	1244765290.0
773.0	1244765501.0
39030126.0	1244765540.0
14539374.0	1244765693.0
34467011.0	1244765790.0
45126942.0	1244765875.0
44687099.0	1244766084.0
626.0	1244766298.0
1117015.0	1244766390.0
41260266.0	1244766420.0
776.0	1244766627.0
599.0	1244766637.0
9411032.0	1244766817.0
54914396.0	1244766932.0
35025607.0	1244766941.0
20329481.0	1244766999.0
615.0	1244767287.0
31279645.0	1244767657.0
45757030.0	1244768421.0
29983041.0	1244768465.0
55837457.0	1244768467.0
28634930.0	1244768485.0
9638243.0	1244768733.0
169.0	1244768752.0
28588274.0	1244768775.0
39915702.0	1244768800.0
39915702.0	1244768856.0
22098051.0	1244768864.0
34994941.0	1244768970.0
38298059.0	1244769081.0
40098819.0	1244769112.0
34711253.0	1244769477.0
785.0	1244769955.0
45275307.0	1244769973.0
29696243.0	1244770079.0
41253327.0	1244770278.0
41973317.0	1244770301.0
15924467.0	1244770306.0
35897307.0	1244770364.0
28835292.0	1244770536.0
787.0	1244770816.0
38298059.0	1244770837.0
34643254.0	1244770864.0
47377708.0	1244771040.0
9845078.0	1244771280.0
43930391.0	1244771300.0
452.0	1244771333.0
46589913.0	1244771490.0
18620147.0	1244771547.0
55762225.0	1244771623.0
31301756.0	1244771762.0
35655148.0	1244771846.0
27358535.0	1244771995.0
6480586.0	1244772041.0
23457296.0	1244772202.0
15727383.0	1244772380.0
40356939.0	1244772815.0
28835292.0	1244772863.0
27747934.0	1244772866.0
32020970.0	1244772890.0
42185160.0	1244772942.0
25580496.0	1244773022.0
42877523.0	1244773179.0
22048208.0	1244773258.0
14539374.0	1244773264.0
17520094.0	1244773289.0
35512263.0	1244773305.0
39346177.0	1244773336.0
806.0	1244773355.0
15316176.0	1244773427.0
16425248.0	1244773447.0
31443206.0	1244773762.0
45275307.0	1244773827.0
18796500.0	1244773841.0
5240628.0	1244773935.0
39915702.0	1244773948.0
29239970.0	1244773962.0
438.0	1244773993.0
811.0	1244774116.0
812.0	1244774187.0
19362485.0	1244774253.0
19123866.0	1244774266.0
33019416.0	1244774407.0
41009538.0	1244774507.0
16174748.0	1244774557.0
16919334.0	1244774609.0
34711253.0	1244774784.0
18145865.0	1244774816.0
2977512.0	1244774946.0
38330482.0	1244774969.0
47211547.0	1244775058.0
9592708.0	1244775084.0
46589913.0	1244775228.0
821.0	1244775273.0
33019416.0	1244775324.0
31285140.0	1244775418.0
37594797.0	1244775476.0
29401755.0	1244775749.0
825.0	1244775867.0
33019416.0	1244775969.0
28705787.0	1244776158.0
42844183.0	1244776274.0
44193755.0	1244776292.0
45389811.0	1244776334.0
830.0	1244776372.0
14539374.0	1244776410.0
19362485.0	1244776597.0
831.0	1244776616.0
23332617.0	1244776676.0
42602686.0	1244776678.0
47266491.0	1244776723.0
452.0	1244776728.0
36475574.0	1244776734.0
46975723.0	1244776827.0
20445938.0	1244776834.0
16113976.0	1244776870.0
46616333.0	1244776883.0
14539374.0	1244776896.0
35897307.0	1244776952.0
38298059.0	1244776961.0
41260266.0	1244777005.0
46165510.0	1244777015.0
40356939.0	1244777027.0
46161420.0	1244777068.0
30122132.0	1244777112.0
840.0	1244777115.0
30122132.0	1244777212.0
18145865.0	1244777264.0
47155940.0	1244777323.0
37415729.0	1244777436.0
46161420.0	1244777437.0
44693613.0	1244777476.0
34643254.0	1244777522.0
38984646.0	1244777610.0
55970765.0	1244777700.0
55980960.0	1244777759.0
39791665.0	1244777790.0
18620147.0	1244777813.0
44783358.0	1244777834.0
35636160.0	1244777982.0
26461037.0	1244778213.0
21001983.0	1244778470.0
38626017.0	1244778745.0
849.0	1244778825.0
47298844.0	1244778919.0
32122355.0	1244778945.0
15008988.0	1244779001.0
42844183.0	1244779085.0
18339682.0	1244779285.0
16425248.0	1244779309.0
26851032.0	1244779313.0
30962173.0	1244779350.0
35184089.0	1244779700.0
33019416.0	1244779873.0
45909456.0	1244779958.0
41516494.0	1244780130.0
15026973.0	1244780147.0
42185160.0	1244780149.0
3267756.0	1244780426.0
19640427.0	1244780427.0
19505319.0	1244780487.0
18655627.0	1244780526.0
20764107.0	1244780585.0
35636160.0	1244780641.0
46862977.0	1244780642.0
15453296.0	1244780682.0
15316176.0	1244780759.0
22871989.0	1244780914.0
866.0	1244780972.0
39943545.0	1244781045.0
25035680.0	1244781146.0
37518967.0	1244781161.0
39963255.0	1244781162.0
870.0	1244781391.0
9985914.0	1244781509.0
2491173.0	1244781643.0
27153659.0	1244781695.0
32382526.0	1244781908.0
31366857.0	1244781988.0
452.0	1244782073.0
38573032.0	1244782258.0
46589913.0	1244782351.0
28692621.0	1244782467.0
44590134.0	1244782493.0
20178313.0	1244782550.0
39473497.0	1244782619.0
41288664.0	1244782647.0
24080513.0	1244782829.0
39823764.0	1244782863.0
41485611.0	1244782940.0
8084603.0	1244783075.0
19447691.0	1244783219.0
15453296.0	1244783358.0
33705502.0	1244783408.0
24080513.0	1244783519.0
21379820.0	1244783606.0
38796560.0	1244783758.0
36696305.0	1244783821.0
24080513.0	1244783880.0
15174153.0	1244783970.0
26042422.0	1244784081.0
24080513.0	1244784129.0
39057902.0	1244784172.0
31529501.0	1244784197.0
42760006.0	1244784233.0
30188717.0	1244784339.0
39877207.0	1244784349.0
39877207.0	1244784477.0
892.0	1244784495.0
40582191.0	1244784516.0
28991041.0	1244784929.0
30309796.0	1244784962.0
523.0	1244784978.0
5647584.0	1244784996.0
30269322.0	1244785498.0
38361523.0	1244785587.0
768.0	1244785767.0
42844183.0	1244785863.0
35884140.0	1244786178.0
45361630.0	1244786313.0
42877523.0	1244786693.0
901.0	1244786719.0
40757692.0	1244786755.0
40757692.0	1244786825.0
41793471.0	1244786877.0
21731431.0	1244786908.0
55826694.0	1244786950.0
39632622.0	1244786975.0
20764107.0	1244787033.0
34155388.0	1244787101.0
3715526.0	1244787131.0
15443114.0	1244787254.0
37553724.0	1244787357.0
15722512.0	1244787371.0
27738075.0	1244787381.0
36875937.0	1244787499.0
20044821.0	1244787513.0
40480809.0	1244787526.0
36501027.0	1244787685.0
45513132.0	1244787764.0
340.0	1244787830.0
38115191.0	1244787845.0
917.0	1244787871.0
20445938.0	1244787894.0
20445938.0	1244787895.0
22888192.0	1244787910.0
41260266.0	1244787942.0
919.0	1244787980.0
920.0	1244788170.0
26632034.0	1244788171.0
12337420.0	1244788213.0
39306103.0	1244788285.0
40589842.0	1244788294.0
5240628.0	1244788434.0
21572623.0	1244788487.0
42877523.0	1244788502.0
44068248.0	1244788527.0
42844183.0	1244788685.0
1599316.0	1244788709.0
22516764.0	1244788817.0
20553643.0	1244788876.0
43156507.0	1244788904.0
45468997.0	1244788905.0
36826809.0	1244789146.0
30074649.0	1244789219.0
25479429.0	1244789272.0
39602694.0	1244789398.0
22684286.0	1244789619.0
24457029.0	1244789916.0
38433076.0	1244789921.0
933.0	1244790022.0
41301068.0	1244790096.0
2103572.0	1244790128.0
24785311.0	1244790205.0
937.0	1244790226.0
938.0	1244790260.0
32508649.0	1244790311.0
40346543.0	1244790336.0
17866088.0	1244790409.0
35967420.0	1244790442.0
29959637.0	1244790520.0
6277036.0	1244790537.0
12824042.0	1244790732.0
30135983.0	1244790757.0
31355224.0	1244790992.0
8630316.0	1244791002.0
15450448.0	1244791019.0
5328733.0	1244791101.0
18145865.0	1244791133.0
42854661.0	1244791280.0
19362485.0	1244791285.0
806.0	1244791610.0
12337420.0	1244791623.0
42844183.0	1244791682.0
1315720.0	1244791799.0
32299603.0	1244791953.0
55739792.0	1244791962.0
42716473.0	1244791996.0
38361523.0	1244792057.0
19069791.0	1244792141.0
1599316.0	1244792157.0
41975126.0	1244792183.0
8564068.0	1244792250.0
55773153.0	1244792387.0
33911783.0	1244792452.0
46078838.0	1244792509.0
36715607.0	1244792614.0
20445938.0	1244792726.0
452.0	1244792879.0
47154296.0	1244792903.0
33415638.0	1244792931.0
41260266.0	1244793110.0
41260266.0	1244793113.0
961.0	1244793136.0
16329766.0	1244793310.0
42844183.0	1244793486.0
19939921.0	1244793583.0
14611763.0	1244793688.0
13641749.0	1244793707.0
46758733.0	1244793796.0
19939921.0	1244793805.0
32890643.0	1244794058.0
44670036.0	1244794168.0
26451706.0	1244794288.0
32592721.0	1244794307.0
20445938.0	1244794349.0
42844183.0	1244794506.0
764.0	1244794583.0
54774708.0	1244795080.0
970.0	1244795110.0
971.0	1244795143.0
40283797.0	1244795299.0
740.0	1244795367.0
45513339.0	1244795515.0
2387835.0	1244795571.0
9121684.0	1244795804.0
974.0	1244795917.0
43551998.0	1244795971.0
41328739.0	1244796034.0
45543326.0	1244796066.0
26240859.0	1244796186.0
47154296.0	1244796282.0
812.0	1244796322.0
14256048.0	1244796419.0
45388328.0	1244796439.0
25774062.0	1244796855.0
36061126.0	1244796908.0
33550382.0	1244796953.0
30135983.0	1244797115.0
503.0	1244797212.0
44787893.0	1244797259.0
33352007.0	1244797307.0
7287329.0	1244797401.0
16425248.0	1244797493.0
55826694.0	1244797737.0
35663496.0	1244797941.0
22159142.0	1244798077.0
31632515.0	1244798248.0
452.0	1244798385.0
989.0	1244798551.0
35267195.0	1244798685.0
15208965.0	1244798960.0
892.0	1244799002.0
23246755.0	1244799016.0
35636160.0	1244799030.0
20445938.0	1244799197.0
26568533.0	1244799292.0
42844183.0	1244799306.0
5240628.0	1244799420.0
25686554.0	1244799558.0
28413665.0	1244799744.0
41474524.0	1244799965.0
44923390.0	1244800034.0
15856556.0	1244800207.0
38361523.0	1244800412.0
19387563.0	1244800507.0
47154296.0	1244800573.0
42844183.0	1244801104.0
24634954.0	1244801290.0
8294027.0	1244801480.0
26194468.0	1244801511.0
31889798.0	1244802080.0
1002.0	1244802134.0
16741743.0	1244802138.0
1004.0	1244802279.0
892.0	1244802599.0
25035680.0	1244802645.0
642.0	1244802687.0
29180023.0	1244802864.0
40673839.0	1244802892.0
1007.0	1244802928.0
34941392.0	1244802934.0
5498235.0	1244803049.0
14858058.0	1244803143.0
16095009.0	1244803227.0
1011.0	1244803366.0
812.0	1244803398.0
18480060.0	1244803825.0
31367595.0	1244803831.0
18281933.0	1244803885.0
5055258.0	1244803972.0
44435832.0	1244804055.0
20445938.0	1244804378.0
26003159.0	1244804422.0
10562996.0	1244804711.0
36897955.0	1244804886.0
13842334.0	1244804977.0
22871989.0	1244805014.0
42844183.0	1244805062.0
19634162.0	1244805137.0
32216752.0	1244805239.0
9094286.0	1244805387.0
1024.0	1244805531.0
22374945.0	1244805532.0
42063937.0	1244805539.0
1027.0	1244805544.0
42844183.0	1244805906.0
34578373.0	1244806210.0
740.0	1244806276.0
39306103.0	1244806282.0
45229855.0	1244806774.0
42844183.0	1244806864.0
44687099.0	1244807246.0
26003159.0	1244807518.0
41908158.0	1244807622.0
27359919.0	1244807720.0
37974155.0	1244807883.0
55820541.0	1244807912.0
21393603.0	1244808001.0
642.0	1244808132.0
9175818.0	1244808134.0
31202994.0	1244808261.0
31202994.0	1244808450.0
28118563.0	1244808499.0
10228140.0	1244808517.0
39927898.0	1244808769.0
10219214.0	1244808849.0
27406532.0	1244808857.0
13593842.0	1244808862.0
56009587.0	1244809208.0
31889798.0	1244809285.0
23537789.0	1244809409.0
287.0	1244809428.0
38186337.0	1244809438.0
31635679.0	1244809457.0
31491908.0	1244809653.0
10865158.0	1244810065.0
10875062.0	1244810073.0
28588274.0	1244810077.0
16919334.0	1244810751.0
14043498.0	1244810799.0
15237368.0	1244810931.0
46542675.0	1244811028.0
37931995.0	1244811056.0
46228233.0	1244811070.0
38626017.0	1244811275.0
35912183.0	1244811302.0
35912183.0	1244811341.0
41283858.0	1244811532.0
46165510.0	1244811561.0
44082747.0	1244811578.0
47298844.0	1244811618.0
15237368.0	1244811696.0
46161272.0	1244811710.0
46600344.0	1244811724.0
39943545.0	1244811814.0
35447880.0	1244812402.0
15558439.0	1244813050.0
41299936.0	1244813372.0
45628954.0	1244813432.0
13917603.0	1244813574.0
1062.0	1244813608.0
10294241.0	1244814077.0
10294241.0	1244814088.0
21463220.0	1244814217.0
10326149.0	1244814349.0
11319528.0	1244814443.0
44140630.0	1244814480.0
32929801.0	1244814643.0
32929801.0	1244814701.0
7921163.0	1244814729.0
35337767.0	1244815275.0
15004336.0	1244815754.0
39973356.0	1244815939.0
23548517.0	1244816088.0
35420105.0	1244816217.0
39973356.0	1244816218.0
17832026.0	1244816598.0
20228290.0	1244816600.0
1076.0	1244816704.0
32190699.0	1244816856.0
37549173.0	1244817144.0
39801583.0	1244817218.0
20553643.0	1244817251.0
44697548.0	1244817462.0
22907396.0	1244817512.0
18058606.0	1244817737.0
39490841.0	1244818003.0
35923012.0	1244818037.0
680.0	1244818254.0
41908158.0	1244818286.0
44193755.0	1244818478.0
5340584.0	1244818798.0
30357030.0	1244818809.0
28567339.0	1244818948.0
38647182.0	1244818955.0
10326149.0	1244819132.0
44049504.0	1244819223.0
10326149.0	1244819401.0
40988426.0	1244819628.0
30303589.0	1244819798.0
3510407.0	1244819835.0
1315720.0	1244820282.0
26003159.0	1244820415.0
33280575.0	1244820684.0
31250088.0	1244820922.0
22293177.0	1244821349.0
44952150.0	1244821427.0
46589913.0	1244821845.0
16919334.0	1244821887.0
35995966.0	1244821937.0
35015540.0	1244822187.0
5168780.0	1244823046.0
37025527.0	1244823077.0
32073462.0	1244823399.0
42185160.0	1244823672.0
37923325.0	1244823995.0
34374395.0	1244824023.0
55795022.0	1244824125.0
831.0	1244824401.0
40389641.0	1244824711.0
29771792.0	1244825701.0
33719480.0	1244826152.0
26623955.0	1244826171.0
33116472.0	1244826205.0
17698310.0	1244826388.0
36270532.0	1244826394.0
17545417.0	1244826421.0
32844764.0	1244826467.0
1600154.0	1244826883.0
45876114.0	1244826888.0
43986252.0	1244827105.0
36270532.0	1244827109.0
28692621.0	1244827131.0
43986252.0	1244827201.0
19717233.0	1244827212.0
43986252.0	1244827298.0
35832804.0	1244827387.0
43986252.0	1244827560.0
13928116.0	1244827611.0
1112.0	1244827617.0
43986252.0	1244827620.0
34152752.0	1244828242.0
37975434.0	1244829336.0
46154291.0	1244829605.0
1116.0	1244830213.0
55947718.0	1244830274.0
1118.0	1244830847.0
46792564.0	1244830885.0
15051460.0	1244830979.0
1121.0	1244831247.0
33079516.0	1244831464.0
24883196.0	1244832208.0
21572623.0	1244832481.0
44104010.0	1244832551.0
22791428.0	1244832627.0
45835647.0	1244832718.0
840.0	1244832989.0
1127.0	1244833221.0
28720242.0	1244833234.0
15018784.0	1244834045.0
15237368.0	1244834948.0
23514764.0	1244835973.0
34794012.0	1244836452.0
44811346.0	1244836504.0
26722453.0	1244836855.0
33705502.0	1244837461.0
1133.0	1244837905.0
31889798.0	1244838037.0
44781022.0	1244838397.0
39546997.0	1244838589.0
55682058.0	1244838671.0
9121684.0	1244838987.0
36163296.0	1244839759.0
23870005.0	1244840602.0
21657736.0	1244840623.0
32204327.0	1244840659.0
18556264.0	1244841094.0
42945832.0	1244841535.0
9024040.0	1244842485.0
36426230.0	1244842805.0
30135983.0	1244843192.0
25152690.0	1244845142.0
55645471.0	1244845285.0
36311169.0	1244846931.0
1144.0	1244851447.0
44610797.0	1244851504.0
1146.0	1244852917.0
47506583.0	1244854817.0
30267857.0	1244854927.0
16919334.0	1244855489.0
45835647.0	1244855561.0
43993487.0	1244855849.0
16425248.0	1244856072.0
5328733.0	1244856599.0
1599316.0	1244856882.0
1599316.0	1244856888.0
35897307.0	1244856987.0
5328733.0	1244857070.0
16919334.0	1244857414.0
41253327.0	1244857547.0
452.0	1244857707.0
45326457.0	1244857743.0
46589913.0	1244857991.0
34643254.0	1244858668.0
19263590.0	1244858970.0
45455550.0	1244859079.0
36108373.0	1244859212.0
9638243.0	1244859286.0
34711253.0	1244859349.0
26042422.0	1244859357.0
287.0	1244859375.0
773.0	1244859399.0
39030126.0	1244859420.0
3428311.0	1244859467.0
26623955.0	1244859515.0
39602694.0	1244859673.0
1155.0	1244860024.0
9411032.0	1244860082.0
20239625.0	1244860290.0
39915702.0	1244860323.0
42701829.0	1244860383.0
29112656.0	1244860977.0
16919334.0	1244861246.0
16919334.0	1244861267.0
25904476.0	1244861368.0
27359919.0	1244861504.0
1160.0	1244861635.0
47094194.0	1244861650.0
38361523.0	1244862222.0
31571007.0	1244862349.0
42161594.0	1244862418.0
642.0	1244862498.0
45041146.0	1244862639.0
1165.0	1244862851.0
920.0	1244862872.0
36475574.0	1244863053.0
17674479.0	1244863681.0
44781022.0	1244863839.0
3938567.0	1244863967.0
523.0	1244864156.0
34713914.0	1244864826.0
42311176.0	1244864924.0
41657359.0	1244865078.0
44781022.0	1244865113.0
23504786.0	1244865345.0
680.0	1244865872.0
38580736.0	1244866027.0
13842334.0	1244866200.0
15290123.0	1244866207.0
39915702.0	1244866218.0
55645471.0	1244866244.0
35591017.0	1244866255.0
8630316.0	1244866608.0
21983166.0	1244866771.0
1176.0	1244867352.0
41881840.0	1244867419.0
1178.0	1244867462.0
45163449.0	1244868121.0
30521387.0	1244868137.0
55762225.0	1244868796.0
55837457.0	1244868935.0
30521387.0	1244868983.0
1176.0	1244869060.0
47518898.0	1244869628.0
39057902.0	1244869759.0
47208008.0	1244869925.0
28835292.0	1244870002.0
27747934.0	1244870005.0
35512263.0	1244870435.0
30521387.0	1244870610.0
14182123.0	1244871209.0
43996619.0	1244871249.0
15924467.0	1244871256.0
1185.0	1244871531.0
41221986.0	1244872785.0
38573032.0	1244872943.0
22923656.0	1244873236.0
23029582.0	1244873316.0
1062.0	1244874080.0
1189.0	1244874314.0
1190.0	1244874332.0
39406794.0	1244874366.0
22035175.0	1244874640.0
39306103.0	1244874675.0
36075630.0	1244874764.0
43694964.0	1244875269.0
30188717.0	1244875769.0
43742059.0	1244876076.0
16176341.0	1244876461.0
812.0	1244877033.0
1289121.0	1244877282.0
26042422.0	1244877607.0
10275838.0	1244877668.0
496.0	1244877674.0
15450448.0	1244877678.0
38115191.0	1244877691.0
4668922.0	1244877704.0
21572623.0	1244877833.0
35897307.0	1244878088.0
44982185.0	1244878245.0
10250930.0	1244878557.0
24092566.0	1244878607.0
5240628.0	1244878617.0
41050967.0	1244878849.0
43996619.0	1244878976.0
16919334.0	1244879164.0
41260266.0	1244879638.0
41260266.0	1244879641.0
25599977.0	1244879893.0
16425248.0	1244880052.0
44634754.0	1244880197.0
42185160.0	1244881257.0
39969648.0	1244881258.0
39475849.0	1244881320.0
38433076.0	1244881414.0
55986255.0	1244881607.0
919.0	1244881617.0
39602694.0	1244881655.0
42877523.0	1244882055.0
17866088.0	1244882266.0
21572623.0	1244882449.0
1209.0	1244882775.0
1315720.0	1244882941.0
26534752.0	1244882978.0
8122961.0	1244883000.0
235.0	1244883639.0
23246779.0	1244883918.0
25479429.0	1244884470.0
46447381.0	1244884496.0
1214.0	1244885110.0
39947309.0	1244885211.0
23246779.0	1244885474.0
1215.0	1244885988.0
32122355.0	1244886751.0
42877523.0	1244888112.0
1829136.0	1244888283.0
1216.0	1244888343.0
36715710.0	1244888402.0
42893540.0	1244888489.0
29530988.0	1244888527.0
6088045.0	1244888532.0
47545754.0	1244888765.0
21200206.0	1244889114.0
1222.0	1244889251.0
19123866.0	1244889409.0
812.0	1244889448.0
42844183.0	1244889482.0
45543326.0	1244889680.0
11765346.0	1244889686.0
1390164.0	1244889756.0
38294928.0	1244889775.0
831.0	1244889796.0
41009538.0	1244890002.0
46048498.0	1244890008.0
55763472.0	1244890040.0
19782039.0	1244890044.0
44781022.0	1244890264.0
12592025.0	1244890407.0
41260266.0	1244890415.0
590398.0	1244890458.0
7730174.0	1244890477.0
22871989.0	1244890817.0
38031161.0	1244890842.0
515.0	1244890858.0
599.0	1244890881.0
599.0	1244890962.0
29401755.0	1244890991.0
8122961.0	1244890995.0
811.0	1244891078.0
46268381.0	1244891218.0
37832344.0	1244891224.0
37832344.0	1244891240.0
37832344.0	1244891260.0
25838603.0	1244891272.0
22098051.0	1244891291.0
830.0	1244891323.0
1236.0	1244891330.0
615.0	1244891535.0
20329481.0	1244891565.0
47106803.0	1244891758.0
34711253.0	1244891786.0
9261699.0	1244891862.0
31279645.0	1244891962.0
23246779.0	1244892082.0
39346177.0	1244892324.0
10278646.0	1244892483.0
776.0	1244892514.0
28797312.0	1244892582.0
28634930.0	1244892654.0
29696243.0	1244892657.0
1117015.0	1244892787.0
38310353.0	1244892830.0
1241.0	1244892864.0
1599316.0	1244892958.0
27331424.0	1244892964.0
37186191.0	1244893022.0
47448666.0	1244893068.0
1245.0	1244893069.0
1246.0	1244893104.0
8630316.0	1244893118.0
23368320.0	1244893274.0
14828094.0	1244893303.0
32884056.0	1244893548.0
19735727.0	1244893550.0
45126942.0	1244893602.0
37680345.0	1244893607.0
16919334.0	1244893756.0
1252.0	1244893827.0
55762225.0	1244894050.0
43319499.0	1244894460.0
43310831.0	1244894481.0
43313499.0	1244894518.0
42820313.0	1244894535.0
43312688.0	1244894555.0
42822123.0	1244894568.0
43315532.0	1244894580.0
16425248.0	1244894584.0
43312452.0	1244894596.0
42819620.0	1244894610.0
43316150.0	1244894621.0
43310005.0	1244894633.0
42820986.0	1244894645.0
42823260.0	1244894660.0
43317886.0	1244894674.0
42822676.0	1244894689.0
825.0	1244894699.0
43313211.0	1244894706.0
43318932.0	1244894720.0
43314057.0	1244894743.0
42821565.0	1244894756.0
43311680.0	1244894770.0
43317371.0	1244894783.0
5240628.0	1244894799.0
43318345.0	1244894800.0
43313748.0	1244894812.0
43312201.0	1244894826.0
43314936.0	1244894840.0
43311910.0	1244894855.0
43310403.0	1244894866.0
43316735.0	1244894885.0
43311232.0	1244894898.0
43314379.0	1244894913.0
43312921.0	1244894927.0
34467011.0	1244894958.0
39030126.0	1244894998.0
1254.0	1244895062.0
27738075.0	1244895092.0
917.0	1244895096.0
45445131.0	1244895127.0
3420957.0	1244895134.0
41516494.0	1244895280.0
21572623.0	1244895427.0
42185160.0	1244895536.0
840.0	1244895794.0
24247041.0	1244895935.0
42877523.0	1244896102.0
41260266.0	1244896251.0
28588274.0	1244896313.0
39963255.0	1244896485.0
23422174.0	1244896739.0
16919334.0	1244897099.0
44104010.0	1244897135.0
37931995.0	1244897218.0
840.0	1244897410.0
39817078.0	1244897452.0
38330482.0	1244897575.0
235.0	1244897592.0
235.0	1244897600.0
43742059.0	1244898139.0
22974653.0	1244898341.0
38361523.0	1244898423.0
866.0	1244899329.0
35184089.0	1244899343.0
23246755.0	1244899425.0
26042422.0	1244899690.0
496.0	1244899742.0
44787893.0	1244899767.0
26003159.0	1244900355.0
1222.0	1244900464.0
38109554.0	1244900611.0
1024.0	1244900998.0
23246779.0	1244901056.0
9845078.0	1244901291.0
39265710.0	1244901549.0
25479429.0	1244902080.0
44781022.0	1244902956.0
43375744.0	1244903055.0
37177678.0	1244903186.0
34118563.0	1244904466.0
44023977.0	1244904980.0
46161420.0	1244905190.0
43560260.0	1244905388.0
46165881.0	1244905422.0
46044235.0	1244905448.0
37541714.0	1244905601.0
44082747.0	1244905708.0
45445131.0	1244905853.0
44083455.0	1244905871.0
45696250.0	1244905893.0
46600344.0	1244906039.0
42243038.0	1244906949.0
55064923.0	1244907326.0
25841428.0	1244908204.0
20553643.0	1244908678.0
9121684.0	1244908790.0
52869492.0	1244909051.0
45835647.0	1244909075.0
47417398.0	1244909656.0
27649685.0	1244909861.0
33280086.0	1244910693.0
23591925.0	1244911481.0
34753016.0	1244911809.0
34753083.0	1244911810.0
21996984.0	1244911862.0
26120753.0	1244912133.0
235.0	1244912386.0
901.0	1244912407.0
26472260.0	1244912564.0
46783030.0	1244912650.0
38298059.0	1244913211.0
45951987.0	1244914163.0
31355224.0	1244914672.0
34753083.0	1244914809.0
46631051.0	1244914887.0
20838773.0	1244915148.0
26816753.0	1244915370.0
34942969.0	1244917616.0
55979532.0	1244918393.0
34753016.0	1244918408.0
34753083.0	1244918410.0
32191615.0	1244918496.0
35223458.0	1244918857.0
2103572.0	1244919211.0
937.0	1244919283.0
938.0	1244919297.0
41793471.0	1244919866.0
11765346.0	1244919923.0
933.0	1244919969.0
13593842.0	1244920643.0
35897307.0	1244921274.0
43808564.0	1244921297.0
47154296.0	1244921904.0
34753016.0	1244922009.0
34753083.0	1244922010.0
44781022.0	1244922688.0
41908158.0	1244922848.0
41283858.0	1244923141.0
27359919.0	1244923174.0
40589842.0	1244923354.0
10219214.0	1244924277.0
1133.0	1244924312.0
31889798.0	1244924498.0
21071145.0	1244924767.0
32204327.0	1244925021.0
42701829.0	1244925251.0
46942356.0	1244925352.0
34753016.0	1244925609.0
34753083.0	1244925610.0
235.0	1244926809.0
642.0	1244926932.0
37832344.0	1244927446.0
41398100.0	1244927711.0
42116737.0	1244928251.0
21463220.0	1244929026.0
19432641.0	1244929371.0
764.0	1244929658.0
34753083.0	1244929808.0
23029582.0	1244930115.0
40923855.0	1244931696.0
19453425.0	1244932278.0
37594797.0	1244932646.0
34753016.0	1244933407.0
34753083.0	1244933408.0
43021471.0	1244935243.0
32050737.0	1244936944.0
32050737.0	1244940014.0
32050737.0	1244940017.0
55894309.0	1244940476.0
35014874.0	1244941098.0
17513741.0	1244941243.0
8630316.0	1244942165.0
1305.0	1244942166.0
23600130.0	1244942741.0
5328733.0	1244944668.0
25378855.0	1244945267.0
36501027.0	1244948690.0
37783077.0	1244950966.0
46551779.0	1244950995.0
23246779.0	1244952060.0
1214.0	1244952308.0
25838603.0	1244952653.0
1214.0	1244953207.0
35894928.0	1244953424.0
1214.0	1244955907.0
44856928.0	1244956529.0
28377318.0	1244957205.0
24667777.0	1244960347.0
45836507.0	1244961024.0
43911214.0	1244962142.0
41221986.0	1244962390.0
34083325.0	1244963911.0
41801126.0	1244964124.0
55970765.0	1244964853.0
25599977.0	1244966051.0
35503917.0	1244966193.0
17562611.0	1244969004.0
44458258.0	1244970168.0
14474501.0	1244970505.0
22319076.0	1244970603.0
26678575.0	1244971756.0
7603577.0	1244972852.0
1324.0	1244973736.0
7394713.0	1244980677.0
43369375.0	1244982682.0
2336767.0	1244983369.0
10294241.0	1244984753.0
55980960.0	1244986537.0
17097962.0	1244986996.0
27380993.0	1244988439.0
1165.0	1244989443.0
28797312.0	1244989745.0
33312166.0	1244990023.0
1331.0	1244990685.0
29112656.0	1244990692.0
34713914.0	1244991301.0
38361523.0	1244991676.0
39535724.0	1244993889.0
29598668.0	1244995665.0
26623955.0	1244995837.0
3428311.0	1244996294.0
1176.0	1244997249.0
41881840.0	1244997352.0
23927767.0	1244997511.0
1176.0	1244999128.0
20448110.0	1245008237.0
6390551.0	1245009689.0
43629788.0	1245009721.0
45177836.0	1245009732.0
41426174.0	1245011137.0
27253799.0	1245011317.0
55928468.0	1245013277.0
1342.0	1245015126.0
12823728.0	1245015396.0
46589913.0	1245016409.0
23246779.0	1245017045.0
6848091.0	1245017078.0
41793471.0	1245017331.0
55762225.0	1245018045.0
23246779.0	1245019990.0
45707594.0	1245020256.0
41793471.0	1245020801.0
41793471.0	1245020808.0
40988426.0	1245021287.0
40743069.0	1245022704.0
1346.0	1245022768.0
44663923.0	1245023811.0
17334233.0	1245024890.0
47060511.0	1245026075.0
36370796.0	1245032126.0
36370796.0	1245032424.0
47650481.0	1245034028.0
11749083.0	1245034878.0
16414936.0	1245035228.0
42896294.0	1245035900.0
55935089.0	1245038740.0
44985518.0	1245039054.0
1829136.0	1245039303.0
22496441.0	1245039347.0
3715526.0	1245039427.0
26977647.0	1245039477.0
1216.0	1245039664.0
1358.0	1245040379.0
1599316.0	1245040514.0
37832344.0	1245041020.0
37832344.0	1245041039.0
12928355.0	1245041323.0
24457029.0	1245041928.0
39851487.0	1245042077.0
12984459.0	1245042086.0
38031161.0	1245042155.0
41221986.0	1245042215.0
45471669.0	1245042449.0
40269951.0	1245042511.0
26290187.0	1245042513.0
340.0	1245042548.0
785.0	1245045450.0
38591152.0	1245045570.0
36609119.0	1245045680.0
38591152.0	1245045715.0
35398694.0	1245045815.0
45084465.0	1245046074.0
55661415.0	1245047671.0
13178108.0	1245050129.0
46308195.0	1245050650.0
37974155.0	1245051359.0
21393603.0	1245051605.0
45237945.0	1245051851.0
20125284.0	1245053316.0
41563565.0	1245059205.0
16202527.0	1245060934.0
23348548.0	1245062733.0
14472548.0	1245063149.0
39943545.0	1245064047.0
47688128.0	1245065097.0
27067743.0	1245067918.0
26573642.0	1245068141.0
45682895.0	1245069226.0
1207817.0	1245069622.0
1663530.0	1245069655.0
22780678.0	1245070697.0
39894312.0	1245071520.0
35715863.0	1245071676.0
32663688.0	1245073232.0
38596346.0	1245073931.0
10294241.0	1245074234.0
40222287.0	1245075066.0
15395555.0	1245075150.0
844828.0	1245075397.0
23765760.0	1245075480.0
14434274.0	1245075501.0
29766840.0	1245077157.0
5328733.0	1245078547.0
44687099.0	1245081017.0
21811432.0	1245083542.0
32929801.0	1245085116.0
28562112.0	1245085219.0
36666687.0	1245085471.0
37057701.0	1245085506.0
22643067.0	1245089669.0
26003063.0	1245090245.0
37588732.0	1245090380.0
43362267.0	1245100788.0
39085833.0	1245112843.0
45229855.0	1245116399.0
30657539.0	1245118931.0
18237719.0	1245118996.0
41637898.0	1245121834.0
30637676.0	1245125556.0
1342.0	1245127770.0
849.0	1245128037.0
55980960.0	1245128736.0
30176563.0	1245129227.0
1402.0	1245129996.0
27102468.0	1245132385.0
44949322.0	1245133192.0
1207817.0	1245134370.0
24950087.0	1245134867.0
30657539.0	1245139749.0
23675007.0	1245140894.0
18556264.0	1245141734.0
46120065.0	1245141777.0
18556264.0	1245143884.0
35195300.0	1245145662.0
235.0	1245146019.0
44745107.0	1245148144.0
34148063.0	1245151744.0
47908752.0	1245157490.0
9812003.0	1245167819.0
1413.0	1245168082.0
55762225.0	1245169433.0
38186215.0	1245172624.0
30657539.0	1245182776.0
18556264.0	1245184573.0
35179758.0	1245184808.0
5406269.0	1245184888.0
37755032.0	1245184900.0
10294241.0	1245184932.0
55297538.0	1245184973.0
16064882.0	1245185228.0
40757187.0	1245189121.0
55762225.0	1245190872.0
37825420.0	1245193694.0
41265627.0	1245193870.0
45326457.0	1245194584.0
43372931.0	1245197348.0
25153403.0	1245197486.0
42854661.0	1245205114.0
47650481.0	1245205457.0
42116737.0	1245211317.0
3715526.0	1245222728.0
28356141.0	1245224119.0
39390150.0	1245226312.0
30122132.0	1245234502.0
30122132.0	1245234509.0
30122132.0	1245234612.0
30122132.0	1245234621.0
30047227.0	1245235090.0
46589913.0	1245239510.0
23786102.0	1245253223.0
22284425.0	1245254924.0
46894191.0	1245261328.0
46002893.0	1245268654.0
23600130.0	1245274901.0
35230284.0	1245284789.0
45229855.0	1245289131.0
30190741.0	1245310919.0
45628954.0	1245312335.0
45815412.0	1245318483.0
46166692.0	1245324651.0
35203636.0	1245324926.0
24642264.0	1245325376.0
45629475.0	1245328068.0
32686174.0	1245334843.0
55762225.0	1245342310.0
47957315.0	1245343461.0
28711462.0	1245350161.0
42116737.0	1245355746.0
1680247.0	1245366315.0
34229118.0	1245366327.0
30521387.0	1245376646.0
17322077.0	1245378870.0
19443617.0	1245378882.0
27548736.0	1245379100.0
43976474.0	1245379300.0
18145865.0	1245379484.0
45628954.0	1245380657.0
1829550.0	1245380672.0
35449312.0	1245381492.0
19362485.0	1245381636.0
28365372.0	1245382503.0
30521387.0	1245383011.0
46589913.0	1245383598.0
40356939.0	1245384086.0
45246249.0	1245385319.0
37057701.0	1245386101.0
41793471.0	1245386193.0
18339682.0	1245387704.0
42391575.0	1245388791.0
15450448.0	1245388988.0
25481281.0	1245389101.0
53842509.0	1245389235.0
844828.0	1245389629.0
9411032.0	1245389872.0
25479429.0	1245389917.0
23835187.0	1245389933.0
30657539.0	1245390005.0
30657539.0	1245390332.0
22383449.0	1245390448.0
40175369.0	1245390797.0
46283660.0	1245390950.0
25481281.0	1245391012.0
46295098.0	1245391249.0
29614740.0	1245391267.0
599.0	1245391307.0
46286528.0	1245391371.0
46290538.0	1245391532.0
34344863.0	1245391934.0
38361523.0	1245393074.0
21982548.0	1245393272.0
1462.0	1245393285.0
35904118.0	1245393370.0
33312166.0	1245393413.0
1599316.0	1245393452.0
44985518.0	1245393716.0
42479595.0	1245393904.0
39520694.0	1245394065.0
20178313.0	1245394898.0
42854661.0	1245395928.0
1002.0	1245396143.0
15236262.0	1245396199.0
20680503.0	1245396855.0
23410328.0	1245397082.0
35995495.0	1245397733.0
38591152.0	1245397770.0
33719480.0	1245398707.0
1469.0	1245399053.0
8337410.0	1245399450.0
3428311.0	1245399572.0
1346.0	1245400319.0
38361523.0	1245402183.0
30521387.0	1245402978.0
51526841.0	1245403901.0
8057484.0	1245404091.0
55970765.0	1245405867.0
47193911.0	1245406805.0
24041917.0	1245407055.0
1680247.0	1245409374.0
34229118.0	1245409403.0
22097185.0	1245412882.0
33405265.0	1245413795.0
41563565.0	1245415947.0
44489025.0	1245419360.0
40150689.0	1245422861.0
953336.0	1245424094.0
39449564.0	1245424282.0
40988426.0	1245424429.0
39357862.0	1245426297.0
39952393.0	1245428522.0
34344863.0	1245429391.0
40743069.0	1245430402.0
42581921.0	1245433022.0
15208965.0	1245434334.0
16489957.0	1245434683.0
26199443.0	1245436495.0
55666264.0	1245437134.0
46970646.0	1245438046.0
32228365.0	1245440084.0
25035680.0	1245443865.0
44727000.0	1245447870.0
45025131.0	1245447927.0
45024607.0	1245447941.0
44718544.0	1245447961.0
23246779.0	1245449722.0
1176.0	1245451416.0
40997671.0	1245451417.0
11765346.0	1245464527.0
19738606.0	1245467969.0
5328733.0	1245468060.0
32336427.0	1245479872.0
10275838.0	1245480210.0
44985518.0	1245480737.0
26816753.0	1245492223.0
25479429.0	1245492260.0
40750011.0	1245493860.0
23246779.0	1245497470.0
21470370.0	1245504951.0
44781022.0	1245517381.0
41140603.0	1245517870.0
11319753.0	1245520610.0
27331424.0	1245521981.0
25193343.0	1245532086.0
43250001.0	1245538755.0
26515895.0	1245550447.0
44437041.0	1245558577.0
41289873.0	1245558786.0
26623955.0	1245561100.0
40750011.0	1245563562.0
37715105.0	1245573320.0
39469559.0	1245581756.0
39118476.0	1245599819.0
39464807.0	1245618598.0
42116737.0	1245623045.0
30264543.0	1245634563.0
438.0	1245645207.0
12464369.0	1245649614.0
39817819.0	1245650424.0
38745210.0	1245651630.0
38984646.0	1245653572.0
55970765.0	1245657884.0
1342.0	1245658171.0
34344863.0	1245658728.0
849.0	1245659694.0
29678598.0	1245659867.0
25143425.0	1245665333.0
39449564.0	1245666232.0
39159526.0	1245668608.0
43904440.0	1245676895.0
45707594.0	1245705794.0
32112986.0	1245730553.0
25180118.0	1245731610.0
21184424.0	1245732937.0
30657539.0	1245741308.0
36842536.0	1245756439.0
45707594.0	1245800766.0
40917202.0	1245813619.0
25180118.0	1245822237.0
33005058.0	1245826402.0
48770415.0	1245829155.0
39943545.0	1245834463.0
41462652.0	1245836585.0
25284409.0	1245836877.0
34892281.0	1245859953.0
49137409.0	1245878382.0
22496441.0	1245904308.0
55793343.0	1245908401.0
55793343.0	1245914992.0
45707594.0	1245921915.0
30657539.0	1245968611.0
1526.0	1245988469.0
1526.0	1245988614.0
1527.0	1245995908.0
30657539.0	1246004662.0
45707594.0	1246062584.0
1528.0	1246069565.0
16425248.0	1246069895.0
26042422.0	1246070798.0
5240628.0	1246070873.0
47501749.0	1246089669.0
47501749.0	1246091308.0
5328733.0	1246093500.0
47501749.0	1246093771.0
47501749.0	1246094914.0
5328733.0	1246100625.0
41532690.0	1246139151.0
45472432.0	1246250543.0
51936244.0	1246254576.0
39517851.0	1246268291.0
56007293.0	1246285520.0
23515864.0	1246285855.0
33772018.0	1246285863.0
46542045.0	1246341405.0
46542045.0	1246341465.0
46542045.0	1246342919.0
30657539.0	1246346268.0
36270532.0	1246376489.0
43524603.0	1246388555.0
30357030.0	1246393253.0
12824042.0	1246399290.0
47831278.0	1246408466.0
36938915.0	1246427387.0
30657539.0	1246428692.0
42581921.0	1246444622.0
35447880.0	1246448600.0
32160263.0	1246450250.0
30657539.0	1246489391.0
47783382.0	1246553036.0
35068461.0	1246586621.0
35068461.0	1246588765.0
7404548.0	1246596454.0
16489803.0	1246622599.0
41288664.0	1246623566.0
44138012.0	1246645507.0
10275838.0	1246682190.0
37051447.0	1246682434.0
12737991.0	1246691353.0
39177935.0	1246716014.0
1469.0	1246717693.0
1547.0	1246718187.0
50408500.0	1246721006.0
41227983.0	1246726433.0
47784570.0	1246761894.0
30657539.0	1246766981.0
5328733.0	1246780473.0
1551.0	1246797756.0
13991374.0	1246847520.0
22874272.0	1246849807.0
39535986.0	1246850195.0
19213156.0	1246850211.0
25869843.0	1246859347.0
55994033.0	1246862518.0
27747934.0	1246869960.0
28835292.0	1246869997.0
42760455.0	1246870715.0
1558.0	1246871015.0
25479429.0	1246874560.0
34753016.0	1246877424.0
34753083.0	1246877426.0
30941593.0	1246879142.0
37877527.0	1246881197.0
45408108.0	1246886240.0
42278581.0	1246887318.0
38085245.0	1246891830.0
27747934.0	1246893375.0
28835292.0	1246893424.0
44854814.0	1246899992.0
21470370.0	1246899995.0
41951463.0	1246923325.0
47448336.0	1246927844.0
9409014.0	1246935894.0
32169936.0	1246957545.0
686946.0	1246960420.0
28192564.0	1246969988.0
20553643.0	1246985263.0
12824042.0	1247018661.0
12824042.0	1247018763.0
55980960.0	1247031206.0
844828.0	1247082906.0
25452082.0	1247083025.0
25479429.0	1247083069.0
43721917.0	1247083146.0
35517349.0	1247083611.0
32160263.0	1247084141.0
35517349.0	1247084150.0
30324614.0	1247089995.0
30657539.0	1247103642.0
30657539.0	1247103712.0
30657539.0	1247103786.0
41258040.0	1247109811.0
31583281.0	1247109994.0
37057701.0	1247116362.0
50606116.0	1247119346.0
37057701.0	1247120418.0
49975026.0	1247121254.0
32160263.0	1247122382.0
1576.0	1247125439.0
182.0	1247144683.0
5328733.0	1247147253.0
16982846.0	1247155399.0
36788872.0	1247157271.0
9120582.0	1247190843.0
15008988.0	1247198303.0
5328733.0	1247199327.0
55846584.0	1247219639.0
34508770.0	1247304179.0
26834132.0	1247352055.0
31954376.0	1247396357.0
19092805.0	1247543646.0
33019416.0	1247544535.0
33019416.0	1247546686.0
26986545.0	1247546922.0
29022691.0	1247553132.0
38626017.0	1247554300.0
19092805.0	1247554974.0
23515864.0	1247576682.0
33772018.0	1247576696.0
25035680.0	1247579691.0
42581921.0	1247621822.0
27358535.0	1247646623.0
5328733.0	1247648321.0
17249071.0	1247653636.0
34994941.0	1247662450.0
43973098.0	1247674595.0
43973098.0	1247674597.0
43973098.0	1247674601.0
15579487.0	1247678072.0
31463598.0	1247736449.0
45836507.0	1247764222.0
39930400.0	1247776358.0
12824042.0	1247778101.0
18145865.0	1247800876.0
15450448.0	1247808917.0
18145865.0	1247810166.0
44184483.0	1247812248.0
42370616.0	1247812904.0
29022691.0	1247812985.0
1551.0	1247813226.0
46589913.0	1247818762.0
49479255.0	1247819516.0
30122132.0	1247820734.0
39142992.0	1247821529.0
40666466.0	1247824439.0
46676605.0	1247826786.0
37057701.0	1247829378.0
37057701.0	1247830742.0
34163412.0	1247839489.0
37808258.0	1247878579.0
50359254.0	1247879333.0
25940602.0	1247884345.0
51460521.0	1247886593.0
47993815.0	1247886714.0
49632495.0	1247886755.0
55762225.0	1247886803.0
26042422.0	1247892211.0
43742059.0	1247894020.0
45835647.0	1247898124.0
55762225.0	1247903154.0
37062949.0	1247905357.0
15208965.0	1247909218.0
37057701.0	1247915364.0
8685352.0	1247915515.0
37057701.0	1247917494.0
50117337.0	1247919394.0
35518830.0	1247923401.0
17832026.0	1247932956.0
34664226.0	1247934879.0
21430261.0	1247956820.0
1605.0	1247961487.0
37624965.0	1247972109.0
44513750.0	1247976729.0
45100443.0	1247978872.0
5328733.0	1247984375.0
55645471.0	1248001169.0
13171359.0	1248026415.0
20535671.0	1248034670.0
55498851.0	1248037420.0
22289931.0	1248058914.0
33019416.0	1248062917.0
33010631.0	1248063149.0
45567386.0	1248063745.0
20535671.0	1248064222.0
18911956.0	1248084333.0
20179578.0	1248087408.0
26580560.0	1248118528.0
52220401.0	1248199075.0
52220401.0	1248200919.0
30485503.0	1248240145.0
25479429.0	1248240606.0
43721917.0	1248243066.0
24042645.0	1248247923.0
52220401.0	1248269039.0
12824042.0	1248298108.0
6056528.0	1248358433.0
52372578.0	1248503178.0
52372578.0	1248504356.0
30657539.0	1248724889.0
30657539.0	1248725348.0
36365628.0	1248759457.0
39943545.0	1248869377.0
32079856.0	1248875764.0
27540375.0	1248932507.0
29437695.0	1248932643.0
36697188.0	1248933594.0
46376188.0	1248934106.0
41674140.0	1248934911.0
518840.0	1248978955.0
31301756.0	1249109399.0
33146792.0	1249161749.0
52372578.0	1249234620.0
52372578.0	1249284137.0
47877800.0	1249388187.0
1454440.0	1249393592.0
15218137.0	1249402806.0
44770153.0	1249458222.0
44009274.0	1249470006.0
52372578.0	1249491832.0
19381042.0	1249574035.0
52372578.0	1249641475.0
52220401.0	1249732806.0
23555300.0	1249848577.0
5328733.0	1249869881.0
5328733.0	1249952677.0
1638.0	1249967378.0
53007297.0	1249967453.0
53026437.0	1249967799.0
53117554.0	1249973309.0
53000454.0	1249973310.0
53121237.0	1249980506.0
8399366.0	1250084698.0
52096786.0	1250092351.0
52096786.0	1250093470.0
21057696.0	1250097743.0
46121755.0	1250098957.0
30657539.0	1250130608.0
52315781.0	1250162534.0
53010837.0	1250163077.0
52096786.0	1250170220.0
21057696.0	1250172771.0
30657539.0	1250194417.0
52096786.0	1250215561.0
30657539.0	1250315241.0
52220401.0	1250448828.0
13163548.0	1250530985.0
54136934.0	1250548165.0
54842367.0	1250548187.0
54135661.0	1250555202.0
54890194.0	1250555242.0
54136404.0	1250562396.0
54110281.0	1250576754.0
54135661.0	1250591109.0
54842367.0	1250619945.0
54137497.0	1250619946.0
54135661.0	1250634338.0
54841713.0	1250637153.0
54840586.0	1250637167.0
54890194.0	1250637202.0
54842367.0	1250641546.0
51933981.0	1250670355.0
54110281.0	1250684774.0
54135661.0	1250691961.0
54136404.0	1250713519.0
42935313.0	1250727927.0
54137497.0	1250742345.0
51932440.0	1250756769.0
30657539.0	1250760766.0
30657539.0	1250760847.0
30657539.0	1250761012.0
54842367.0	1250764049.0
51933981.0	1250771207.0
54842367.0	1250799936.0
54136404.0	1250828742.0
54110281.0	1250835955.0
54135661.0	1250843169.0
54888609.0	1250871980.0
54137497.0	1250886333.0
54842367.0	1250893519.0
54135661.0	1250907926.0
54888609.0	1250915134.0
54137970.0	1250929527.0
54136404.0	1250943927.0
54889617.0	1250965747.0
54136934.0	1250987132.0
51932440.0	1250994330.0
54137497.0	1251015958.0
54136404.0	1251023146.0
51933981.0	1251023149.0
54136934.0	1251030330.0
54888609.0	1251051927.0
42935313.0	1251059160.0
54135661.0	1251059171.0
54137497.0	1251066328.0
54136404.0	1251073537.0
42935313.0	1251080733.0
54111479.0	1251087943.0
54842367.0	1251102367.0
51932440.0	1251116741.0
42935313.0	1251145522.0
54889013.0	1251151408.0
54890194.0	1251151431.0
54888609.0	1251151442.0
54888609.0	1251267925.0
54890194.0	1251281453.0
42935313.0	1251288659.0
54888609.0	1251317465.0
54890194.0	1251325553.0
46208159.0	1251331846.0
42935313.0	1251339035.0
51933981.0	1251360640.0
46208159.0	1251360663.0
54890194.0	1251396688.0
46208159.0	1251396698.0
54888609.0	1251439873.0
54890194.0	1251447948.0
54888609.0	1251454272.0
54889013.0	1251462317.0
46208159.0	1251505590.0
52220401.0	1251544215.0
54890194.0	1251548738.0
42935313.0	1251555049.0
46208159.0	1251570364.0
46208159.0	1251599131.0
51932440.0	1251605442.0
46208159.0	1251606335.0
54890194.0	1251628023.0
46208159.0	1251642367.0
51933981.0	1251677453.0
46208159.0	1251691859.0
54140064.0	1251692773.0
1670.0	1252536944.0
1671.0	1252884380.0
55010126.0	1252885463.0
1673.0	1252887930.0
1674.0	1252893624.0
55384790.0	1252902451.0
54363994.0	1252917746.0
54902338.0	1252919106.0
54902338.0	1252986421.0
1678.0	1253247671.0
54322560.0	1253353748.0
1680.0	1253354455.0
1681.0	1253354507.0
1682.0	1253355418.0
1683.0	1253357055.0
1684.0	1253357056.0
42141822.0	1253387426.0
1686.0	1253499602.0
