206611.0	1202651361.0
206611.0	1202651585.0
206611.0	1202652387.0
27100518.0	1251353276.0
54608865.0	1251355225.0
30130685.0	1251355237.0
20582165.0	1251355921.0
16712222.0	1251356120.0
34668860.0	1251356960.0
39874524.0	1251357196.0
55807931.0	1251357485.0
41299936.0	1251357562.0
32682978.0	1251357584.0
44114664.0	1251357651.0
46681013.0	1251357665.0
32682978.0	1251359032.0
1702.0	1251359865.0
53511191.0	1251359941.0
19354.0	1251360043.0
25893737.0	1251360455.0
38983.0	1251360518.0
53733304.0	1251360730.0
33181227.0	1251361094.0
24907672.0	1251362266.0
22678269.0	1251363033.0
51846997.0	1251363079.0
39915702.0	1251363081.0
47691581.0	1251363172.0
45481940.0	1251363586.0
53471447.0	1251364286.0
54387142.0	1251364289.0
54595164.0	1251364291.0
53472371.0	1251364292.0
53472527.0	1251364293.0
28705430.0	1251364556.0
28741480.0	1251364614.0
27627976.0	1251364701.0
52322042.0	1251365696.0
47275273.0	1251365818.0
15887335.0	1251365894.0
29423926.0	1251365976.0
13739761.0	1251366003.0
12086776.0	1251366056.0
38997.0	1251366547.0
20510188.0	1251366556.0
39915702.0	1251366617.0
49084313.0	1251366757.0
41299936.0	1251367096.0
53259363.0	1251367160.0
27112347.0	1251367252.0
54686053.0	1251367401.0
54686053.0	1251367408.0
54595164.0	1251367522.0
53471447.0	1251367524.0
48386701.0	1251367529.0
53472527.0	1251367531.0
53472371.0	1251367534.0
54387142.0	1251367536.0
25900052.0	1251367969.0
53225456.0	1251367986.0
46042498.0	1251368649.0
37877527.0	1251369569.0
38997.0	1251370075.0
5829607.0	1251370145.0
1688.0	1251370162.0
40590268.0	1251370986.0
41923571.0	1251371340.0
17691204.0	1251371406.0
51286568.0	1251371488.0
15885166.0	1251371538.0
42318260.0	1251371829.0
19007071.0	1251372118.0
48303697.0	1251373128.0
2804617.0	1251373140.0
22678269.0	1251373672.0
7427990.0	1251374206.0
28184235.0	1251374261.0
23389675.0	1251374384.0
54686053.0	1251374950.0
26504425.0	1251375195.0
53577626.0	1251375613.0
17691204.0	1251376902.0
36952715.0	1251377277.0
15217073.0	1251377856.0
30246142.0	1251377903.0
31357051.0	1251377994.0
53506972.0	1251378072.0
49167972.0	1251378243.0
13117975.0	1251378345.0
1694.0	1251378472.0
31357051.0	1251378546.0
23117183.0	1251379020.0
23984876.0	1251379070.0
2804617.0	1251379276.0
17691204.0	1251379387.0
1694.0	1251379401.0
16966129.0	1251379654.0
39330667.0	1251379698.0
24529473.0	1251379780.0
24907672.0	1251379803.0
36952715.0	1251379938.0
9815850.0	1251379999.0
5773920.0	1251380181.0
55570465.0	1251380235.0
51024791.0	1251380397.0
51592148.0	1251380948.0
5773920.0	1251380956.0
26504425.0	1251380965.0
26846934.0	1251381015.0
55892835.0	1251381220.0
13942494.0	1251381253.0
15384368.0	1251381343.0
50868153.0	1251381411.0
15217073.0	1251381522.0
44843000.0	1251381544.0
35661144.0	1251381569.0
50559110.0	1251381605.0
53577626.0	1251381606.0
46878439.0	1251381721.0
17999529.0	1251381862.0
14182845.0	1251381956.0
53459933.0	1251382025.0
14910232.0	1251382181.0
53733304.0	1251382331.0
36952715.0	1251382878.0
15213083.0	1251382993.0
19932552.0	1251383267.0
36649553.0	1251383292.0
31700831.0	1251383536.0
24539530.0	1251383591.0
17005582.0	1251383912.0
47537970.0	1251384628.0
1723.0	1251384773.0
23351565.0	1251385301.0
38458575.0	1251385378.0
39054.0	1251385790.0
39332715.0	1251385855.0
19621946.0	1251386464.0
39056.0	1251387250.0
19764538.0	1251387351.0
39058.0	1251387898.0
52251466.0	1251388265.0
53465956.0	1251388942.0
10381057.0	1251388977.0
14910232.0	1251389075.0
31997494.0	1251389418.0
42613830.0	1251389640.0
45440173.0	1251389649.0
24347958.0	1251389686.0
48263549.0	1251389753.0
22678269.0	1251389789.0
47808647.0	1251390451.0
41714987.0	1251390509.0
22678269.0	1251390640.0
46237504.0	1251390728.0
38997.0	1251390870.0
5875799.0	1251391065.0
47323661.0	1251391155.0
31997494.0	1251391217.0
55826694.0	1251391636.0
32033512.0	1251391661.0
33717629.0	1251392054.0
40668765.0	1251392242.0
35090796.0	1251392407.0
22678269.0	1251392449.0
28705430.0	1251392925.0
30390650.0	1251393013.0
31920768.0	1251393050.0
51806187.0	1251393587.0
25958108.0	1251393592.0
47060157.0	1251394001.0
38500304.0	1251394135.0
28705430.0	1251394378.0
50802327.0	1251394404.0
31920768.0	1251394642.0
53352071.0	1251394952.0
39079.0	1251395101.0
24497592.0	1251395232.0
44166376.0	1251395389.0
25485424.0	1251395579.0
138950.0	1251395742.0
19162737.0	1251396363.0
23741735.0	1251398296.0
25373111.0	1251398585.0
53749618.0	1251398804.0
38329244.0	1251399294.0
1250332.0	1251399342.0
1642830.0	1251399643.0
20582165.0	1251400957.0
24225.0	1251402162.0
5878465.0	1251402281.0
7068126.0	1251403802.0
38816662.0	1251403957.0
28623590.0	1251403964.0
8098832.0	1251404182.0
31691571.0	1251404185.0
42231453.0	1251404196.0
42231453.0	1251404317.0
48070462.0	1251405148.0
21219748.0	1251405176.0
32230820.0	1251405227.0
55305031.0	1251405229.0
49169420.0	1251405716.0
49169703.0	1251405717.0
49171033.0	1251405718.0
39056.0	1251406275.0
53766613.0	1251406773.0
48015285.0	1251409687.0
52422977.0	1251409784.0
24349955.0	1251410291.0
31997494.0	1251410421.0
39105.0	1251411306.0
13930530.0	1251411403.0
47616817.0	1251411560.0
38997.0	1251411634.0
32220269.0	1251411745.0
47968239.0	1251412115.0
54667038.0	1251412203.0
54873439.0	1251412301.0
54873439.0	1251412323.0
50599922.0	1251412761.0
39058.0	1251412945.0
39113.0	1251413443.0
33678263.0	1251413655.0
1642830.0	1251413834.0
31997494.0	1251414019.0
1642830.0	1251414157.0
30390650.0	1251414606.0
54340854.0	1251415066.0
53733304.0	1251415330.0
12948628.0	1251416006.0
31997494.0	1251416416.0
33171035.0	1251417018.0
39056.0	1251417195.0
23117183.0	1251417365.0
55826694.0	1251418960.0
20550422.0	1251419249.0
42063937.0	1251420107.0
49750274.0	1251421623.0
52819580.0	1251421861.0
43191100.0	1251421912.0
10863345.0	1251423794.0
47408144.0	1251425540.0
47364912.0	1251425810.0
44286069.0	1251426553.0
44985518.0	1251428468.0
39056.0	1251428552.0
33889015.0	1251429191.0
23117183.0	1251429878.0
45885757.0	1251429992.0
30523244.0	1251430247.0
48340885.0	1251430353.0
52559960.0	1251430809.0
1688.0	1251431051.0
16919334.0	1251431157.0
31997494.0	1251431417.0
37836975.0	1251432305.0
27556563.0	1251433062.0
32682978.0	1251433092.0
19313677.0	1251433429.0
52517730.0	1251434195.0
17804511.0	1251434407.0
54522463.0	1251434559.0
46485063.0	1251434580.0
46483760.0	1251434777.0
1689.0	1251435513.0
31357967.0	1251435609.0
55644913.0	1251435639.0
1723.0	1251435912.0
44147043.0	1251436204.0
43580191.0	1251436450.0
43580191.0	1251436593.0
51509199.0	1251436717.0
47203725.0	1251437032.0
34566.0	1251437177.0
19291492.0	1251437216.0
41288664.0	1251437300.0
40811987.0	1251437926.0
46469467.0	1251437927.0
1688.0	1251437999.0
52251466.0	1251438252.0
52763424.0	1251438376.0
46483760.0	1251438497.0
41447911.0	1251438612.0
17993268.0	1251438873.0
22579394.0	1251439031.0
1689.0	1251439221.0
55826694.0	1251439272.0
2804617.0	1251440101.0
21980944.0	1251440706.0
34515330.0	1251440765.0
26948739.0	1251441000.0
10648311.0	1251441077.0
20550422.0	1251441101.0
9596945.0	1251441523.0
1390164.0	1251441542.0
51899448.0	1251441720.0
50033637.0	1251441742.0
53483999.0	1251441870.0
47758142.0	1251442167.0
24403778.0	1251442492.0
39153.0	1251442591.0
9854982.0	1251442734.0
41554235.0	1251443180.0
51899448.0	1251444357.0
39156.0	1251444532.0
32682978.0	1251444741.0
23989185.0	1251445102.0
54773096.0	1251445234.0
55758024.0	1251445366.0
39056.0	1251445380.0
44405828.0	1251445504.0
28686077.0	1251445514.0
39714060.0	1251445892.0
46483760.0	1251445896.0
55570465.0	1251446240.0
28686077.0	1251446264.0
28686077.0	1251446452.0
1689.0	1251446654.0
50997794.0	1251446794.0
41299936.0	1251447026.0
23993902.0	1251447077.0
39056.0	1251447174.0
3899094.0	1251447855.0
47189259.0	1251448117.0
4063307.0	1251448179.0
14337975.0	1251448229.0
33474810.0	1251448340.0
7425728.0	1251448485.0
21236630.0	1251448596.0
53577626.0	1251448806.0
50891272.0	1251449073.0
31691571.0	1251449181.0
17691204.0	1251449194.0
41299936.0	1251450118.0
33474810.0	1251450217.0
5647584.0	1251450242.0
50188027.0	1251450401.0
23216410.0	1251450577.0
13838740.0	1251450755.0
42050095.0	1251450770.0
52554136.0	1251450893.0
2804617.0	1251451135.0
2804617.0	1251451319.0
43091834.0	1251451336.0
23216410.0	1251451593.0
31366358.0	1251451837.0
15412352.0	1251452007.0
25900052.0	1251452282.0
46551996.0	1251452300.0
53846378.0	1251452580.0
22678269.0	1251452889.0
24529473.0	1251452928.0
50305211.0	1251453014.0
8098832.0	1251453523.0
2804617.0	1251453591.0
24907672.0	1251454001.0
25373111.0	1251454264.0
36075630.0	1251454364.0
30482597.0	1251454910.0
51355579.0	1251454934.0
28741480.0	1251455177.0
24453978.0	1251455277.0
55604372.0	1251455396.0
47219259.0	1251455465.0
52498366.0	1251455808.0
8098832.0	1251455963.0
18534021.0	1251456109.0
53621575.0	1251456171.0
37862914.0	1251456488.0
39915702.0	1251456719.0
19832536.0	1251456765.0
15424669.0	1251456777.0
23216410.0	1251456817.0
51806187.0	1251456865.0
34566.0	1251456981.0
48814513.0	1251456994.0
53472527.0	1251457034.0
53471447.0	1251457036.0
54595164.0	1251457037.0
53472371.0	1251457040.0
54387142.0	1251457042.0
32682978.0	1251457239.0
2804617.0	1251457296.0
53621575.0	1251457318.0
23813640.0	1251457374.0
2804617.0	1251457527.0
48814513.0	1251457725.0
47448625.0	1251457763.0
32682978.0	1251457782.0
32421879.0	1251458504.0
53545089.0	1251459179.0
1694.0	1251459469.0
17691204.0	1251459603.0
22678269.0	1251460004.0
22678269.0	1251460014.0
33201497.0	1251460174.0
52559511.0	1251460328.0
8608264.0	1251460638.0
48081969.0	1251460646.0
28652966.0	1251460883.0
48938258.0	1251461013.0
17691204.0	1251461266.0
22570674.0	1251461838.0
2804617.0	1251462027.0
55488496.0	1251462050.0
55488496.0	1251462163.0
15217073.0	1251462429.0
24907672.0	1251462445.0
17996817.0	1251462455.0
30331402.0	1251462477.0
38007053.0	1251462655.0
10648311.0	1251462777.0
10648311.0	1251462781.0
10648311.0	1251462785.0
20441026.0	1251462825.0
13002723.0	1251463306.0
23741735.0	1251463438.0
14910232.0	1251463554.0
51235099.0	1251463660.0
51806187.0	1251463992.0
17226314.0	1251464170.0
28741480.0	1251464453.0
53389759.0	1251464476.0
14187941.0	1251464910.0
35298561.0	1251465046.0
31354037.0	1251465596.0
47540065.0	1251465650.0
42715891.0	1251465835.0
55619588.0	1251466234.0
39056.0	1251466378.0
9601467.0	1251466390.0
5808070.0	1251466550.0
51286918.0	1251466849.0
25373111.0	1251466917.0
22678269.0	1251467256.0
22678269.0	1251467283.0
22678269.0	1251467721.0
44880560.0	1251467912.0
32682978.0	1251468018.0
44516507.0	1251468484.0
53736272.0	1251468723.0
38816662.0	1251468873.0
38983.0	1251468879.0
55826694.0	1251468884.0
13060298.0	1251469124.0
20582165.0	1251469166.0
25485424.0	1251469307.0
4299115.0	1251469478.0
22678269.0	1251469843.0
38007053.0	1251469858.0
855703.0	1251470169.0
2804617.0	1251470249.0
51746607.0	1251470343.0
39222.0	1251470512.0
52332961.0	1251470909.0
20903052.0	1251470955.0
19714541.0	1251471067.0
8498701.0	1251471197.0
23150141.0	1251471605.0
20505312.0	1251472087.0
39332715.0	1251472143.0
40233535.0	1251472305.0
53733304.0	1251472331.0
42613830.0	1251472402.0
55488496.0	1251472676.0
42338413.0	1251472857.0
53459933.0	1251473348.0
29108159.0	1251474005.0
39124672.0	1251474341.0
39232.0	1251475496.0
45712952.0	1251476083.0
36213788.0	1251476173.0
36457243.0	1251476352.0
39236.0	1251477728.0
53749618.0	1251478041.0
42755295.0	1251478512.0
46794383.0	1251478696.0
22678269.0	1251479849.0
23149847.0	1251479916.0
33181227.0	1251479967.0
46483760.0	1251480045.0
15022302.0	1251480440.0
16919334.0	1251481569.0
31997494.0	1251481816.0
52151261.0	1251482301.0
31997494.0	1251482419.0
31964034.0	1251483086.0
21991442.0	1251483217.0
855703.0	1251483325.0
2376247.0	1251483373.0
2376247.0	1251483729.0
39056.0	1251483898.0
15217073.0	1251484239.0
32682978.0	1251484614.0
53460536.0	1251484763.0
32682978.0	1251484774.0
1689.0	1251484812.0
16717366.0	1251485059.0
1688.0	1251485158.0
14337975.0	1251485317.0
42723848.0	1251485406.0
14337975.0	1251485410.0
43627952.0	1251485622.0
50755491.0	1251486150.0
53459933.0	1251486479.0
53459933.0	1251486483.0
53459933.0	1251486809.0
53459933.0	1251486824.0
17617776.0	1251487287.0
39222.0	1251487875.0
55607572.0	1251488035.0
26480545.0	1251488052.0
49750274.0	1251488113.0
5971363.0	1251488300.0
28168015.0	1251489764.0
39254.0	1251490323.0
26504425.0	1251490635.0
25769.0	1251490708.0
25769.0	1251490712.0
41835797.0	1251490901.0
52870988.0	1251491190.0
16162631.0	1251491435.0
50806640.0	1251491662.0
10648311.0	1251491774.0
10648311.0	1251491779.0
9596945.0	1251492357.0
9596945.0	1251492363.0
26879456.0	1251492541.0
36563333.0	1251493365.0
53975304.0	1251494025.0
43116406.0	1251494030.0
15217073.0	1251494045.0
17005582.0	1251494269.0
28998534.0	1251494329.0
15217073.0	1251494509.0
51354177.0	1251495050.0
22553125.0	1251495177.0
46082008.0	1251495916.0
22049350.0	1251496010.0
37566055.0	1251496335.0
18542752.0	1251496421.0
10401176.0	1251496634.0
9944844.0	1251497212.0
42723848.0	1251497790.0
9944844.0	1251498028.0
16277667.0	1251498782.0
44767248.0	1251499027.0
9596945.0	1251499455.0
39236.0	1251499458.0
32228430.0	1251500436.0
51255594.0	1251500704.0
39271.0	1251500916.0
39272.0	1251500924.0
45885288.0	1251501913.0
39232.0	1251504116.0
39056.0	1251504874.0
10823479.0	1251505070.0
10895841.0	1251505161.0
15986101.0	1251505421.0
48447521.0	1251505657.0
840.0	1251506094.0
34280091.0	1251506224.0
19735727.0	1251506694.0
33171035.0	1251506743.0
39276.0	1251507271.0
1390164.0	1251507592.0
14005049.0	1251507605.0
5681496.0	1251509224.0
31997494.0	1251509420.0
39278.0	1251512126.0
47323661.0	1251512281.0
49750274.0	1251513410.0
54076855.0	1251513779.0
55826694.0	1251513923.0
35995495.0	1251514065.0
35995495.0	1251514272.0
39280.0	1251514766.0
54005335.0	1251515010.0
7509492.0	1251515568.0
5419867.0	1251515758.0
32513616.0	1251515995.0
32513616.0	1251516160.0
32513616.0	1251516401.0
28260298.0	1251516565.0
19123866.0	1251519203.0
39285.0	1251519799.0
5681496.0	1251519917.0
50997794.0	1251520508.0
55569134.0	1251520751.0
53748880.0	1251520968.0
53831121.0	1251521147.0
36563333.0	1251522064.0
39056.0	1251522089.0
53459933.0	1251522559.0
23028185.0	1251523012.0
52422977.0	1251523936.0
55733982.0	1251523957.0
24497592.0	1251524739.0
40546926.0	1251524859.0
39292.0	1251524902.0
39079.0	1251524905.0
19618947.0	1251524937.0
51806187.0	1251525184.0
28741480.0	1251525625.0
53225456.0	1251526392.0
50806640.0	1251526450.0
24858021.0	1251526614.0
49692882.0	1251526890.0
16919334.0	1251526920.0
46342040.0	1251527116.0
40546926.0	1251527224.0
35012487.0	1251527270.0
10648311.0	1251527472.0
38458575.0	1251527563.0
50997794.0	1251527805.0
23741735.0	1251527956.0
54773096.0	1251528014.0
16107133.0	1251528430.0
53403402.0	1251528693.0
25373111.0	1251528708.0
53216157.0	1251528981.0
42676242.0	1251529038.0
54902307.0	1251529261.0
5971363.0	1251529746.0
54165197.0	1251529824.0
42704829.0	1251531417.0
44166376.0	1251531895.0
44405828.0	1251531903.0
38997.0	1251532197.0
8724789.0	1251533623.0
24369901.0	1251533854.0
54835439.0	1251534277.0
17947121.0	1251535164.0
43775667.0	1251535693.0
22678269.0	1251535766.0
51806187.0	1251535793.0
22678269.0	1251535934.0
22678269.0	1251535938.0
22678269.0	1251535951.0
22678269.0	1251535974.0
22678269.0	1251535976.0
22678269.0	1251535982.0
28741480.0	1251536136.0
51746499.0	1251536197.0
32682978.0	1251536352.0
54773096.0	1251536428.0
32682978.0	1251536456.0
38007053.0	1251536478.0
38007053.0	1251536481.0
38007053.0	1251536484.0
8098832.0	1251537290.0
25373111.0	1251538000.0
47830215.0	1251538256.0
23741735.0	1251538637.0
8630969.0	1251538776.0
39079.0	1251539031.0
24497592.0	1251539075.0
11077382.0	1251539749.0
24926879.0	1251539855.0
50845173.0	1251540313.0
39056.0	1251541397.0
22678269.0	1251542989.0
22678269.0	1251542993.0
39056.0	1251543882.0
34668860.0	1251545365.0
25526474.0	1251546582.0
38639820.0	1251546716.0
39056.0	1251547445.0
22386344.0	1251547701.0
44880560.0	1251548840.0
39056.0	1251551442.0
34303790.0	1251552061.0
35995495.0	1251552375.0
39056.0	1251553495.0
30246005.0	1251554535.0
39285.0	1251555336.0
39056.0	1251555727.0
47400967.0	1251555871.0
10648311.0	1251556429.0
15888215.0	1251556957.0
9596945.0	1251557090.0
2804617.0	1251557688.0
25893737.0	1251557820.0
19354.0	1251558050.0
39056.0	1251558142.0
1702.0	1251558197.0
7644838.0	1251558739.0
38983.0	1251558771.0
53483999.0	1251558912.0
54686053.0	1251558913.0
54686053.0	1251558915.0
31997494.0	1251559217.0
55342833.0	1251559274.0
55488496.0	1251559469.0
54749888.0	1251560221.0
54624157.0	1251560538.0
52466331.0	1251560889.0
44880560.0	1251561492.0
1689.0	1251561853.0
40811987.0	1251561995.0
46469467.0	1251561996.0
37577990.0	1251562365.0
47723430.0	1251563645.0
10648311.0	1251563658.0
2804617.0	1251564044.0
9596945.0	1251564264.0
9596945.0	1251564266.0
16919334.0	1251564484.0
38158494.0	1251564618.0
22678269.0	1251565234.0
30390650.0	1251565810.0
38983.0	1251565968.0
37577990.0	1251565970.0
53511191.0	1251566446.0
25873633.0	1251567391.0
28691378.0	1251567407.0
28260298.0	1251567775.0
30725648.0	1251570576.0
33171035.0	1251570635.0
10401176.0	1251570992.0
51987944.0	1251571509.0
39331.0	1251572789.0
38983.0	1251572923.0
46469467.0	1251573227.0
37577990.0	1251573254.0
53511191.0	1251576177.0
51494616.0	1251576295.0
16162631.0	1251576305.0
31997494.0	1251576617.0
16162631.0	1251578248.0
51997790.0	1251578676.0
9596945.0	1251578754.0
51997790.0	1251578847.0
49945779.0	1251579530.0
54224926.0	1251579718.0
39206235.0	1251579901.0
55479059.0	1251580063.0
54227810.0	1251580598.0
52793630.0	1251580680.0
40559885.0	1251581189.0
31997494.0	1251583221.0
55353554.0	1251583346.0
19123866.0	1251583997.0
53407114.0	1251584101.0
25769.0	1251584152.0
53629280.0	1251584321.0
9320.0	1251584409.0
44985518.0	1251584446.0
1252.0	1251584635.0
52304265.0	1251584741.0
45885288.0	1251584760.0
39343.0	1251584932.0
756.0	1251585088.0
3428311.0	1251585136.0
44147043.0	1251585183.0
10648311.0	1251585215.0
44043180.0	1251585228.0
21972789.0	1251585585.0
44147043.0	1251585596.0
31920768.0	1251585623.0
49311651.0	1251585642.0
756.0	1251585700.0
35995495.0	1251585778.0
19735727.0	1251585792.0
45340517.0	1251585878.0
44405828.0	1251585903.0
2804617.0	1251585936.0
34713914.0	1251586041.0
35995495.0	1251586722.0
44147043.0	1251586986.0
5419867.0	1251587985.0
24527675.0	1251588755.0
49265058.0	1251588756.0
31997494.0	1251591016.0
39349.0	1251591126.0
39740211.0	1251594408.0
33181227.0	1251594985.0
39210288.0	1251595908.0
53577626.0	1251596436.0
32686174.0	1251597174.0
8659877.0	1251598712.0
54835439.0	1251599155.0
55503444.0	1251599864.0
18534021.0	1251600107.0
9596945.0	1251600516.0
12080916.0	1251601168.0
53459933.0	1251601659.0
53459933.0	1251601937.0
20495736.0	1251601939.0
54656435.0	1251602332.0
35013367.0	1251602885.0
855703.0	1251603129.0
31997494.0	1251604217.0
31997494.0	1251604819.0
55503444.0	1251606448.0
43751487.0	1251608013.0
38983.0	1251608171.0
21320799.0	1251608384.0
21320799.0	1251608438.0
21320799.0	1251608453.0
21320799.0	1251608503.0
21320799.0	1251608521.0
21320799.0	1251608571.0
21320799.0	1251608588.0
21320799.0	1251608638.0
21320799.0	1251608655.0
21320799.0	1251608703.0
47691581.0	1251609370.0
45836420.0	1251609827.0
39357.0	1251609948.0
39357.0	1251609989.0
52422977.0	1251610017.0
39357.0	1251610971.0
53511191.0	1251611720.0
54835439.0	1251611722.0
52681876.0	1251612329.0
47691581.0	1251612969.0
39222.0	1251613042.0
39357.0	1251613654.0
39357.0	1251613719.0
44147043.0	1251614124.0
9596945.0	1251614245.0
53511191.0	1251615372.0
14910232.0	1251615551.0
52191586.0	1251615694.0
44147043.0	1251616007.0
21809439.0	1251616186.0
38983.0	1251616246.0
47691581.0	1251616570.0
54686053.0	1251616866.0
54686053.0	1251616875.0
54686053.0	1251616880.0
40528193.0	1251616983.0
55535855.0	1251619385.0
41507171.0	1251619403.0
37980195.0	1251619410.0
30390650.0	1251619814.0
22678269.0	1251620143.0
39357.0	1251620147.0
47691581.0	1251620170.0
53511191.0	1251620461.0
10648311.0	1251621378.0
32513616.0	1251621451.0
22678269.0	1251622206.0
39365.0	1251622885.0
52191586.0	1251623512.0
38983.0	1251623643.0
39292.0	1251623942.0
54924189.0	1251623995.0
39367.0	1251624273.0
5971363.0	1251624285.0
45348666.0	1251625178.0
37729957.0	1251625968.0
53511191.0	1251625992.0
19354.0	1251626434.0
25893737.0	1251626583.0
53733304.0	1251627136.0
47691581.0	1251627370.0
54773096.0	1251627641.0
49752362.0	1251627919.0
30523289.0	1251628162.0
55892835.0	1251628424.0
1702.0	1251628504.0
10648311.0	1251628515.0
42088746.0	1251629438.0
53511191.0	1251629624.0
51257210.0	1251630154.0
52191586.0	1251630177.0
30390650.0	1251630614.0
38983.0	1251630768.0
47691581.0	1251630971.0
53829142.0	1251631450.0
16292830.0	1251632130.0
54343724.0	1251632166.0
52389034.0	1251632747.0
50474163.0	1251633260.0
53511191.0	1251635073.0
54739488.0	1251635607.0
53225456.0	1251636191.0
53748880.0	1251636318.0
32212975.0	1251636390.0
53831121.0	1251636493.0
54739488.0	1251636585.0
54448561.0	1251637174.0
31997494.0	1251637219.0
54448561.0	1251637438.0
54448561.0	1251637530.0
47701630.0	1251637639.0
38983.0	1251637830.0
47691581.0	1251638171.0
53511191.0	1251638632.0
15375558.0	1251638863.0
25856304.0	1251638981.0
46752861.0	1251639062.0
39032414.0	1251639674.0
54686053.0	1251639912.0
54686053.0	1251639914.0
54686053.0	1251639929.0
39357.0	1251640131.0
39357.0	1251640142.0
39357.0	1251640152.0
39357.0	1251640157.0
31997494.0	1251640217.0
53953414.0	1251640424.0
51086091.0	1251640490.0
42344609.0	1251640737.0
51007822.0	1251640749.0
42207917.0	1251640979.0
38295785.0	1251641265.0
33941017.0	1251641316.0
30390650.0	1251641416.0
45726811.0	1251641553.0
47691581.0	1251641771.0
36012042.0	1251641908.0
39271.0	1251641929.0
39272.0	1251641942.0
53511191.0	1251641974.0
41264389.0	1251641994.0
47921105.0	1251642413.0
39395.0	1251642642.0
41699844.0	1251643320.0
52664847.0	1251643332.0
54632049.0	1251643449.0
33933585.0	1251643460.0
9596945.0	1251643585.0
9596945.0	1251643591.0
42379933.0	1251643718.0
55681529.0	1251643829.0
52676972.0	1251643845.0
53511191.0	1251644148.0
54283506.0	1251644474.0
54739488.0	1251644495.0
45994053.0	1251644642.0
53353173.0	1251644782.0
47312526.0	1251645154.0
56016936.0	1251645167.0
38983.0	1251645175.0
20582165.0	1251645412.0
54494636.0	1251645622.0
28691378.0	1251645829.0
28691378.0	1251645910.0
50806640.0	1251646413.0
54686053.0	1251646570.0
54686053.0	1251646572.0
54686053.0	1251646574.0
54686053.0	1251646575.0
50033637.0	1251646763.0
53089933.0	1251647058.0
30470042.0	1251647067.0
38742400.0	1251647312.0
11989787.0	1251648047.0
36456593.0	1251649063.0
31997494.0	1251649216.0
53511191.0	1251649251.0
10648311.0	1251649919.0
55647640.0	1251651155.0
42486646.0	1251651427.0
28153968.0	1251651782.0
30390650.0	1251652218.0
38983.0	1251652270.0
6972052.0	1251652673.0
54924189.0	1251652784.0
52660967.0	1251652940.0
47427374.0	1251655491.0
53483449.0	1251655948.0
52251466.0	1251656293.0
10648311.0	1251657265.0
14910232.0	1251659308.0
55607572.0	1251659436.0
28652966.0	1251659808.0
33181227.0	1251660012.0
37234308.0	1251660671.0
51602434.0	1251664148.0
9596945.0	1251665306.0
9596945.0	1251665308.0
44046050.0	1251665357.0
17968612.0	1251665726.0
44147043.0	1251668010.0
38639820.0	1251669196.0
38605890.0	1251669348.0
34062840.0	1251669781.0
55628242.0	1251671046.0
46342040.0	1251671096.0
10648311.0	1251671794.0
10648311.0	1251671797.0
33476165.0	1251672901.0
44046050.0	1251673030.0
52151261.0	1251673392.0
50090434.0	1251673462.0
1688.0	1251674354.0
52827868.0	1251674361.0
31997494.0	1251674416.0
54494636.0	1251674452.0
42704829.0	1251675824.0
54686053.0	1251676445.0
54686053.0	1251676459.0
54835439.0	1251678512.0
11886837.0	1251679585.0
44046050.0	1251679837.0
39425.0	1251685623.0
9596945.0	1251686754.0
50090434.0	1251687450.0
53259363.0	1251687505.0
34709791.0	1251688407.0
38117702.0	1251689880.0
35019177.0	1251690133.0
39780447.0	1251690482.0
52091580.0	1251690491.0
1688.0	1251690949.0
45126942.0	1251691080.0
53259363.0	1251691112.0
53228315.0	1251691197.0
44985518.0	1251691255.0
21972789.0	1251691479.0
54165492.0	1251691503.0
1711.0	1251691627.0
45998616.0	1251691648.0
52304265.0	1251691731.0
41009538.0	1251691967.0
7506244.0	1251691982.0
19123866.0	1251692008.0
1673.0	1251692098.0
8659877.0	1251692111.0
54165492.0	1251692225.0
54387142.0	1251692296.0
53471447.0	1251692297.0
54595164.0	1251692298.0
53472371.0	1251692300.0
53472527.0	1251692301.0
39915702.0	1251692360.0
16297156.0	1251692406.0
53259363.0	1251692464.0
39434.0	1251692543.0
53259363.0	1251692547.0
29401755.0	1251692626.0
42455395.0	1251692679.0
46042498.0	1251692714.0
51332880.0	1251692780.0
13897777.0	1251693058.0
7500716.0	1251693131.0
32538210.0	1251693134.0
55490700.0	1251693202.0
25765.0	1251693279.0
53362178.0	1251693419.0
43375744.0	1251693644.0
54165492.0	1251693666.0
51520936.0	1251693969.0
19617669.0	1251694145.0
31997494.0	1251694216.0
39780447.0	1251694361.0
40264192.0	1251694807.0
41696762.0	1251694895.0
53471447.0	1251695217.0
54595164.0	1251695218.0
54387142.0	1251695220.0
53472371.0	1251695221.0
53472527.0	1251695222.0
50765686.0	1251695344.0
16712222.0	1251695535.0
49167972.0	1251695743.0
49169420.0	1251695759.0
49169703.0	1251695760.0
49171033.0	1251695764.0
42844183.0	1251695946.0
46847790.0	1251695952.0
39915702.0	1251695963.0
53471447.0	1251695974.0
54387142.0	1251695976.0
53472371.0	1251695981.0
53472527.0	1251695983.0
22678269.0	1251696054.0
53762529.0	1251696247.0
41288664.0	1251696270.0
43751487.0	1251696380.0
53140943.0	1251696387.0
2404268.0	1251696461.0
54165492.0	1251696545.0
38007053.0	1251696663.0
51899448.0	1251696689.0
21236630.0	1251696931.0
53403402.0	1251697142.0
50891272.0	1251697483.0
37729957.0	1251697530.0
30482597.0	1251698097.0
55575400.0	1251698323.0
34566.0	1251698536.0
53483449.0	1251698624.0
53259363.0	1251698988.0
54165492.0	1251699425.0
31997494.0	1251699617.0
42844183.0	1251699728.0
14326259.0	1251699823.0
24971687.0	1251700486.0
25765.0	1251700489.0
32513616.0	1251700998.0
41973317.0	1251701188.0
39057902.0	1251701424.0
16379187.0	1251701779.0
53511191.0	1251701792.0
51707777.0	1251701982.0
21320799.0	1251702038.0
21320799.0	1251702055.0
19354.0	1251702125.0
21320799.0	1251702144.0
21320799.0	1251702151.0
21320799.0	1251702165.0
21320799.0	1251702182.0
38983.0	1251702221.0
21320799.0	1251702247.0
21320799.0	1251702254.0
21320799.0	1251702264.0
21320799.0	1251702283.0
21320799.0	1251702359.0
21320799.0	1251702363.0
21320799.0	1251702375.0
21320799.0	1251702392.0
21320799.0	1251702420.0
21320799.0	1251702424.0
21320799.0	1251702427.0
21320799.0	1251702428.0
21320799.0	1251702432.0
21320799.0	1251702448.0
21320799.0	1251702461.0
47691581.0	1251702973.0
2613943.0	1251703450.0
51997790.0	1251703511.0
53316187.0	1251703659.0
39357.0	1251704411.0
39357.0	1251704446.0
21232823.0	1251705063.0
32686174.0	1251705406.0
53511191.0	1251705514.0
20477976.0	1251705522.0
51249719.0	1251705578.0
54773096.0	1251705615.0
5647584.0	1251705888.0
30390650.0	1251706218.0
17691204.0	1251706271.0
55479059.0	1251706355.0
47691581.0	1251706573.0
39357.0	1251706601.0
39357.0	1251706617.0
39357.0	1251706624.0
41507171.0	1251706861.0
25900052.0	1251706952.0
52793630.0	1251707116.0
13820147.0	1251707322.0
43510109.0	1251707399.0
55580744.0	1251707936.0
53724956.0	1251708358.0
24907672.0	1251708578.0
50474163.0	1251708793.0
53511191.0	1251708881.0
55479059.0	1251709832.0
2804617.0	1251710125.0
38983.0	1251710144.0
47691581.0	1251710173.0
39367.0	1251710298.0
39462.0	1251710506.0
52793630.0	1251710523.0
50802327.0	1251711353.0
25900052.0	1251712380.0
25900052.0	1251712412.0
47771874.0	1251712794.0
1721.0	1251713160.0
36075630.0	1251713470.0
39377695.0	1251713601.0
39377695.0	1251713603.0
39377695.0	1251713606.0
47691581.0	1251713773.0
31862311.0	1251714291.0
53511191.0	1251714379.0
39357.0	1251714502.0
31997494.0	1251714619.0
54747029.0	1251714689.0
54747029.0	1251714700.0
54747029.0	1251714705.0
50305211.0	1251714787.0
21937536.0	1251715145.0
54686053.0	1251715150.0
54686053.0	1251715153.0
54686053.0	1251715158.0
39357.0	1251715574.0
35995495.0	1251715621.0
53511191.0	1251716200.0
31997494.0	1251716424.0
18450008.0	1251716630.0
30390650.0	1251717014.0
38983.0	1251717070.0
47691581.0	1251717375.0
53748880.0	1251717653.0
25900052.0	1251717953.0
54383450.0	1251718292.0
12086776.0	1251718809.0
12086776.0	1251718810.0
54383450.0	1251719323.0
14910232.0	1251719422.0
1315720.0	1251719672.0
53511191.0	1251719757.0
54835439.0	1251719780.0
39357.0	1251720502.0
855703.0	1251720635.0
47691581.0	1251720974.0
44483277.0	1251721159.0
13132198.0	1251721239.0
54835439.0	1251721520.0
35841540.0	1251722087.0
10648311.0	1251722151.0
10648311.0	1251722158.0
42379933.0	1251722300.0
22513455.0	1251722609.0
55507359.0	1251722765.0
53511191.0	1251723391.0
39410282.0	1251723641.0
1702.0	1251723733.0
42088746.0	1251723938.0
33230083.0	1251724065.0
52583010.0	1251724124.0
2804617.0	1251724228.0
38983.0	1251724312.0
39357.0	1251724481.0
39357.0	1251724482.0
39357.0	1251724483.0
47691581.0	1251724574.0
23801577.0	1251724616.0
39357.0	1251724643.0
39357.0	1251724645.0
16919334.0	1251724646.0
39357.0	1251724649.0
39357.0	1251724652.0
39357.0	1251724654.0
39357.0	1251724655.0
39357.0	1251724657.0
39357.0	1251724658.0
39357.0	1251724663.0
39357.0	1251724664.0
55488496.0	1251724964.0
38854381.0	1251725135.0
25893737.0	1251725359.0
52096031.0	1251726350.0
21320799.0	1251727188.0
21320799.0	1251727196.0
21320799.0	1251727201.0
21320799.0	1251727222.0
21320799.0	1251727227.0
21320799.0	1251727232.0
21320799.0	1251727251.0
19354.0	1251727254.0
21320799.0	1251727266.0
21320799.0	1251727272.0
21320799.0	1251727292.0
21320799.0	1251727296.0
21320799.0	1251727300.0
21320799.0	1251727316.0
21320799.0	1251727326.0
21320799.0	1251727329.0
42349141.0	1251727349.0
21320799.0	1251727356.0
21320799.0	1251727390.0
21320799.0	1251727394.0
21320799.0	1251727470.0
21320799.0	1251727481.0
21320799.0	1251727484.0
21320799.0	1251727507.0
21320799.0	1251727512.0
21320799.0	1251727516.0
21320799.0	1251727537.0
21320799.0	1251727546.0
21320799.0	1251727551.0
21320799.0	1251727578.0
21320799.0	1251727585.0
21320799.0	1251727590.0
21320799.0	1251727607.0
21320799.0	1251727616.0
21320799.0	1251727619.0
21320799.0	1251727636.0
21320799.0	1251727643.0
21320799.0	1251727646.0
21320799.0	1251727666.0
21320799.0	1251727676.0
21320799.0	1251727679.0
21320799.0	1251727697.0
21320799.0	1251727701.0
21320799.0	1251727706.0
21320799.0	1251727733.0
21320799.0	1251727737.0
21320799.0	1251727757.0
21320799.0	1251727763.0
21320799.0	1251727768.0
21320799.0	1251727789.0
21320799.0	1251727794.0
21320799.0	1251727813.0
21320799.0	1251727816.0
21320799.0	1251727821.0
36075630.0	1251728033.0
47691581.0	1251728174.0
17691204.0	1251728458.0
47656431.0	1251728852.0
25900052.0	1251728899.0
25900052.0	1251728911.0
25900052.0	1251728923.0
13132198.0	1251729090.0
10648311.0	1251729194.0
10648311.0	1251729204.0
14910232.0	1251729252.0
9596945.0	1251729571.0
39357.0	1251729658.0
39357.0	1251729661.0
47892138.0	1251729752.0
23150141.0	1251729906.0
42379933.0	1251730758.0
21320799.0	1251730783.0
21320799.0	1251730785.0
21320799.0	1251730786.0
21320799.0	1251730787.0
21320799.0	1251730789.0
21320799.0	1251730792.0
21320799.0	1251730795.0
21320799.0	1251730797.0
21320799.0	1251730798.0
21320799.0	1251730804.0
21320799.0	1251730806.0
21320799.0	1251730808.0
21320799.0	1251730810.0
21320799.0	1251730811.0
21320799.0	1251730812.0
21320799.0	1251730815.0
21320799.0	1251730817.0
21320799.0	1251730819.0
21320799.0	1251730821.0
21320799.0	1251730823.0
21320799.0	1251730824.0
21320799.0	1251730825.0
21320799.0	1251730827.0
21320799.0	1251730829.0
21320799.0	1251730830.0
21320799.0	1251730831.0
21320799.0	1251730833.0
21320799.0	1251730835.0
21320799.0	1251730836.0
21320799.0	1251730837.0
21320799.0	1251730839.0
21320799.0	1251730840.0
21320799.0	1251730841.0
21320799.0	1251730843.0
21320799.0	1251730844.0
21320799.0	1251730845.0
21320799.0	1251730846.0
21320799.0	1251730847.0
21320799.0	1251730848.0
21320799.0	1251730849.0
21320799.0	1251730850.0
21320799.0	1251730851.0
21320799.0	1251730853.0
21320799.0	1251730854.0
21320799.0	1251730855.0
21320799.0	1251730856.0
21320799.0	1251730857.0
21320799.0	1251730858.0
21320799.0	1251730861.0
21320799.0	1251730862.0
21320799.0	1251730863.0
21320799.0	1251730864.0
21320799.0	1251730865.0
55488496.0	1251731400.0
2804617.0	1251731560.0
55248026.0	1251731578.0
12086776.0	1251731656.0
12086776.0	1251731659.0
38983.0	1251731695.0
47691581.0	1251731774.0
42379933.0	1251731850.0
54221434.0	1251732229.0
38639820.0	1251732305.0
25900052.0	1251732527.0
24907672.0	1251732550.0
16310900.0	1251732586.0
30187245.0	1251733231.0
53407114.0	1251733524.0
55496250.0	1251734937.0
16741743.0	1251735146.0
47691581.0	1251735374.0
8659877.0	1251735432.0
54805961.0	1251735899.0
55488496.0	1251736052.0
55618845.0	1251736077.0
1711.0	1251736108.0
44147043.0	1251736415.0
10648311.0	1251736526.0
8458165.0	1251736740.0
35787677.0	1251737582.0
54686053.0	1251737828.0
54686053.0	1251737836.0
54686053.0	1251737838.0
54686053.0	1251737843.0
23048297.0	1251738651.0
38983.0	1251738902.0
29801668.0	1251739157.0
53316187.0	1251739699.0
38854381.0	1251739782.0
31997494.0	1251739819.0
56018100.0	1251740270.0
35995495.0	1251740789.0
31997494.0	1251741619.0
54596756.0	1251742256.0
33181227.0	1251742839.0
33181227.0	1251742842.0
20582165.0	1251742888.0
12702969.0	1251743472.0
53407114.0	1251743599.0
10648311.0	1251743642.0
52517730.0	1251743899.0
50835816.0	1251744390.0
31997494.0	1251745218.0
47943300.0	1251746551.0
19229295.0	1251746897.0
14182123.0	1251746932.0
17231920.0	1251748153.0
32843710.0	1251750448.0
9596945.0	1251751049.0
31956981.0	1251751298.0
1678.0	1251752046.0
1642830.0	1251752536.0
1590382.0	1251753417.0
39171731.0	1251753577.0
50382215.0	1251754065.0
52554136.0	1251754205.0
55489346.0	1251754261.0
39276.0	1251754312.0
50755491.0	1251754363.0
53407114.0	1251754798.0
50559110.0	1251754815.0
53577626.0	1251754816.0
31997494.0	1251757217.0
19183282.0	1251757474.0
9596945.0	1251758917.0
31997494.0	1251759017.0
48145752.0	1251759159.0
40757187.0	1251759450.0
38639820.0	1251759633.0
38983.0	1251760266.0
55479059.0	1251761642.0
50802327.0	1251761780.0
41025419.0	1251762173.0
39057902.0	1251762271.0
39915702.0	1251762490.0
38774344.0	1251762780.0
34566.0	1251762932.0
34566.0	1251762939.0
47771874.0	1251763195.0
54595164.0	1251763259.0
54387142.0	1251763261.0
20922143.0	1251763426.0
1315720.0	1251763807.0
39507.0	1251763912.0
42704829.0	1251764635.0
3488018.0	1251764720.0
840.0	1251765562.0
1678.0	1251769860.0
1686.0	1251770114.0
52091580.0	1251771455.0
25769.0	1251771591.0
47446663.0	1251775164.0
51014081.0	1251776208.0
39511.0	1251777393.0
19354.0	1251777652.0
7506244.0	1251778480.0
47691581.0	1251778576.0
37836975.0	1251778656.0
16919334.0	1251778670.0
39434.0	1251778823.0
39511.0	1251779272.0
53259363.0	1251779290.0
25893737.0	1251779359.0
40806212.0	1251779383.0
47540065.0	1251779584.0
25765.0	1251779643.0
21373963.0	1251779853.0
39357.0	1251780007.0
39780447.0	1251780355.0
39915702.0	1251780992.0
38983.0	1251781364.0
25765.0	1251781480.0
46483760.0	1251781628.0
1689.0	1251781712.0
54610309.0	1251781716.0
35337767.0	1251782006.0
35995495.0	1251782015.0
25900052.0	1251782093.0
25900052.0	1251782152.0
47691581.0	1251782177.0
13132198.0	1251782492.0
47943300.0	1251782619.0
41161962.0	1251782654.0
41288664.0	1251782825.0
5419867.0	1251783096.0
22579394.0	1251783756.0
22678269.0	1251784217.0
16919334.0	1251784652.0
1688.0	1251784777.0
48367809.0	1251785010.0
48367809.0	1251785105.0
26435056.0	1251785127.0
48367809.0	1251785168.0
46161272.0	1251785322.0
46483760.0	1251785351.0
54795103.0	1251785354.0
1689.0	1251785355.0
2804617.0	1251785404.0
13132198.0	1251785443.0
40811987.0	1251785480.0
46469467.0	1251785481.0
52652559.0	1251785562.0
3663465.0	1251785580.0
39357.0	1251785732.0
47691581.0	1251785777.0
20582165.0	1251785869.0
29017947.0	1251785916.0
54795103.0	1251785942.0
35521215.0	1251786105.0
54795103.0	1251786269.0
16379187.0	1251786380.0
47552990.0	1251786703.0
48367809.0	1251786758.0
47552990.0	1251786767.0
48367809.0	1251786830.0
54795103.0	1251786856.0
25900052.0	1251787012.0
25900052.0	1251787033.0
25900052.0	1251787065.0
22678269.0	1251787629.0
22678269.0	1251787660.0
54795103.0	1251787741.0
5647584.0	1251787811.0
15303480.0	1251787983.0
51235675.0	1251788005.0
54795103.0	1251788045.0
53259363.0	1251788237.0
53259363.0	1251788244.0
46044235.0	1251788295.0
38983.0	1251788344.0
54795103.0	1251788351.0
51235675.0	1251788365.0
47552990.0	1251788668.0
46044235.0	1251788705.0
48367809.0	1251788861.0
55555685.0	1251789082.0
39915702.0	1251789632.0
39357.0	1251789774.0
53316187.0	1251790009.0
51154732.0	1251790458.0
54448561.0	1251790484.0
50559110.0	1251790807.0
53577626.0	1251790808.0
39780447.0	1251791387.0
39915702.0	1251791558.0
49084313.0	1251791630.0
21937536.0	1251791682.0
39915702.0	1251791696.0
53259363.0	1251791994.0
55176565.0	1251792132.0
13132198.0	1251793578.0
55176565.0	1251793600.0
46042498.0	1251793695.0
25900052.0	1251794232.0
25900052.0	1251794256.0
14910232.0	1251794258.0
25900052.0	1251794265.0
39357.0	1251795574.0
42941254.0	1251795775.0
48070462.0	1251795869.0
55640892.0	1251796172.0
55646670.0	1251796199.0
55646945.0	1251796267.0
55647126.0	1251796297.0
38983.0	1251796447.0
55640892.0	1251796469.0
55646670.0	1251796509.0
55646945.0	1251796568.0
55647126.0	1251796605.0
55640892.0	1251796771.0
55646945.0	1251796865.0
55647126.0	1251796900.0
55640892.0	1251797071.0
55646670.0	1251797100.0
55646945.0	1251797164.0
55647126.0	1251797197.0
34566.0	1251797259.0
55640892.0	1251797369.0
55646670.0	1251797400.0
55646945.0	1251797463.0
55647126.0	1251797500.0
3876070.0	1251797643.0
55640892.0	1251797669.0
55646670.0	1251797700.0
55646945.0	1251797765.0
55647126.0	1251797797.0
55640892.0	1251797972.0
55646670.0	1251797999.0
55646945.0	1251798063.0
55647126.0	1251798097.0
55640892.0	1251798269.0
55646670.0	1251798300.0
55646945.0	1251798364.0
55647126.0	1251798397.0
55640892.0	1251798569.0
55646670.0	1251798600.0
55646945.0	1251798665.0
53089933.0	1251798693.0
55647126.0	1251798697.0
49084313.0	1251798855.0
14910232.0	1251799111.0
1315720.0	1251799569.0
38854381.0	1251799683.0
22678269.0	1251800228.0
38639820.0	1251800796.0
10648311.0	1251801135.0
39367.0	1251801742.0
38983.0	1251803431.0
39530.0	1251803629.0
39531.0	1251803885.0
39915702.0	1251804385.0
14910232.0	1251804733.0
13132198.0	1251805408.0
34118943.0	1251805417.0
42704829.0	1251805465.0
14007068.0	1251805531.0
49946469.0	1251805656.0
31355224.0	1251805769.0
39079.0	1251806127.0
25373111.0	1251806441.0
50559110.0	1251807649.0
38639820.0	1251807999.0
48015285.0	1251808027.0
23741735.0	1251809508.0
54424850.0	1251809530.0
25485424.0	1251809695.0
48015285.0	1251810010.0
21992336.0	1251810713.0
45727719.0	1251811411.0
48015285.0	1251811624.0
39537.0	1251811776.0
39210288.0	1251812039.0
49667064.0	1251814518.0
22678269.0	1251815454.0
55616430.0	1251815660.0
2804617.0	1251817042.0
16919334.0	1251820065.0
32986962.0	1251822575.0
10648311.0	1251822660.0
34566.0	1251824276.0
39541.0	1251826029.0
55629885.0	1251826604.0
14202282.0	1251826870.0
19262940.0	1251830973.0
10380419.0	1251831373.0
49480672.0	1251831474.0
42344609.0	1251831509.0
49480672.0	1251832853.0
55607572.0	1251834721.0
49480672.0	1251835655.0
10648311.0	1251844325.0
9596945.0	1251844844.0
34771871.0	1251849004.0
9596945.0	1251852184.0
1686.0	1251856778.0
9596945.0	1251859469.0
31359930.0	1251860200.0
32686174.0	1251861723.0
23741735.0	1251863206.0
28691378.0	1251863719.0
1688278.0	1251863761.0
39549.0	1251868901.0
22678269.0	1251870588.0
22678269.0	1251870617.0
22678269.0	1251870965.0
1678.0	1251871140.0
332275.0	1251872659.0
10648311.0	1251873203.0
9596945.0	1251881044.0
19920910.0	1251881149.0
25893737.0	1251903568.0
19354.0	1251903685.0
25485424.0	1251903716.0
39357.0	1251906611.0
39357.0	1251906615.0
39357.0	1251906629.0
39357.0	1251906634.0
16919334.0	1251908147.0
25900052.0	1251910710.0
13132198.0	1251912820.0
39357.0	1251912959.0
39357.0	1251912964.0
14910232.0	1251914486.0
13132198.0	1251915981.0
39357.0	1251916218.0
39357.0	1251916222.0
39357.0	1251916236.0
39357.0	1251916241.0
25900052.0	1251916427.0
25900052.0	1251916428.0
25900052.0	1251916482.0
25900052.0	1251916483.0
25900052.0	1251916485.0
1642830.0	1251918021.0
30336482.0	1251919302.0
10648311.0	1251923747.0
54075610.0	1251927765.0
16919334.0	1251929422.0
22678269.0	1251930025.0
55447985.0	1251930377.0
14910232.0	1251936868.0
9327565.0	1251942465.0
21954395.0	1251949124.0
1678.0	1251950340.0
24398734.0	1251951279.0
22678269.0	1251955119.0
16919334.0	1251958542.0
21954395.0	1251959567.0
9596945.0	1251959881.0
14910232.0	1251960911.0
8723681.0	1251961955.0
22678269.0	1251962184.0
14326107.0	1251964904.0
14326107.0	1251964968.0
1315720.0	1251965045.0
10648311.0	1251966875.0
16919334.0	1251967175.0
22030403.0	1251967280.0
16919334.0	1251967753.0
1711.0	1251968925.0
22678269.0	1251970252.0
55820541.0	1251970681.0
39079.0	1251971400.0
16009555.0	1251971821.0
39343.0	1251972019.0
2804617.0	1251973017.0
9596945.0	1251974500.0
39357.0	1251974760.0
39357.0	1251974763.0
39357.0	1251974777.0
22678269.0	1251974779.0
39357.0	1251974784.0
39357.0	1251974788.0
39357.0	1251974798.0
39357.0	1251974805.0
39357.0	1251974808.0
22678269.0	1251974911.0
16919334.0	1251974957.0
22678269.0	1251976925.0
20399579.0	1251978200.0
39561.0	1251979278.0
8659877.0	1251980403.0
1694.0	1251980870.0
39562.0	1251980901.0
1672588.0	1251981174.0
5773920.0	1251981686.0
1688.0	1251982896.0
39564.0	1251984298.0
55002644.0	1251984508.0
39565.0	1251984851.0
16714331.0	1251991214.0
2804617.0	1251991260.0
1711.0	1251991709.0
17785488.0	1251992199.0
10648311.0	1251995459.0
3663465.0	1252005005.0
16919334.0	1252006714.0
55204672.0	1252009612.0
9596945.0	1252010529.0
55204672.0	1252012194.0
55634587.0	1252013559.0
55601731.0	1252016945.0
1723.0	1252026674.0
53846378.0	1252035854.0
39571.0	1252037891.0
39572.0	1252041657.0
14910232.0	1252042553.0
6077211.0	1252048686.0
55025984.0	1252084515.0
55102214.0	1252134865.0
39576.0	1252186460.0
55616535.0	1252245128.0
1688.0	1252254279.0
1688.0	1252256684.0
1688.0	1252259011.0
39578.0	1252309190.0
39579.0	1252314394.0
39511.0	1252315703.0
39565.0	1252392268.0
1700.0	1252431311.0
39580.0	1252431326.0
55607572.0	1252439403.0
1707.0	1252439705.0
1700.0	1252467326.0
1673.0	1252483493.0
54401104.0	1252539237.0
1720.0	1252593740.0
55634587.0	1252595788.0
55625513.0	1252616929.0
39582.0	1252662828.0
1674.0	1252897975.0
1707.0	1252910134.0
39571.0	1252911245.0
53544986.0	1252912968.0
55547274.0	1252916810.0
55501007.0	1252921583.0
39571.0	1252929021.0
1688.0	1252939999.0
1700.0	1252940195.0
1689.0	1252940600.0
39562.0	1253004367.0
54699042.0	1253068906.0
1713.0	1253189084.0
1671.0	1253198932.0
55547274.0	1253199862.0
1707.0	1253199987.0
39579.0	1253200463.0
1673.0	1253206076.0
1682.0	1253206159.0
1680.0	1253206552.0
1681.0	1253206587.0
39586.0	1253209628.0
1690.0	1253209629.0
1684.0	1253209630.0
1678.0	1253231603.0
55507359.0	1253256314.0
1673.0	1253286072.0
1687.0	1253286184.0
39271.0	1253287575.0
39272.0	1253287588.0
39587.0	1253372234.0
1721.0	1253432163.0
55569134.0	1253516205.0
39588.0	1253520999.0
39589.0	1253531138.0
39576.0	1253740246.0
