17449167.0	1224854726.0
3204659.0	1224855364.0
15275360.0	1224857112.0
3603882.0	1224857449.0
50323320.0	1224859731.0
52708810.0	1224860018.0
13347550.0	1224861508.0
11261732.0	1224861572.0
55981612.0	1224861613.0
13142993.0	1224863312.0
6866519.0	1224864319.0
16720095.0	1224864449.0
24926651.0	1224864908.0
24926651.0	1224866119.0
16269363.0	1224866856.0
13761133.0	1224868920.0
16237883.0	1224869108.0
55876554.0	1224869902.0
16341168.0	1224870997.0
2368743.0	1224873362.0
2498325.0	1224873901.0
2368743.0	1224876962.0
16542749.0	1224877849.0
18361473.0	1224883065.0
39611.0	1224896936.0
2372955.0	1224896938.0
5059020.0	1224898826.0
9484387.0	1224907698.0
1783090.0	1224909691.0
3412535.0	1224911066.0
13826174.0	1224913523.0
55908332.0	1224920998.0
55773153.0	1224922379.0
55707529.0	1224924342.0
55707529.0	1224924345.0
11402038.0	1224924460.0
13550916.0	1224928819.0
18491113.0	1224930866.0
56001269.0	1224931298.0
7474990.0	1224932886.0
7474990.0	1224934891.0
52025650.0	1224936980.0
9409110.0	1224943107.0
6236494.0	1225017900.0
14583396.0	1225033214.0
18551359.0	1225042095.0
18542051.0	1225083032.0
11347146.0	1225083963.0
8521927.0	1225085479.0
5097755.0	1225086730.0
8252965.0	1225091622.0
55827165.0	1225092389.0
9223643.0	1225093931.0
9453387.0	1225098069.0
8005382.0	1225103470.0
5947735.0	1225103922.0
28555.0	1225108255.0
7968882.0	1225109172.0
16968623.0	1225109847.0
258597.0	1225113258.0
41277828.0	1225113888.0
22087.0	1225117976.0
39635.0	1225119737.0
13153357.0	1225126190.0
30396335.0	1225138545.0
8747112.0	1225167635.0
28555.0	1225174151.0
5890144.0	1225174549.0
11402038.0	1225176521.0
16241328.0	1225177752.0
15626849.0	1225187618.0
2368743.0	1225191983.0
16826702.0	1225195327.0
54510063.0	1225214773.0
2214172.0	1225252371.0
3412535.0	1225256629.0
9934034.0	1225263721.0
15648878.0	1225271097.0
39647.0	1225275501.0
10278418.0	1225278988.0
17404292.0	1225279331.0
11172491.0	1225281055.0
39650.0	1225281281.0
10351345.0	1225282015.0
39652.0	1225331919.0
11402038.0	1225334872.0
18077098.0	1225344092.0
2368743.0	1225352178.0
10278418.0	1225370807.0
39650.0	1225371259.0
2662386.0	1225448927.0
2662386.0	1225451053.0
16951756.0	1225456233.0
52025650.0	1225462561.0
3715670.0	1225631146.0
15896650.0	1225693259.0
2050406.0	1225775949.0
39658.0	1225996277.0
10652005.0	1226067334.0
15860571.0	1226142133.0
9342.0	1226240357.0
11618136.0	1226244231.0
39650.0	1226285513.0
10501473.0	1226293031.0
10501473.0	1226293434.0
54331860.0	1226294983.0
28555.0	1226300916.0
16386052.0	1226300958.0
39664.0	1226303268.0
39650.0	1226303654.0
10278418.0	1226305049.0
10688944.0	1226305217.0
23204.0	1226305404.0
9934034.0	1226305938.0
11402038.0	1226306838.0
18695399.0	1226315392.0
17734741.0	1226316637.0
2662386.0	1226322005.0
39668.0	1226330365.0
1081611.0	1226332425.0
39652.0	1226350447.0
7257700.0	1226381550.0
18483133.0	1226393082.0
18483133.0	1226413719.0
7402945.0	1226519538.0
11900195.0	1226664040.0
1888191.0	1228137329.0
17209823.0	1228137665.0
39664.0	1228139389.0
28555.0	1228139775.0
5376456.0	1228141024.0
10504519.0	1228141155.0
55665741.0	1228141263.0
54331860.0	1228141855.0
19176788.0	1228143512.0
18352986.0	1228143608.0
12549215.0	1228144321.0
39681.0	1228144389.0
39682.0	1228144527.0
16410694.0	1228145248.0
10652005.0	1228145606.0
39684.0	1228145647.0
10278418.0	1228145658.0
9922472.0	1228145817.0
227172.0	1228145839.0
39650.0	1228146765.0
11318025.0	1228146837.0
20680834.0	1228146853.0
19870123.0	1228147478.0
39690.0	1228150484.0
14583396.0	1228155393.0
55774457.0	1228157093.0
7246666.0	1228157350.0
13550916.0	1228158004.0
18352986.0	1228158007.0
14246675.0	1228166284.0
14995887.0	1228169581.0
39695.0	1228183951.0
10861654.0	1228186935.0
55408041.0	1228187023.0
6288467.0	1228187928.0
11402038.0	1228189658.0
20423386.0	1228191428.0
16089307.0	1228191590.0
10688944.0	1228193538.0
39647.0	1228195101.0
39682.0	1228196726.0
18033723.0	1228197157.0
2150040.0	1228198485.0
18842277.0	1228201290.0
2824823.0	1228201457.0
9934034.0	1228202190.0
20572148.0	1228203515.0
3603882.0	1228205231.0
8607548.0	1228205471.0
7442825.0	1228206472.0
20059974.0	1228208067.0
20944451.0	1228212923.0
2662386.0	1228215189.0
28555.0	1228216734.0
18695399.0	1228216931.0
55774457.0	1228218298.0
18640160.0	1228218710.0
17300129.0	1228219693.0
39684.0	1228221254.0
11402038.0	1228222023.0
17734741.0	1228224543.0
15181565.0	1228225818.0
18352986.0	1228226407.0
6871739.0	1228226962.0
39682.0	1228233650.0
5059020.0	1228234080.0
16215045.0	1228251544.0
55774457.0	1228279482.0
18352986.0	1228287608.0
55774457.0	1228297521.0
56006550.0	1228301540.0
28555.0	1228302047.0
55774457.0	1228303030.0
20680834.0	1228304232.0
18349010.0	1228305530.0
55774457.0	1228306670.0
16215045.0	1228309233.0
16059778.0	1228310534.0
39668.0	1228310550.0
11402038.0	1228312031.0
18352986.0	1228312806.0
10278418.0	1228314875.0
39650.0	1228316042.0
18352986.0	1228320007.0
39690.0	1228321500.0
39682.0	1228322131.0
18352986.0	1228323605.0
18352986.0	1228327206.0
39714.0	1228348520.0
18352986.0	1228363208.0
9195434.0	1228367201.0
227172.0	1228367285.0
18352986.0	1228374007.0
18352986.0	1228377654.0
8521927.0	1228382615.0
10688944.0	1228382685.0
6680895.0	1228384957.0
20944451.0	1228388213.0
12702585.0	1228413425.0
20944451.0	1228428463.0
18033723.0	1228455879.0
11402038.0	1228456074.0
18033723.0	1228461169.0
46679624.0	1228463502.0
18021021.0	1228468930.0
17728393.0	1228476042.0
20944451.0	1228513648.0
39714.0	1228559112.0
39714.0	1228629286.0
16951756.0	1228903057.0
11402038.0	1229152319.0
18352986.0	1229155207.0
14583396.0	1229297318.0
39664.0	1229349029.0
22253864.0	1230026350.0
11618136.0	1230639163.0
10278418.0	1230640330.0
39650.0	1230641446.0
8521927.0	1230647155.0
19870123.0	1230655418.0
19220484.0	1230687603.0
28431.0	1230687623.0
11760691.0	1230699885.0
18033723.0	1230701676.0
22657388.0	1230703715.0
10861654.0	1230705626.0
39690.0	1230706422.0
21997063.0	1230724983.0
30879743.0	1231921540.0
39714.0	1232448586.0
24477389.0	1232448761.0
14221231.0	1232448889.0
23789243.0	1232449332.0
6871739.0	1232449591.0
18485753.0	1232449889.0
10688944.0	1232453017.0
16410694.0	1232453587.0
9351566.0	1232454050.0
10652005.0	1232473489.0
11760691.0	1232484938.0
18483133.0	1232499748.0
21870623.0	1232501498.0
10501473.0	1232503699.0
28431.0	1232505629.0
23829185.0	1232506142.0
16998241.0	1232506987.0
16410600.0	1232507483.0
16188189.0	1232512046.0
23829185.0	1232515239.0
2050406.0	1232518939.0
21997063.0	1232521420.0
39732.0	1232540916.0
39732.0	1232540917.0
16059778.0	1232541965.0
2150040.0	1232600884.0
10477758.0	1233058533.0
39690.0	1233067839.0
20299174.0	1233112080.0
20299174.0	1233112209.0
20724107.0	1233133432.0
18704966.0	1233496344.0
9093541.0	1233498662.0
21647297.0	1233498889.0
15780203.0	1233498998.0
16324725.0	1233503317.0
21851633.0	1233552320.0
26633437.0	1233649300.0
2603795.0	1234112518.0
25917186.0	1234166568.0
39745.0	1235032350.0
51476238.0	1235391019.0
20088519.0	1235393043.0
39747.0	1235400326.0
39690.0	1235402555.0
24107260.0	1235430422.0
20724107.0	1235444627.0
26034113.0	1235444643.0
16188189.0	1235455462.0
21301452.0	1235457129.0
14583396.0	1235465673.0
14246675.0	1235508322.0
23792097.0	1235734894.0
363976.0	1235738408.0
28833271.0	1235740350.0
14184545.0	1235894270.0
29342425.0	1235956489.0
14777801.0	1237380675.0
20088540.0	1237786122.0
26124611.0	1237897281.0
20602995.0	1238268067.0
5483341.0	1238553252.0
5483341.0	1238553290.0
5483341.0	1238555106.0
35715006.0	1238709797.0
34571599.0	1239110706.0
21414724.0	1239823709.0
39951209.0	1240770403.0
29011515.0	1240803060.0
30962143.0	1240803508.0
27764401.0	1240804890.0
5483341.0	1241062658.0
5483341.0	1241062981.0
34214964.0	1241063366.0
34214964.0	1241063437.0
38026366.0	1241962754.0
34339756.0	1242281504.0
31886107.0	1242281761.0
9604615.0	1242283741.0
43603827.0	1242289817.0
31875174.0	1242315046.0
27921899.0	1242369604.0
10951612.0	1242377575.0
19490018.0	1242381847.0
19870123.0	1242398465.0
43322527.0	1242448155.0
39775.0	1242506855.0
29045565.0	1242541399.0
29045565.0	1242541404.0
28860612.0	1242544319.0
5490106.0	1242545410.0
21800903.0	1242545442.0
20466373.0	1242545539.0
29429408.0	1242568408.0
44389162.0	1242587720.0
28564890.0	1242595912.0
32289043.0	1242650784.0
9634333.0	1242719638.0
33988061.0	1242800166.0
36116209.0	1242812813.0
33326910.0	1244136954.0
39541352.0	1244137238.0
45516530.0	1245399518.0
47690349.0	1245916914.0
44610138.0	1246957636.0
55816556.0	1246958580.0
51905677.0	1246958634.0
55657453.0	1246958739.0
35673877.0	1246960099.0
48119529.0	1246982447.0
15019940.0	1248601421.0
6730731.0	1250050476.0
6730731.0	1250050623.0
15757179.0	1250166987.0
