33493293.0	1243509647.0
11711481.0	1243521075.0
8305429.0	1243521389.0
27272086.0	1243521635.0
4038146.0	1243522146.0
36157745.0	1243524861.0
21224591.0	1243530210.0
42460.0	1243544690.0
8305429.0	1243550158.0
8682911.0	1243551015.0
42462.0	1243555566.0
40301562.0	1243559150.0
7095907.0	1243568655.0
18637925.0	1243569838.0
18637789.0	1243572139.0
17076470.0	1243575606.0
5335436.0	1243581648.0
40939070.0	1243600802.0
40939070.0	1243672687.0
19622374.0	1243689754.0
44048677.0	1243731433.0
1037699.0	1243740181.0
40939070.0	1243773332.0
2676135.0	1243774985.0
14956602.0	1243793619.0
20124922.0	1243844108.0
20124922.0	1243845908.0
20124922.0	1243845915.0
18031366.0	1243853104.0
34635078.0	1243853847.0
30636457.0	1243863664.0
55969321.0	1243870089.0
40939070.0	1243888683.0
20124922.0	1243930508.0
29287189.0	1244390262.0
44294492.0	1244403006.0
33493293.0	1244553458.0
17548583.0	1244709469.0
52242129.0	1244746929.0
52242129.0	1244746985.0
38027120.0	1244747559.0
28983061.0	1244747837.0
22611639.0	1244747956.0
8305429.0	1244748060.0
28983061.0	1244748099.0
5146395.0	1244748239.0
23964976.0	1244748395.0
3911122.0	1244748435.0
40011211.0	1244748488.0
50702339.0	1244748490.0
6705932.0	1244748802.0
52242129.0	1244748927.0
12586695.0	1244749304.0
20156480.0	1244749400.0
20684268.0	1244750061.0
11984539.0	1244750251.0
5363894.0	1244751840.0
8305429.0	1244752247.0
56017579.0	1244752572.0
5155821.0	1244753550.0
7092315.0	1244755534.0
3747800.0	1244755606.0
22292436.0	1244756100.0
55264187.0	1244757358.0
5215892.0	1244757530.0
55969321.0	1244758528.0
24673999.0	1244758943.0
37251754.0	1244759123.0
12804781.0	1244760173.0
7092315.0	1244760312.0
55815018.0	1244762362.0
5348067.0	1244762467.0
55914433.0	1244763337.0
36292703.0	1244763773.0
43246607.0	1244764398.0
35444685.0	1244767204.0
38259932.0	1244768216.0
24314287.0	1244768498.0
763836.0	1244768636.0
6647536.0	1244770820.0
26707753.0	1244773992.0
5780921.0	1244775693.0
40301562.0	1244775746.0
1037699.0	1244777388.0
23085121.0	1244780478.0
25184082.0	1244781623.0
42519.0	1244781641.0
45843066.0	1244781717.0
42521.0	1244781780.0
11711481.0	1244781937.0
40095063.0	1244782337.0
18146431.0	1244782350.0
20851896.0	1244782496.0
7092315.0	1244782623.0
21425218.0	1244782729.0
38820298.0	1244782763.0
32893615.0	1244782872.0
16939.0	1244783304.0
12005225.0	1244783364.0
37689417.0	1244783516.0
44771961.0	1244783610.0
16484694.0	1244783641.0
45125032.0	1244783697.0
35346104.0	1244783946.0
55948833.0	1244784003.0
3663465.0	1244784037.0
33977945.0	1244784174.0
22065236.0	1244784233.0
46161466.0	1244784341.0
7730174.0	1244784542.0
33597843.0	1244784799.0
34643254.0	1244784883.0
27820919.0	1244785003.0
41253327.0	1244785343.0
46031184.0	1244785587.0
27053206.0	1244785815.0
47292422.0	1244786181.0
43508215.0	1244786191.0
17089.0	1244786222.0
22174334.0	1244786227.0
42780890.0	1244786326.0
11314237.0	1244786392.0
30922989.0	1244786935.0
18637789.0	1244787648.0
10247452.0	1244787739.0
44985405.0	1244787813.0
44042606.0	1244787850.0
45779688.0	1244788096.0
44045752.0	1244788275.0
19363976.0	1244788280.0
6727147.0	1244788348.0
6727147.0	1244788349.0
6727147.0	1244788351.0
20851896.0	1244788646.0
35946894.0	1244788924.0
7092315.0	1244789659.0
10247452.0	1244789664.0
7092315.0	1244789669.0
7092315.0	1244789678.0
7092315.0	1244789680.0
27826144.0	1244789736.0
411280.0	1244790100.0
52993261.0	1244790175.0
17089.0	1244791711.0
44659683.0	1244792471.0
17043.0	1244792704.0
16610286.0	1244792879.0
20540538.0	1244793990.0
28404406.0	1244794085.0
12005225.0	1244794206.0
19262940.0	1244794295.0
16931.0	1244794464.0
8446095.0	1244794556.0
44052763.0	1244794566.0
42921853.0	1244794584.0
10047.0	1244794648.0
15201709.0	1244794662.0
3663465.0	1244794845.0
3533834.0	1244794913.0
14969766.0	1244795162.0
43519480.0	1244795179.0
7730174.0	1244795190.0
37220532.0	1244795202.0
38755054.0	1244795254.0
45154582.0	1244795408.0
17167.0	1244795491.0
33498358.0	1244795671.0
38416985.0	1244795752.0
9459815.0	1244795867.0
7722263.0	1244795879.0
10045.0	1244796035.0
17103.0	1244796043.0
16938.0	1244796094.0
47001744.0	1244796166.0
6972664.0	1244796354.0
16947.0	1244796498.0
38427525.0	1244796589.0
27826144.0	1244796710.0
16960.0	1244796783.0
40242732.0	1244796901.0
17089.0	1244796981.0
34614339.0	1244796999.0
16936.0	1244797061.0
21425218.0	1244797081.0
42780890.0	1244797180.0
25532591.0	1244797397.0
16939.0	1244797744.0
6919848.0	1244797805.0
23425537.0	1244797899.0
23463430.0	1244797949.0
6955440.0	1244798029.0
43806352.0	1244798062.0
45236699.0	1244798100.0
28825180.0	1244798195.0
36021711.0	1244798216.0
34657.0	1244798355.0
33361052.0	1244798454.0
32957796.0	1244798525.0
28688001.0	1244798530.0
46031184.0	1244798776.0
17115.0	1244798842.0
43835788.0	1244798868.0
37191026.0	1244799041.0
34643254.0	1244799331.0
24432923.0	1244799726.0
55732529.0	1244799854.0
33267399.0	1244800013.0
35217790.0	1244800380.0
47158139.0	1244800420.0
4955022.0	1244800818.0
55769971.0	1244800832.0
17115.0	1244802234.0
8644465.0	1244802748.0
25487931.0	1244803327.0
1040878.0	1244803333.0
10044.0	1244803717.0
33498358.0	1244805360.0
25198960.0	1244805522.0
37742083.0	1244805939.0
8083001.0	1244806140.0
47009235.0	1244807114.0
42273166.0	1244808603.0
44044092.0	1244812074.0
40098053.0	1244813071.0
15486098.0	1244815236.0
7477467.0	1244816197.0
14810654.0	1244817346.0
32957796.0	1244821901.0
44294492.0	1244822111.0
44294492.0	1244822114.0
44294492.0	1244822118.0
44294492.0	1244822119.0
47001744.0	1244823097.0
44294492.0	1244825275.0
35904118.0	1244836074.0
8305429.0	1244838759.0
55969321.0	1244839052.0
17015.0	1244840355.0
46142881.0	1244845549.0
14956285.0	1244845613.0
42568.0	1244850030.0
42569.0	1244851916.0
17017.0	1244866153.0
7092315.0	1244882392.0
7092315.0	1244882400.0
43697387.0	1244907736.0
7730174.0	1244908154.0
24381043.0	1244908288.0
42571.0	1244908561.0
15472469.0	1244913933.0
46591443.0	1244925497.0
17015.0	1244926914.0
36557703.0	1244927726.0
7092315.0	1244928355.0
55840865.0	1244955508.0
21283023.0	1244985267.0
42577.0	1244993575.0
23125403.0	1244993632.0
16632470.0	1244993635.0
42580.0	1244993913.0
39118317.0	1244993922.0
42580.0	1244995014.0
17015.0	1245013504.0
17015.0	1245013560.0
31613608.0	1245014039.0
10247452.0	1245021340.0
9599.0	1245029323.0
45020262.0	1245032518.0
19783737.0	1245034018.0
9955897.0	1245052429.0
34617435.0	1245065145.0
7913296.0	1245066655.0
7913296.0	1245066662.0
8295918.0	1245066794.0
42553221.0	1245072334.0
42415700.0	1245073166.0
40277603.0	1245082992.0
19129294.0	1245090114.0
32246712.0	1245090941.0
43824273.0	1245098902.0
55765134.0	1245118441.0
44710820.0	1245146563.0
10917859.0	1245146808.0
42954040.0	1245153448.0
46589294.0	1245157861.0
55969321.0	1245158112.0
17115.0	1245160172.0
23018151.0	1245161793.0
1037699.0	1245166729.0
55969321.0	1245170949.0
437259.0	1245175616.0
28983061.0	1245175870.0
11711481.0	1245176144.0
11638418.0	1245177655.0
24216710.0	1245180342.0
30636457.0	1245187929.0
32957796.0	1245190932.0
44048677.0	1245196638.0
55836212.0	1245219920.0
23480576.0	1245224186.0
18299021.0	1245226120.0
20124922.0	1245230109.0
20124922.0	1245231905.0
20124922.0	1245231910.0
2661320.0	1245240530.0
8305429.0	1245241662.0
4814456.0	1245242090.0
5117333.0	1245243162.0
21705452.0	1245245487.0
43541731.0	1245246816.0
43871668.0	1245246887.0
20124922.0	1245248106.0
44294492.0	1245256397.0
19622374.0	1245283724.0
1037699.0	1245285193.0
14956602.0	1245289424.0
17959886.0	1245293120.0
9570.0	1245301594.0
55722051.0	1245301598.0
3646307.0	1245302740.0
25349885.0	1245303006.0
31318992.0	1245303007.0
1136599.0	1245303438.0
19066966.0	1245303941.0
43091164.0	1245304307.0
44525280.0	1245304602.0
18157884.0	1245304747.0
46530102.0	1245304827.0
48056948.0	1245305432.0
42521.0	1245305648.0
31920768.0	1245305873.0
22304317.0	1245306609.0
27826144.0	1245307854.0
55836212.0	1245307922.0
34461989.0	1245310101.0
908678.0	1245312119.0
22611639.0	1245313139.0
55846998.0	1245324606.0
31418438.0	1245335690.0
22922843.0	1245346728.0
40939070.0	1245349698.0
55778814.0	1245349875.0
14969475.0	1245349967.0
35444685.0	1245352452.0
10323487.0	1245376404.0
42620.0	1245394674.0
28366694.0	1245547902.0
28439526.0	1245565136.0
47557943.0	1245599854.0
48058937.0	1245795302.0
17548583.0	1245846368.0
11711481.0	1245906954.0
42460.0	1245919784.0
14359504.0	1245977896.0
23984533.0	1245978468.0
46589294.0	1246263900.0
40263455.0	1246264712.0
8305429.0	1246269380.0
3699180.0	1246269811.0
28439526.0	1246277682.0
42629.0	1246287974.0
1037699.0	1246289238.0
38790329.0	1246299850.0
38930171.0	1246299935.0
42631.0	1246300552.0
11857635.0	1246304169.0
35466959.0	1246304407.0
17262.0	1246304432.0
23425537.0	1246304488.0
24058200.0	1246304889.0
34773387.0	1246304950.0
49782598.0	1246305062.0
48285067.0	1246305073.0
48952722.0	1246305300.0
35211320.0	1246305366.0
5177766.0	1246305469.0
45727486.0	1246305618.0
1136599.0	1246305632.0
10045.0	1246305662.0
48848824.0	1246305686.0
15201709.0	1246305871.0
16947.0	1246305906.0
42976358.0	1246306017.0
37191026.0	1246306152.0
30450142.0	1246306155.0
19789065.0	1246306471.0
25417966.0	1246306919.0
5363894.0	1246307083.0
42626405.0	1246307164.0
32029430.0	1246307426.0
43988747.0	1246307475.0
17171.0	1246307835.0
49579320.0	1246308164.0
36064311.0	1246308418.0
34315419.0	1246308521.0
48481681.0	1246308800.0
28404406.0	1246308985.0
33267399.0	1246309776.0
42642.0	1246310861.0
42642.0	1246310881.0
38134369.0	1246310982.0
19767822.0	1246311067.0
10047.0	1246311554.0
32536260.0	1246311815.0
1797315.0	1246312158.0
37521048.0	1246312929.0
7679679.0	1246313294.0
47009235.0	1246313578.0
20684458.0	1246313579.0
31206108.0	1246313742.0
55857602.0	1246313941.0
4955022.0	1246314626.0
42600552.0	1246314787.0
49133749.0	1246315426.0
11425718.0	1246315701.0
17115.0	1246316195.0
44044092.0	1246316830.0
42650.0	1246318541.0
39079248.0	1246318545.0
42652.0	1246321155.0
10247452.0	1246322100.0
10681815.0	1246322258.0
48712177.0	1246322648.0
44475382.0	1246322732.0
51491354.0	1246323249.0
45880371.0	1246324471.0
55836960.0	1246324736.0
17703363.0	1246325127.0
1820131.0	1246325566.0
38134369.0	1246325717.0
21507727.0	1246325776.0
14956602.0	1246325804.0
14956602.0	1246325818.0
25487931.0	1246327341.0
17548583.0	1246327495.0
18229771.0	1246327831.0
39602726.0	1246329161.0
39604267.0	1246329162.0
39599142.0	1246329163.0
42418162.0	1246329164.0
39600513.0	1246329165.0
36557703.0	1246329817.0
12058567.0	1246330184.0
12092221.0	1246332883.0
42462.0	1246334290.0
6727147.0	1246335428.0
44220952.0	1246335636.0
19363976.0	1246335652.0
42462.0	1246336811.0
42462.0	1246336926.0
44045752.0	1246338125.0
47607534.0	1246338195.0
33597843.0	1246339454.0
17231.0	1246339466.0
42519.0	1246339864.0
16939.0	1246340133.0
42767734.0	1246340170.0
48482883.0	1246340715.0
49782598.0	1246340999.0
42861503.0	1246341577.0
42642.0	1246341669.0
22174334.0	1246341819.0
9983.0	1246341991.0
31418438.0	1246342026.0
46906592.0	1246342035.0
42642.0	1246342259.0
43988747.0	1246343582.0
22034828.0	1246345072.0
42672.0	1246346227.0
44659683.0	1246347704.0
35631042.0	1246349159.0
17324351.0	1246349767.0
38852231.0	1246351438.0
48482883.0	1246360873.0
20124922.0	1246362309.0
17072.0	1246364164.0
46434000.0	1246364617.0
48482883.0	1246365376.0
48482883.0	1246372035.0
40277603.0	1246378328.0
46864482.0	1246382740.0
40939070.0	1246383443.0
33205517.0	1246388962.0
35444685.0	1246394621.0
39118317.0	1246397431.0
42984071.0	1246406150.0
44848905.0	1246408725.0
35217790.0	1246408934.0
16323233.0	1246417163.0
48488751.0	1246418176.0
38464100.0	1246418278.0
22292893.0	1246420679.0
10876369.0	1246425170.0
40682897.0	1246430791.0
32050737.0	1246435154.0
35444685.0	1246438033.0
7092315.0	1246444244.0
48285067.0	1246476307.0
36294997.0	1246484798.0
17076470.0	1246487225.0
49291049.0	1246487922.0
6647536.0	1246504905.0
33205517.0	1246512861.0
27411254.0	1246518474.0
7092315.0	1246527112.0
42686.0	1246584966.0
7092315.0	1246635103.0
55937444.0	1246664217.0
11711481.0	1246714379.0
55779154.0	1246842021.0
20124922.0	1246875314.0
36476673.0	1246937848.0
13912868.0	1247047576.0
48721830.0	1247050193.0
23080928.0	1247055314.0
7170540.0	1247074282.0
2251900.0	1247074645.0
19782298.0	1247097531.0
17548583.0	1247099481.0
10247452.0	1247101576.0
7092315.0	1247106688.0
25073759.0	1247118131.0
7092315.0	1247128252.0
20124922.0	1247129106.0
17436611.0	1247150211.0
21564684.0	1247171430.0
12804781.0	1247175255.0
19114836.0	1247459630.0
48063636.0	1247468379.0
18003303.0	1247569640.0
38098964.0	1247631994.0
55886176.0	1247651376.0
20124922.0	1247652904.0
38794639.0	1247653103.0
51620697.0	1247653290.0
37413792.0	1247653386.0
24048038.0	1247653527.0
46589294.0	1247655783.0
42706.0	1247657802.0
34183976.0	1247661732.0
33597843.0	1247661794.0
25868394.0	1247661814.0
38790329.0	1247662101.0
38930171.0	1247662173.0
11314237.0	1247662218.0
45843066.0	1247662443.0
55948833.0	1247662502.0
51138418.0	1247662720.0
43508215.0	1247662733.0
42710.0	1247662766.0
49782598.0	1247662775.0
42711.0	1247662790.0
42146847.0	1247662836.0
18146431.0	1247663027.0
42521.0	1247663115.0
42519.0	1247663150.0
37689417.0	1247663303.0
19363976.0	1247663646.0
45125032.0	1247664023.0
46798687.0	1247664123.0
42714.0	1247664171.0
42631.0	1247664200.0
44042606.0	1247664220.0
51386164.0	1247664590.0
51331426.0	1247664593.0
51389066.0	1247664595.0
25664308.0	1247664995.0
37689417.0	1247665657.0
24296941.0	1247666345.0
40939070.0	1247669112.0
4072615.0	1247670584.0
35444685.0	1247671332.0
7092315.0	1247671811.0
42721.0	1247671940.0
44045752.0	1247672352.0
16488745.0	1247673480.0
22183501.0	1247675966.0
17880611.0	1247680346.0
42273166.0	1247680847.0
1037699.0	1247682328.0
11711481.0	1247683070.0
55825192.0	1247683671.0
24377355.0	1247685261.0
7092315.0	1247686257.0
42984071.0	1247687308.0
48337987.0	1247692496.0
47529812.0	1247695895.0
28688001.0	1247697015.0
42462.0	1247699286.0
7092315.0	1247700605.0
24144115.0	1247702059.0
44439060.0	1247702561.0
18637925.0	1247702619.0
42600552.0	1247702781.0
14956602.0	1247707403.0
33473200.0	1247708974.0
36373680.0	1247709109.0
42732.0	1247709281.0
44439060.0	1247710329.0
19049045.0	1247711165.0
37940974.0	1247711458.0
33473200.0	1247712854.0
48488751.0	1247714251.0
22292893.0	1247715118.0
38464100.0	1247715253.0
42734.0	1247715886.0
43928634.0	1247719503.0
33473200.0	1247725301.0
42736.0	1247726474.0
42940465.0	1247730928.0
6724802.0	1247735422.0
55784183.0	1247738108.0
33473200.0	1247748023.0
33719129.0	1247779053.0
28269334.0	1247785292.0
46918923.0	1247802383.0
50515495.0	1247805720.0
50000092.0	1247805935.0
44649554.0	1247806150.0
7092315.0	1247815835.0
33473200.0	1247835372.0
22992815.0	1247883396.0
33473200.0	1247886061.0
30290920.0	1247897881.0
33473200.0	1247958389.0
33473200.0	1247986615.0
41649421.0	1248178507.0
8305429.0	1248178746.0
38794639.0	1248179206.0
4814456.0	1248179831.0
36901315.0	1248179932.0
7971595.0	1248180230.0
49523010.0	1248182408.0
51915675.0	1248186548.0
35863396.0	1248193596.0
5117333.0	1248196027.0
40263455.0	1248198310.0
46589294.0	1248199004.0
48895189.0	1248199674.0
45796442.0	1248200161.0
35444685.0	1248202238.0
52244910.0	1248204814.0
24869683.0	1248204855.0
45215743.0	1248210759.0
10550948.0	1248212313.0
7092315.0	1248226242.0
51965786.0	1248229986.0
42760.0	1248233291.0
5952457.0	1248234171.0
22367649.0	1248242428.0
25976321.0	1248256276.0
20124922.0	1248272109.0
44294492.0	1248280612.0
44294492.0	1248280613.0
44294492.0	1248280614.0
44294492.0	1248281181.0
26243764.0	1248330419.0
35444685.0	1248470585.0
24048038.0	1248471686.0
8305429.0	1248495411.0
1626726.0	1248495472.0
14566353.0	1248495750.0
55809758.0	1248495920.0
38463828.0	1248495963.0
39694647.0	1248495968.0
27272086.0	1248496053.0
52244910.0	1248496239.0
39694647.0	1248496309.0
50702339.0	1248496406.0
5471014.0	1248498066.0
32246293.0	1248498581.0
46161466.0	1248498953.0
37635235.0	1248498971.0
23009189.0	1248499154.0
55867183.0	1248499269.0
4968499.0	1248500278.0
51965786.0	1248500314.0
24044933.0	1248501549.0
26583028.0	1248504316.0
47140972.0	1248504562.0
51906042.0	1248506006.0
32017217.0	1248506145.0
42779.0	1248506401.0
10220050.0	1248506884.0
9476501.0	1248507662.0
13761169.0	1248507941.0
6705932.0	1248509941.0
48063636.0	1248511608.0
21195053.0	1248514827.0
15164447.0	1248518073.0
42784.0	1248537038.0
11511631.0	1248547876.0
34905872.0	1248548244.0
47276999.0	1248548800.0
42788.0	1248566231.0
46589294.0	1248579269.0
46589294.0	1248579282.0
10323487.0	1248579333.0
42154717.0	1248579512.0
27058818.0	1248579565.0
15927835.0	1248579605.0
34250653.0	1248579712.0
26037992.0	1248579804.0
5952457.0	1248579957.0
29125833.0	1248580302.0
8305429.0	1248581722.0
22292436.0	1248585166.0
39878807.0	1248587395.0
55060685.0	1248592192.0
42870352.0	1248594037.0
44294492.0	1248594509.0
44294492.0	1248594511.0
15721478.0	1248607134.0
52244910.0	1248608637.0
40939070.0	1248619513.0
8305429.0	1248632138.0
39694647.0	1248632618.0
1037699.0	1248632765.0
31848860.0	1248633287.0
42870352.0	1248639466.0
374930.0	1248648026.0
40301562.0	1248648250.0
50668225.0	1248652798.0
38088706.0	1248653983.0
18637925.0	1248668859.0
8305429.0	1248675396.0
15856500.0	1248675464.0
1610176.0	1248675734.0
7201807.0	1248676078.0
51965786.0	1248676257.0
42900755.0	1248678354.0
14475819.0	1248681447.0
21780570.0	1248681593.0
10231423.0	1248681710.0
55963967.0	1248681955.0
20124922.0	1248682504.0
56015413.0	1248685891.0
35433344.0	1248687116.0
9643190.0	1248687369.0
13118782.0	1248691186.0
20124922.0	1248696902.0
31548571.0	1248700684.0
42883194.0	1248703924.0
44294492.0	1248705892.0
45796442.0	1248716615.0
42706.0	1248718130.0
42817.0	1248723357.0
41133937.0	1248763624.0
37940974.0	1248771692.0
42519.0	1248773556.0
52783441.0	1248773875.0
43154406.0	1248773938.0
16928.0	1248774246.0
46031184.0	1248774298.0
38820298.0	1248774428.0
11314237.0	1248774683.0
51120923.0	1248774960.0
49782598.0	1248775230.0
28965106.0	1248775508.0
43988747.0	1248777084.0
44659683.0	1248777180.0
50235573.0	1248778118.0
36901315.0	1248781435.0
33900782.0	1248781499.0
36925715.0	1248781706.0
18427868.0	1248782529.0
21868658.0	1248789218.0
45646307.0	1248790207.0
34461989.0	1248790235.0
38852231.0	1248790579.0
12374387.0	1248790680.0
27183345.0	1248790739.0
45125032.0	1248790857.0
24058200.0	1248790999.0
42825.0	1248791000.0
2674424.0	1248791017.0
16928.0	1248791072.0
20907817.0	1248791107.0
49782598.0	1248791119.0
6919848.0	1248791150.0
18828157.0	1248791154.0
3879021.0	1248791180.0
23425537.0	1248791184.0
42827.0	1248791189.0
42828.0	1248791199.0
46279212.0	1248791223.0
17346.0	1248791276.0
38656747.0	1248791316.0
8446095.0	1248791389.0
42780890.0	1248791454.0
38755054.0	1248791502.0
16959.0	1248791530.0
35600556.0	1248791571.0
33361052.0	1248791594.0
44644985.0	1248791616.0
49579320.0	1248791634.0
37220532.0	1248791664.0
24916432.0	1248791698.0
42521.0	1248791701.0
25532591.0	1248791714.0
9075401.0	1248791750.0
33354739.0	1248791777.0
42832.0	1248791805.0
37424199.0	1248791807.0
34461989.0	1248791831.0
53037410.0	1248791925.0
15201709.0	1248791930.0
23463430.0	1248791960.0
34773387.0	1248791965.0
16947.0	1248792037.0
50235573.0	1248792089.0
17089.0	1248792137.0
38820298.0	1248792204.0
42976358.0	1248792216.0
48467139.0	1248792218.0
12005225.0	1248792223.0
35211320.0	1248792229.0
19262940.0	1248792231.0
50976888.0	1248792239.0
43584060.0	1248792287.0
40939070.0	1248792345.0
42717457.0	1248792433.0
52783441.0	1248792535.0
52954758.0	1248792663.0
6964695.0	1248792696.0
46530102.0	1248792793.0
42837.0	1248792820.0
21868658.0	1248792828.0
17262.0	1248792829.0
28404406.0	1248792854.0
37186191.0	1248792867.0
42838.0	1248793046.0
25976321.0	1248793115.0
43697387.0	1248793120.0
45449736.0	1248793142.0
7647091.0	1248793186.0
17590361.0	1248793198.0
45154582.0	1248793206.0
35466959.0	1248793219.0
21941854.0	1248793371.0
42840.0	1248793373.0
21495052.0	1248793424.0
10045.0	1248793426.0
21833919.0	1248793450.0
37827128.0	1248793485.0
37689417.0	1248793487.0
41723933.0	1248793543.0
12297460.0	1248793684.0
47829332.0	1248793693.0
22843009.0	1248793818.0
48725467.0	1248793826.0
42921853.0	1248794073.0
35013318.0	1248794231.0
55961840.0	1248794290.0
43154406.0	1248794308.0
46031184.0	1248794566.0
52819657.0	1248794663.0
9475095.0	1248794796.0
14369511.0	1248795369.0
10047.0	1248795508.0
50484719.0	1248795530.0
34315419.0	1248795654.0
33900782.0	1248795830.0
10044.0	1248795916.0
2968741.0	1248796135.0
34767159.0	1248796210.0
11148233.0	1248796243.0
16936.0	1248796262.0
38134369.0	1248797025.0
48911973.0	1248797046.0
11711481.0	1248797337.0
32052221.0	1248797402.0
25139585.0	1248797589.0
18965453.0	1248798013.0
40242732.0	1248798036.0
40242732.0	1248798038.0
40242732.0	1248798040.0
46589294.0	1248798640.0
49700908.0	1248799117.0
24377355.0	1248799478.0
5391729.0	1248799692.0
44044092.0	1248801394.0
39694647.0	1248801600.0
48579813.0	1248802111.0
21772180.0	1248804598.0
11638418.0	1248804622.0
44659683.0	1248806415.0
7902097.0	1248806629.0
21202201.0	1248809529.0
51491354.0	1248809964.0
6087607.0	1248810323.0
42858.0	1248812429.0
17115.0	1248814528.0
25909864.0	1248816683.0
51085604.0	1248819433.0
1797315.0	1248820618.0
50979501.0	1248821681.0
41133481.0	1248823292.0
9646059.0	1248824188.0
17015.0	1248825898.0
34304934.0	1248826115.0
25487931.0	1248827296.0
48002822.0	1248829547.0
41121919.0	1248830581.0
23439338.0	1248835504.0
9955897.0	1248838504.0
15035011.0	1248840301.0
42434662.0	1248841861.0
30082983.0	1248842563.0
52717720.0	1248844478.0
32246712.0	1248848235.0
31002430.0	1248850668.0
19114836.0	1248852410.0
42826247.0	1248857968.0
24048038.0	1248865538.0
38937862.0	1248874402.0
29272667.0	1248876267.0
20700371.0	1248883571.0
8305429.0	1248884219.0
5117333.0	1248884304.0
38099667.0	1248884597.0
47276999.0	1248884623.0
32246293.0	1248884852.0
41827132.0	1248885063.0
51965786.0	1248886180.0
39694647.0	1248886776.0
17257225.0	1248887639.0
41599232.0	1248888828.0
13118782.0	1248890797.0
42976358.0	1248894344.0
23425537.0	1248894390.0
23425537.0	1248894391.0
16947.0	1248894395.0
15201709.0	1248894396.0
15201709.0	1248894400.0
23336741.0	1248894413.0
7477467.0	1248894474.0
27627539.0	1248894498.0
12005225.0	1248894550.0
43584060.0	1248894551.0
12005225.0	1248894556.0
12005225.0	1248894557.0
9642278.0	1248894592.0
30839788.0	1248894610.0
22843009.0	1248894611.0
45449736.0	1248894615.0
45449736.0	1248894616.0
42825.0	1248894685.0
42882.0	1248894699.0
49782598.0	1248894782.0
49782598.0	1248894783.0
42921853.0	1248894784.0
33473200.0	1248894785.0
42826247.0	1248894803.0
14099222.0	1248894832.0
15400247.0	1248894881.0
2981949.0	1248894902.0
25129060.0	1248894916.0
42155091.0	1248894927.0
15192589.0	1248894971.0
36347161.0	1248894988.0
33316304.0	1248895003.0
52783441.0	1248895030.0
52783441.0	1248895037.0
21425218.0	1248895038.0
21425218.0	1248895040.0
17146.0	1248895047.0
5318306.0	1248895084.0
52124271.0	1248895092.0
52124271.0	1248895094.0
24058200.0	1248895110.0
45887855.0	1248895119.0
29405358.0	1248895124.0
10565574.0	1248895144.0
52954758.0	1248895147.0
42837.0	1248895159.0
42837.0	1248895162.0
42837.0	1248895169.0
34767159.0	1248895185.0
27716289.0	1248895195.0
24907695.0	1248895258.0
42838.0	1248895273.0
42838.0	1248895276.0
17089.0	1248895297.0
42827.0	1248895301.0
17089.0	1248895302.0
42827.0	1248895308.0
8662398.0	1248895335.0
35764963.0	1248895336.0
38656747.0	1248895341.0
3879021.0	1248895347.0
3879021.0	1248895348.0
50739735.0	1248895351.0
23640142.0	1248895353.0
50739735.0	1248895356.0
52783441.0	1248895401.0
29883508.0	1248895415.0
43446199.0	1248895442.0
45602687.0	1248895512.0
20714603.0	1248895513.0
45826621.0	1248895514.0
55656554.0	1248895519.0
53152228.0	1248895520.0
3041485.0	1248895544.0
19262940.0	1248895573.0
12031281.0	1248895634.0
5177766.0	1248895665.0
14969766.0	1248895677.0
14969766.0	1248895679.0
49406141.0	1248895684.0
35823963.0	1248895736.0
45887855.0	1248895762.0
45887855.0	1248895767.0
39946016.0	1248895773.0
22161741.0	1248895774.0
46031184.0	1248895780.0
53021887.0	1248895809.0
55722993.0	1248895827.0
16959.0	1248895877.0
16959.0	1248895900.0
11711481.0	1248895924.0
30839788.0	1248895931.0
42519.0	1248895932.0
10045.0	1248895946.0
10045.0	1248895951.0
44165261.0	1248895957.0
10039633.0	1248895993.0
36771609.0	1248896006.0
10047.0	1248896015.0
10047.0	1248896019.0
42959197.0	1248896031.0
46916289.0	1248896100.0
32029430.0	1248896103.0
34183976.0	1248896115.0
49425407.0	1248896178.0
12545553.0	1248896232.0
24351894.0	1248896288.0
2827824.0	1248896334.0
24377355.0	1248896342.0
18245839.0	1248896346.0
12838408.0	1248896356.0
44044092.0	1248896397.0
17160.0	1248896429.0
43891664.0	1248896498.0
38029096.0	1248896635.0
11711481.0	1248896679.0
48776356.0	1248896685.0
18635923.0	1248896697.0
40526173.0	1248896719.0
30272517.0	1248896754.0
10044.0	1248896771.0
10044.0	1248896782.0
5391729.0	1248896808.0
16936.0	1248896849.0
16936.0	1248896852.0
10220050.0	1248896861.0
20784033.0	1248896904.0
30610695.0	1248896955.0
34645215.0	1248897015.0
21853359.0	1248897038.0
38101848.0	1248897105.0
17210.0	1248897128.0
17210.0	1248897136.0
31444427.0	1248897274.0
13168139.0	1248897299.0
39431272.0	1248897338.0
46088277.0	1248897342.0
2108697.0	1248897485.0
49716491.0	1248897521.0
13151730.0	1248897598.0
42642.0	1248897610.0
24152862.0	1248897613.0
42642.0	1248897639.0
53219239.0	1248897648.0
9475095.0	1248897663.0
42642.0	1248897665.0
46031184.0	1248897678.0
31226514.0	1248897700.0
32957796.0	1248897707.0
17171.0	1248897723.0
22620824.0	1248897724.0
42944.0	1248897786.0
42944.0	1248897787.0
33628465.0	1248897821.0
15589016.0	1248897825.0
666868.0	1248897834.0
45887855.0	1248897857.0
12297460.0	1248897913.0
32860863.0	1248897915.0
51837385.0	1248897929.0
25909864.0	1248897944.0
10247452.0	1248898075.0
17089.0	1248898076.0
46895632.0	1248898104.0
4891548.0	1248898134.0
33606908.0	1248898143.0
50979501.0	1248898214.0
47510521.0	1248898249.0
11638418.0	1248898307.0
12545553.0	1248898459.0
44413702.0	1248898465.0
5470601.0	1248898539.0
26110664.0	1248898560.0
55986369.0	1248898569.0
7958251.0	1248898597.0
48988477.0	1248898605.0
44932584.0	1248898685.0
24851534.0	1248898732.0
46749044.0	1248898733.0
43835788.0	1248898750.0
27888463.0	1248898767.0
45154582.0	1248898807.0
42964.0	1248898848.0
18965453.0	1248898897.0
18965453.0	1248898898.0
9482896.0	1248898984.0
50217614.0	1248899004.0
18565447.0	1248899022.0
11711481.0	1248899086.0
10542065.0	1248899137.0
7778853.0	1248899327.0
42296383.0	1248899338.0
41986178.0	1248899412.0
44165261.0	1248899440.0
18965453.0	1248899488.0
25910517.0	1248899502.0
55769971.0	1248899555.0
48911973.0	1248899559.0
34424683.0	1248899561.0
48911973.0	1248899564.0
49579320.0	1248899583.0
24916432.0	1248899646.0
24916432.0	1248899647.0
9646059.0	1248899764.0
7095907.0	1248899779.0
15486098.0	1248899785.0
17167.0	1248899792.0
53135026.0	1248899822.0
55642342.0	1248899838.0
8295918.0	1248899846.0
23152433.0	1248899869.0
52862225.0	1248899944.0
42976.0	1248899948.0
25982053.0	1248899952.0
53037410.0	1248899959.0
16992535.0	1248899969.0
38134369.0	1248900013.0
38134369.0	1248900015.0
51539595.0	1248900029.0
39425421.0	1248900067.0
39425421.0	1248900071.0
8613251.0	1248900206.0
42982.0	1248900215.0
8176789.0	1248900342.0
37689417.0	1248900394.0
42976.0	1248900484.0
39807090.0	1248900530.0
53112693.0	1248900540.0
8755270.0	1248900544.0
6743913.0	1248900690.0
17262.0	1248900747.0
24703602.0	1248900855.0
10656826.0	1248901009.0
31453770.0	1248901070.0
45646307.0	1248901155.0
39851984.0	1248901169.0
24375465.0	1248901277.0
3667337.0	1248901335.0
42976.0	1248901387.0
44722942.0	1248901457.0
20030291.0	1248901528.0
45215743.0	1248901618.0
48725467.0	1248901624.0
48725467.0	1248901625.0
23135695.0	1248901634.0
50335203.0	1248901669.0
34444014.0	1248901673.0
45638725.0	1248901688.0
31117811.0	1248901723.0
42976.0	1248901931.0
13994736.0	1248902090.0
39355260.0	1248902174.0
5369516.0	1248902235.0
45887855.0	1248902318.0
18314300.0	1248902439.0
42701988.0	1248902491.0
38690862.0	1248902594.0
9360928.0	1248902618.0
34989862.0	1248902628.0
42976.0	1248902648.0
1037699.0	1248902727.0
55926698.0	1248902740.0
2937313.0	1248902789.0
6678703.0	1248902803.0
18170045.0	1248902817.0
17089.0	1248902929.0
18420834.0	1248903027.0
55886578.0	1248903049.0
46726061.0	1248903103.0
42600552.0	1248903166.0
34036052.0	1248903229.0
43016.0	1248903240.0
50484719.0	1248903251.0
44344576.0	1248903489.0
44211272.0	1248903567.0
25193069.0	1248903629.0
52221698.0	1248903714.0
12965037.0	1248903793.0
16974.0	1248903824.0
48768688.0	1248903979.0
42826247.0	1248904018.0
51231074.0	1248904049.0
21186986.0	1248904146.0
22292436.0	1248904224.0
22292436.0	1248904239.0
39351944.0	1248904307.0
21935607.0	1248904410.0
42760.0	1248904475.0
45387462.0	1248904555.0
42944.0	1248904672.0
52326598.0	1248904682.0
23219959.0	1248904693.0
43136892.0	1248904716.0
43136892.0	1248904719.0
12892384.0	1248904750.0
47799645.0	1248904759.0
47799645.0	1248904761.0
49056210.0	1248904805.0
19622374.0	1248904858.0
46015711.0	1248904888.0
23456225.0	1248904901.0
26519210.0	1248904958.0
42620.0	1248905077.0
11857635.0	1248905133.0
37807767.0	1248905190.0
25282487.0	1248905232.0
43036.0	1248905272.0
46161730.0	1248905402.0
42998967.0	1248905492.0
8509443.0	1248905564.0
11257159.0	1248905809.0
10918929.0	1248905812.0
26199371.0	1248905819.0
52326598.0	1248905822.0
8641106.0	1248906537.0
51965786.0	1248906571.0
20112797.0	1248906785.0
49253390.0	1248906820.0
38794639.0	1248906973.0
38794639.0	1248906981.0
35023750.0	1248907028.0
43047.0	1248907319.0
1040878.0	1248907398.0
20112797.0	1248907685.0
45803787.0	1248907831.0
52872910.0	1248907869.0
4035022.0	1248907898.0
17048.0	1248907899.0
15986380.0	1248908188.0
27026696.0	1248908197.0
43788324.0	1248908347.0
43788324.0	1248908450.0
8234497.0	1248908451.0
9570.0	1248908531.0
38930946.0	1248908537.0
4035022.0	1248908569.0
47421214.0	1248908606.0
31298400.0	1248908675.0
49268195.0	1248908793.0
16546084.0	1248908862.0
12968586.0	1248908980.0
15721478.0	1248909151.0
10212992.0	1248909198.0
18637925.0	1248909241.0
44842777.0	1248909342.0
46321318.0	1248909742.0
17346.0	1248909817.0
41619912.0	1248909882.0
41299978.0	1248910157.0
19089342.0	1248910262.0
46916289.0	1248910484.0
53136695.0	1248910697.0
51303911.0	1248910834.0
28054802.0	1248910867.0
47451279.0	1248911001.0
24766962.0	1248911002.0
12187252.0	1248911018.0
44670766.0	1248911220.0
27113137.0	1248911348.0
9925425.0	1248911525.0
32269231.0	1248911582.0
55867183.0	1248911606.0
51518405.0	1248911610.0
38450580.0	1248911843.0
29284193.0	1248911886.0
14767806.0	1248912274.0
17015.0	1248912442.0
53188203.0	1248912443.0
17015.0	1248912473.0
29930482.0	1248912497.0
43082.0	1248912916.0
51491354.0	1248913167.0
17345.0	1248913241.0
43083.0	1248913330.0
33174520.0	1248913417.0
35600556.0	1248913476.0
38560549.0	1248913481.0
17346.0	1248913495.0
12905363.0	1248913994.0
12922469.0	1248914021.0
9791324.0	1248914158.0
24692109.0	1248914429.0
32788038.0	1248914522.0
52869647.0	1248914612.0
43092.0	1248914729.0
42478393.0	1248914960.0
51906042.0	1248915184.0
27676555.0	1248915187.0
45887855.0	1248915194.0
24145114.0	1248915331.0
47140972.0	1248915372.0
20057787.0	1248915474.0
4185401.0	1248915610.0
49020713.0	1248915676.0
50857734.0	1248915889.0
24548659.0	1248916133.0
32050737.0	1248916148.0
17115.0	1248916245.0
1575039.0	1248916628.0
45233658.0	1248916761.0
52345662.0	1248917106.0
29753973.0	1248917158.0
42976.0	1248917227.0
42884704.0	1248917262.0
27178134.0	1248917267.0
21664261.0	1248917427.0
42976.0	1248917592.0
20730482.0	1248917709.0
17226.0	1248917856.0
43106.0	1248917936.0
43107.0	1248918075.0
28643157.0	1248918157.0
12484606.0	1248918308.0
42049767.0	1248918363.0
47799645.0	1248918528.0
43111.0	1248918828.0
38937862.0	1248918901.0
9599.0	1248918954.0
29590798.0	1248918978.0
40761924.0	1248918986.0
48285067.0	1248919275.0
25564734.0	1248919401.0
24432923.0	1248919741.0
42976.0	1248919749.0
48992442.0	1248919779.0
52641312.0	1248919890.0
13156206.0	1248920087.0
23601259.0	1248920095.0
43119.0	1248920178.0
9475095.0	1248920231.0
47452824.0	1248920280.0
43121.0	1248920431.0
5057953.0	1248920439.0
34174539.0	1248920579.0
19049045.0	1248920749.0
48314006.0	1248920823.0
46476706.0	1248920833.0
9475095.0	1248920891.0
33909460.0	1248920922.0
50981719.0	1248921103.0
49955955.0	1248921117.0
24925753.0	1248921346.0
15484339.0	1248921450.0
5487477.0	1248921483.0
23810443.0	1248921795.0
39865438.0	1248922259.0
6107476.0	1248922743.0
42642.0	1248922822.0
41682298.0	1248922841.0
37689417.0	1248922930.0
32985702.0	1248922959.0
17044205.0	1248923079.0
34615040.0	1248923235.0
42521.0	1248923524.0
27046353.0	1248923686.0
45887855.0	1248923765.0
12285449.0	1248923790.0
43140.0	1248923797.0
45887855.0	1248923822.0
43141.0	1248923964.0
1820131.0	1248924011.0
42861503.0	1248924071.0
52141336.0	1248924220.0
10038499.0	1248924235.0
10569365.0	1248924301.0
45125032.0	1248924444.0
42826247.0	1248924447.0
42826247.0	1248924459.0
44211272.0	1248924500.0
40939070.0	1248924505.0
50750892.0	1248924611.0
49425407.0	1248924825.0
55836960.0	1248924944.0
19771306.0	1248924949.0
42840.0	1248925076.0
37630279.0	1248925153.0
37630279.0	1248925162.0
33230051.0	1248925177.0
21731431.0	1248925213.0
43149.0	1248925257.0
38099667.0	1248925261.0
32976311.0	1248925292.0
48337987.0	1248925398.0
14574303.0	1248925421.0
43742871.0	1248925508.0
15035011.0	1248925538.0
29287189.0	1248925561.0
55878592.0	1248925718.0
43135967.0	1248925722.0
153507.0	1248925732.0
30610695.0	1248925805.0
19088599.0	1248925881.0
22617485.0	1248925901.0
40510661.0	1248925925.0
41689239.0	1248925985.0
43999910.0	1248926020.0
15595396.0	1248926257.0
14005433.0	1248926307.0
19450472.0	1248926465.0
42460.0	1248926472.0
18965453.0	1248926518.0
28794840.0	1248926561.0
50272388.0	1248926614.0
45646307.0	1248926717.0
14052372.0	1248926838.0
24766016.0	1248927381.0
33493426.0	1248927440.0
44930764.0	1248927479.0
8393580.0	1248927536.0
26437240.0	1248927545.0
29344387.0	1248927719.0
46255320.0	1248927804.0
13542780.0	1248928035.0
28688001.0	1248928198.0
7876635.0	1248928252.0
43462387.0	1248928324.0
10052638.0	1248928329.0
49558268.0	1248928472.0
24604068.0	1248928490.0
35085806.0	1248928611.0
55720077.0	1248928715.0
23254607.0	1248928725.0
37443930.0	1248928826.0
37630989.0	1248928869.0
33814189.0	1248928962.0
24377355.0	1248928999.0
4875903.0	1248929236.0
32790826.0	1248929437.0
19893189.0	1248929535.0
29630781.0	1248929624.0
21780570.0	1248929651.0
23509109.0	1248929694.0
11236038.0	1248929930.0
35706662.0	1248930006.0
40172771.0	1248930010.0
25532874.0	1248930132.0
3429225.0	1248930136.0
5577930.0	1248930271.0
48725399.0	1248930514.0
37746002.0	1248930591.0
43197.0	1248930641.0
37423240.0	1248930692.0
21978381.0	1248930714.0
14810654.0	1248930850.0
42944.0	1248931058.0
28653138.0	1248931065.0
45887855.0	1248931103.0
45887855.0	1248931109.0
28707190.0	1248931247.0
28188402.0	1248931284.0
47481797.0	1248931340.0
43204.0	1248931367.0
42759137.0	1248931392.0
19110413.0	1248931433.0
12969750.0	1248931450.0
55720077.0	1248931481.0
42861503.0	1248931496.0
18173368.0	1248931589.0
35706662.0	1248931693.0
42767734.0	1248931887.0
51671309.0	1248931929.0
48330071.0	1248932040.0
55720077.0	1248932105.0
9387788.0	1248932191.0
45887855.0	1248932259.0
3845989.0	1248932299.0
39064194.0	1248932459.0
9642278.0	1248932484.0
41249952.0	1248932496.0
2481908.0	1248932739.0
12481801.0	1248933252.0
36901315.0	1248933347.0
44294492.0	1248933428.0
17782609.0	1248933470.0
36925715.0	1248933481.0
8032518.0	1248933490.0
53029880.0	1248933657.0
39353035.0	1248933676.0
8093527.0	1248933682.0
15839745.0	1248933739.0
19450472.0	1248933797.0
10552643.0	1248933935.0
25809809.0	1248934054.0
4973251.0	1248934055.0
51709648.0	1248934060.0
43227.0	1248934142.0
12767348.0	1248934257.0
36713028.0	1248934262.0
3905802.0	1248934301.0
29020252.0	1248934623.0
21314560.0	1248934646.0
42486015.0	1248934751.0
29318807.0	1248934763.0
230686.0	1248934888.0
22297757.0	1248934950.0
31950593.0	1248934986.0
5348067.0	1248935021.0
44294492.0	1248935584.0
1856794.0	1248935648.0
56022036.0	1248935983.0
37878883.0	1248936219.0
16446160.0	1248936243.0
17545366.0	1248936606.0
12839218.0	1248936667.0
49403858.0	1248936694.0
49997183.0	1248936789.0
7750889.0	1248936839.0
45887855.0	1248936947.0
27224339.0	1248936968.0
49507457.0	1248937081.0
40501950.0	1248937138.0
18304333.0	1248937179.0
38254874.0	1248937203.0
46420654.0	1248937222.0
10565574.0	1248937257.0
55971194.0	1248937569.0
38500934.0	1248937590.0
43253.0	1248937823.0
34983718.0	1248937937.0
5429801.0	1248938036.0
20124922.0	1248938103.0
7212896.0	1248938115.0
22515838.0	1248938256.0
27758407.0	1248938606.0
46591443.0	1248938661.0
46864482.0	1248938717.0
5764851.0	1248938816.0
45887855.0	1248938934.0
28560900.0	1248939058.0
43928634.0	1248939305.0
19117148.0	1248939351.0
34322176.0	1248939480.0
54945296.0	1248939484.0
44634367.0	1248939498.0
44251697.0	1248939716.0
46864482.0	1248939990.0
25187839.0	1248940001.0
36189432.0	1248940031.0
17133.0	1248940064.0
10113664.0	1248940116.0
1623065.0	1248940337.0
35706662.0	1248940808.0
42826247.0	1248940924.0
42826247.0	1248941069.0
25868394.0	1248941078.0
18427868.0	1248941182.0
8043970.0	1248941194.0
43270.0	1248941205.0
43271.0	1248941394.0
21592833.0	1248941456.0
14358248.0	1248941621.0
30715157.0	1248941737.0
47268455.0	1248941841.0
2676135.0	1248941969.0
8414137.0	1248942218.0
28560900.0	1248942648.0
55749181.0	1248942782.0
40263455.0	1248944080.0
24887363.0	1248944285.0
25143467.0	1248944467.0
5345474.0	1248944605.0
8457822.0	1248945427.0
51016774.0	1248945562.0
1847003.0	1248945659.0
37714753.0	1248945773.0
20544161.0	1248946262.0
39246548.0	1248946276.0
43286.0	1248946700.0
55987113.0	1248946733.0
51574360.0	1248946940.0
42629.0	1248947200.0
22731996.0	1248948525.0
46896254.0	1248948623.0
18556343.0	1248948873.0
42629.0	1248948880.0
35267970.0	1248949255.0
26637797.0	1248949557.0
43294.0	1248950024.0
49814418.0	1248950324.0
41901289.0	1248950509.0
35462519.0	1248951615.0
11919084.0	1248951627.0
43299.0	1248951852.0
44584352.0	1248952007.0
43299.0	1248952216.0
46025475.0	1248952701.0
29399459.0	1248952983.0
23120819.0	1248953207.0
17733104.0	1248953306.0
22611639.0	1248953308.0
11711481.0	1248953524.0
16575621.0	1248953752.0
35346620.0	1248953808.0
6263403.0	1248953846.0
43299.0	1248954042.0
24925064.0	1248954422.0
27102708.0	1248955207.0
52732818.0	1248955419.0
30009204.0	1248955438.0
41988335.0	1248955461.0
38852231.0	1248956120.0
30963637.0	1248956420.0
13951513.0	1248956827.0
1414214.0	1248957116.0
49997183.0	1248957194.0
14005433.0	1248957548.0
17072.0	1248957735.0
8644465.0	1248958142.0
40095063.0	1248959023.0
55779154.0	1248959061.0
14369511.0	1248959145.0
52599123.0	1248959187.0
29428175.0	1248959868.0
41660846.0	1248960894.0
8644465.0	1248961033.0
55794084.0	1248961103.0
826686.0	1248961629.0
42826247.0	1248961885.0
55720077.0	1248962319.0
55604463.0	1248962700.0
23930758.0	1248962865.0
35475213.0	1248963360.0
1236502.0	1248963386.0
51546183.0	1248965365.0
35656539.0	1248965390.0
995122.0	1248965783.0
42826247.0	1248966255.0
50939282.0	1248966399.0
49455953.0	1248968462.0
34424683.0	1248969414.0
55874530.0	1248969529.0
35141377.0	1248969553.0
43332.0	1248969794.0
43265692.0	1248969960.0
53235986.0	1248970062.0
52244910.0	1248970148.0
52244910.0	1248970160.0
49071774.0	1248970201.0
8032518.0	1248970316.0
12296297.0	1248970714.0
22924422.0	1248971387.0
24418388.0	1248972234.0
8666158.0	1248972433.0
38896093.0	1248972726.0
45332052.0	1248974877.0
55937444.0	1248975168.0
17167.0	1248975211.0
37220532.0	1248975287.0
17089.0	1248975322.0
42462.0	1248975483.0
46279212.0	1248975514.0
34773387.0	1248975531.0
42976358.0	1248975621.0
55887603.0	1248975628.0
38755054.0	1248975676.0
15201709.0	1248975747.0
16931.0	1248975764.0
43584060.0	1248976019.0
10044.0	1248976064.0
23463430.0	1248976110.0
12005225.0	1248976120.0
21425218.0	1248976141.0
42825.0	1248976167.0
52783441.0	1248976200.0
43343.0	1248976204.0
49929620.0	1248976313.0
45449736.0	1248976322.0
42832.0	1248976343.0
52954758.0	1248976346.0
52124271.0	1248976431.0
49782598.0	1248976518.0
34424683.0	1248976530.0
42780890.0	1248976531.0
46088277.0	1248976534.0
53124179.0	1248976617.0
42837.0	1248976658.0
28404406.0	1248976678.0
42838.0	1248976718.0
38134369.0	1248976784.0
3879021.0	1248976794.0
43345.0	1248976878.0
16959.0	1248976969.0
33361052.0	1248977026.0
18650035.0	1248977049.0
6919848.0	1248977085.0
9459815.0	1248977089.0
55779857.0	1248977392.0
16947.0	1248977561.0
16939.0	1248977566.0
42462.0	1248977763.0
35455146.0	1248977802.0
55914578.0	1248977828.0
1135682.0	1248977910.0
43351.0	1248977927.0
54388785.0	1248977940.0
18965453.0	1248978151.0
43353.0	1248978167.0
6970525.0	1248978281.0
1037699.0	1248978342.0
18351922.0	1248978517.0
35240226.0	1248978524.0
20686267.0	1248978620.0
201996.0	1248978633.0
25532591.0	1248978714.0
38101713.0	1248978761.0
10045.0	1248978854.0
5780843.0	1248978897.0
43299.0	1248978910.0
24916432.0	1248978912.0
43299.0	1248979311.0
56006113.0	1248979516.0
6589548.0	1248979645.0
7077293.0	1248979952.0
17139.0	1248980030.0
51396908.0	1248980142.0
23336816.0	1248980346.0
17445213.0	1248980958.0
38243660.0	1248981195.0
42921853.0	1248981226.0
55773338.0	1248981288.0
20676194.0	1248981693.0
14969766.0	1248982173.0
10047.0	1248982706.0
35444685.0	1248983255.0
16936.0	1248983307.0
43299.0	1248983453.0
43299.0	1248983912.0
55832083.0	1248984081.0
48285067.0	1248984176.0
52234338.0	1248984617.0
40069632.0	1248984790.0
55829188.0	1248985258.0
36850613.0	1248985802.0
43373.0	1248986692.0
37521048.0	1248986769.0
42976.0	1248986884.0
45134577.0	1248987085.0
48876715.0	1248987269.0
50102505.0	1248987735.0
50102505.0	1248987771.0
51959098.0	1248988169.0
11927831.0	1248989240.0
2676135.0	1248989337.0
3516097.0	1248989922.0
42048688.0	1248991642.0
1486450.0	1248993137.0
38088706.0	1248993829.0
38088706.0	1248993992.0
23219959.0	1248994844.0
55705034.0	1248995627.0
40932264.0	1248996078.0
43383.0	1248996642.0
44694635.0	1248998567.0
55920123.0	1248998613.0
1820131.0	1248998628.0
42976.0	1248999486.0
50135198.0	1249000054.0
51959321.0	1249000055.0
51959098.0	1249000056.0
2796875.0	1249001127.0
50703962.0	1249001930.0
26741526.0	1249002451.0
43390.0	1249003691.0
8323981.0	1249004164.0
42826247.0	1249004859.0
44419236.0	1249005676.0
23044142.0	1249006811.0
38464100.0	1249007706.0
42734.0	1249008467.0
48488751.0	1249008610.0
33982348.0	1249010021.0
43519480.0	1249010496.0
1494484.0	1249010517.0
49622477.0	1249010534.0
17076470.0	1249010929.0
10204483.0	1249012369.0
50616121.0	1249012583.0
55657012.0	1249013665.0
17796045.0	1249013736.0
16036210.0	1249013943.0
21985831.0	1249014618.0
43383.0	1249014672.0
23763654.0	1249016175.0
46419725.0	1249017067.0
43403.0	1249017348.0
47715676.0	1249017658.0
8305429.0	1249017709.0
50703962.0	1249017769.0
56014416.0	1249018031.0
2420494.0	1249018435.0
18566186.0	1249018948.0
55779154.0	1249020066.0
45309062.0	1249020586.0
27065136.0	1249021487.0
46864482.0	1249021702.0
45887855.0	1249021737.0
7876635.0	1249022165.0
24085202.0	1249022552.0
23091086.0	1249023024.0
43608088.0	1249023268.0
49997183.0	1249023278.0
34657688.0	1249025095.0
11544720.0	1249025237.0
25360426.0	1249025243.0
39411576.0	1249025279.0
35838324.0	1249025369.0
28560900.0	1249025469.0
19778248.0	1249025619.0
43938636.0	1249025665.0
13820882.0	1249025715.0
35096789.0	1249025836.0
24418388.0	1249026184.0
13353011.0	1249026577.0
23763654.0	1249026923.0
53234411.0	1249027138.0
37778877.0	1249027232.0
17019481.0	1249027637.0
25970692.0	1249027667.0
42760.0	1249029318.0
38394791.0	1249030726.0
46895632.0	1249031995.0
18568754.0	1249033039.0
35240226.0	1249035755.0
13165104.0	1249036839.0
17498421.0	1249036887.0
35514784.0	1249039576.0
5360443.0	1249040209.0
55809758.0	1249040549.0
41688170.0	1249041906.0
52676397.0	1249044816.0
4814456.0	1249046396.0
9955897.0	1249046614.0
45774250.0	1249046623.0
9085846.0	1249046658.0
55982247.0	1249046779.0
34526386.0	1249046850.0
20044345.0	1249047302.0
47268455.0	1249047480.0
572621.0	1249047579.0
21613644.0	1249047658.0
48049725.0	1249048485.0
35444685.0	1249048660.0
36368171.0	1249048664.0
21440859.0	1249048846.0
37940974.0	1249050671.0
40939070.0	1249051631.0
3180241.0	1249054464.0
42826247.0	1249054845.0
55676386.0	1249057051.0
42462.0	1249057082.0
42870352.0	1249059212.0
53847776.0	1249059231.0
55800880.0	1249059429.0
43448.0	1249059546.0
43141.0	1249063295.0
52783340.0	1249066935.0
43822066.0	1249067033.0
21224591.0	1249067692.0
55779091.0	1249069278.0
7467654.0	1249069492.0
8305429.0	1249071376.0
2196792.0	1249073021.0
16244267.0	1249073095.0
42760.0	1249074601.0
8457892.0	1249075690.0
26221258.0	1249076012.0
45081163.0	1249076534.0
53234411.0	1249076701.0
11185726.0	1249076975.0
55914578.0	1249077239.0
11626442.0	1249077507.0
25073759.0	1249077727.0
46589294.0	1249077814.0
44770617.0	1249077862.0
2917304.0	1249077981.0
15192426.0	1249077989.0
15194651.0	1249078000.0
5348067.0	1249078004.0
22292436.0	1249078202.0
41094172.0	1249078367.0
2676135.0	1249079546.0
23460617.0	1249080370.0
7247691.0	1249080529.0
33019865.0	1249080933.0
35706662.0	1249080967.0
37238777.0	1249081239.0
37251754.0	1249081611.0
395217.0	1249082671.0
55969379.0	1249082713.0
35444685.0	1249082741.0
51574360.0	1249083121.0
55861964.0	1249083627.0
55710883.0	1249084111.0
42760.0	1249084811.0
23664770.0	1249086884.0
55750055.0	1249087955.0
43474.0	1249088161.0
43474.0	1249088596.0
52953781.0	1249089380.0
44446540.0	1249089503.0
55928937.0	1249089671.0
44089320.0	1249089817.0
4011401.0	1249090173.0
50349324.0	1249090542.0
51813118.0	1249090578.0
12736888.0	1249090633.0
51813003.0	1249090648.0
51812897.0	1249090790.0
48992442.0	1249090935.0
6174346.0	1249092458.0
29505923.0	1249094211.0
11872614.0	1249095220.0
55875435.0	1249095586.0
19089342.0	1249096948.0
38463828.0	1249098210.0
31017984.0	1249098705.0
30474486.0	1249098840.0
33534647.0	1249100686.0
20156539.0	1249100700.0
29605675.0	1249100809.0
46566110.0	1249101943.0
37393107.0	1249102096.0
42323695.0	1249102163.0
29516818.0	1249102171.0
33433930.0	1249102190.0
23240762.0	1249102632.0
51016774.0	1249102735.0
37238777.0	1249102848.0
33450804.0	1249102934.0
46591443.0	1249103125.0
32931757.0	1249106314.0
43195150.0	1249107430.0
51123605.0	1249107822.0
43661843.0	1249109334.0
8392632.0	1249109987.0
38769438.0	1249111420.0
18637925.0	1249111887.0
43742871.0	1249112036.0
49713862.0	1249112316.0
18091037.0	1249113135.0
48482883.0	1249113454.0
52641312.0	1249114366.0
42500065.0	1249114384.0
25827505.0	1249114630.0
6115929.0	1249114839.0
15626164.0	1249116225.0
46886463.0	1249119219.0
6589548.0	1249120763.0
55714278.0	1249121360.0
43629087.0	1249121918.0
14004478.0	1249122583.0
27348109.0	1249122681.0
55914578.0	1249123370.0
30124746.0	1249123848.0
25859457.0	1249127340.0
3245190.0	1249127739.0
1710634.0	1249129293.0
32931757.0	1249130464.0
1545535.0	1249132501.0
35706662.0	1249137261.0
34973543.0	1249137266.0
40939070.0	1249137980.0
44911160.0	1249140488.0
39803816.0	1249140568.0
23460617.0	1249141968.0
23310632.0	1249143466.0
42870352.0	1249147727.0
27845055.0	1249148038.0
28653138.0	1249150136.0
42984071.0	1249156052.0
35706662.0	1249162933.0
43916539.0	1249165249.0
24844261.0	1249167955.0
55729010.0	1249171612.0
55711023.0	1249175656.0
4834391.0	1249178245.0
43530.0	1249183644.0
18572702.0	1249191985.0
36713028.0	1249198428.0
49585921.0	1249199584.0
11638418.0	1249200726.0
48032805.0	1249201479.0
28983061.0	1249203520.0
53930821.0	1249204404.0
35444685.0	1249205959.0
36935725.0	1249213957.0
27102708.0	1249214408.0
53234411.0	1249216499.0
22496168.0	1249222960.0
40939070.0	1249224402.0
7077293.0	1249228130.0
33628276.0	1249231233.0
2708898.0	1249232863.0
7638786.0	1249234808.0
42460.0	1249235202.0
42502396.0	1249235284.0
44904860.0	1249235908.0
31002430.0	1249240668.0
49181400.0	1249242699.0
32246712.0	1249247757.0
7920119.0	1249249743.0
43543.0	1249250288.0
32163398.0	1249250770.0
9998.0	1249254170.0
20686267.0	1249256944.0
17549143.0	1249257408.0
16188760.0	1249258190.0
16052758.0	1249258388.0
17549143.0	1249261135.0
42160987.0	1249264068.0
29605675.0	1249264711.0
15986380.0	1249266551.0
5577918.0	1249270163.0
34994524.0	1249272280.0
41628388.0	1249274555.0
42048688.0	1249274974.0
34534501.0	1249276819.0
24377355.0	1249282116.0
17115.0	1249282306.0
38737389.0	1249284458.0
24853575.0	1249284504.0
2330217.0	1249286041.0
42817047.0	1249286212.0
54672716.0	1249286400.0
52081169.0	1249286567.0
5577918.0	1249286570.0
27185428.0	1249287074.0
53799171.0	1249287800.0
15035011.0	1249287820.0
47702119.0	1249287860.0
2446125.0	1249287919.0
1830357.0	1249287969.0
51627570.0	1249288081.0
6978419.0	1249288143.0
17796045.0	1249288235.0
40818714.0	1249288262.0
19567107.0	1249288312.0
18006268.0	1249288412.0
40278921.0	1249288634.0
20740832.0	1249288643.0
5115804.0	1249288839.0
2955390.0	1249288871.0
5494073.0	1249288963.0
8227288.0	1249289055.0
19942650.0	1249289166.0
17965316.0	1249289453.0
34799387.0	1249289801.0
24612147.0	1249289917.0
38101848.0	1249290975.0
3033820.0	1249291038.0
47346753.0	1249291564.0
18960467.0	1249291619.0
5318306.0	1249291802.0
18635923.0	1249292545.0
12765954.0	1249294160.0
44930764.0	1249295203.0
51138418.0	1249295252.0
42710.0	1249295311.0
42711.0	1249295334.0
51152523.0	1249295355.0
55948833.0	1249295402.0
38223426.0	1249295479.0
53216370.0	1249295480.0
17346.0	1249295592.0
44042606.0	1249295668.0
38755054.0	1249296059.0
27820919.0	1249296297.0
27826144.0	1249296375.0
30715157.0	1249296796.0
42642.0	1249297237.0
27053206.0	1249297496.0
25664308.0	1249297546.0
30125227.0	1249298495.0
4891548.0	1249298532.0
45779688.0	1249298834.0
44045752.0	1249301714.0
34704889.0	1249302294.0
15512235.0	1249302950.0
43587.0	1249303915.0
19572638.0	1249304899.0
193026.0	1249305493.0
20525613.0	1249305648.0
4068684.0	1249309140.0
11711481.0	1249309385.0
319508.0	1249310526.0
24377355.0	1249310784.0
26746420.0	1249313540.0
7234786.0	1249313700.0
24205399.0	1249314765.0
55993878.0	1249315642.0
16274099.0	1249316459.0
31951015.0	1249317837.0
31529285.0	1249318593.0
34149939.0	1249319696.0
51604008.0	1249320040.0
25274516.0	1249321703.0
39351944.0	1249321838.0
54724898.0	1249321980.0
45438593.0	1249322273.0
24070801.0	1249324638.0
33545.0	1249325420.0
46895632.0	1249330817.0
11857635.0	1249332592.0
55774214.0	1249335637.0
38895594.0	1249335875.0
33876458.0	1249336262.0
53618551.0	1249337233.0
12887025.0	1249337776.0
43609.0	1249338170.0
38627.0	1249338235.0
7454561.0	1249339110.0
11778213.0	1249339515.0
8054281.0	1249339725.0
38737389.0	1249341573.0
43637237.0	1249343314.0
43614.0	1249343595.0
43615.0	1249346589.0
27611690.0	1249347225.0
46905974.0	1249347841.0
48337987.0	1249348533.0
43618.0	1249349016.0
9646059.0	1249349097.0
40301863.0	1249349446.0
51959098.0	1249350597.0
44554669.0	1249351826.0
52234338.0	1249352252.0
28688001.0	1249352999.0
38895594.0	1249353544.0
42858.0	1249353552.0
49164867.0	1249355989.0
13068038.0	1249356778.0
47427714.0	1249357461.0
42870352.0	1249358301.0
25777807.0	1249359433.0
42964.0	1249359968.0
7478127.0	1249360239.0
43671475.0	1249360399.0
52650525.0	1249360697.0
27627539.0	1249360975.0
45887855.0	1249361572.0
37251754.0	1249362032.0
38404844.0	1249362997.0
45887855.0	1249363225.0
55383876.0	1249363322.0
25385275.0	1249363773.0
47467830.0	1249363970.0
19016292.0	1249364347.0
38404844.0	1249364479.0
30631785.0	1249365040.0
36769884.0	1249365420.0
19987642.0	1249366412.0
36634907.0	1249366488.0
50135198.0	1249367961.0
51959098.0	1249367962.0
56016423.0	1249368035.0
55383876.0	1249368059.0
22275478.0	1249368085.0
42173353.0	1249372922.0
34465074.0	1249374948.0
47719987.0	1249376055.0
24853575.0	1249376582.0
45735227.0	1249377175.0
44993947.0	1249383021.0
44170517.0	1249385373.0
52562969.0	1249386372.0
20024094.0	1249388896.0
11621781.0	1249392874.0
35964803.0	1249394455.0
23129586.0	1249394959.0
53641199.0	1249398062.0
38611558.0	1249398881.0
5764851.0	1249401713.0
15643614.0	1249407032.0
51668421.0	1249408417.0
43530.0	1249414053.0
52099382.0	1249414534.0
53672808.0	1249415141.0
53672808.0	1249415193.0
43655.0	1249419469.0
43656.0	1249420940.0
3477433.0	1249421126.0
33773709.0	1249423591.0
43016.0	1249435754.0
21083251.0	1249440149.0
46440338.0	1249450771.0
28927599.0	1249454896.0
27915057.0	1249455581.0
55670292.0	1249456641.0
38794639.0	1249457260.0
18763538.0	1249457744.0
51965786.0	1249458333.0
43665.0	1249459131.0
20124922.0	1249460105.0
20124922.0	1249463707.0
40257291.0	1249464068.0
50274616.0	1249469237.0
9773056.0	1249472952.0
41226192.0	1249475489.0
43670.0	1249478861.0
43671.0	1249479005.0
49181400.0	1249488875.0
36713028.0	1249492046.0
40082667.0	1249492348.0
50074824.0	1249495305.0
30646064.0	1249496948.0
35220625.0	1249500572.0
38266622.0	1249506043.0
49463966.0	1249512626.0
21319698.0	1249513968.0
30896498.0	1249514665.0
30926013.0	1249515959.0
53665968.0	1249516403.0
26649154.0	1249518132.0
36312485.0	1249528670.0
17334339.0	1249552563.0
43670.0	1249552812.0
38581450.0	1249556941.0
43685.0	1249559234.0
9535465.0	1249560046.0
44930764.0	1249560463.0
7373407.0	1249569410.0
23374412.0	1249569830.0
5806990.0	1249574725.0
55836212.0	1249576989.0
26836198.0	1249580409.0
45871264.0	1249597655.0
43670.0	1249608011.0
2658570.0	1249609353.0
32456380.0	1249610200.0
9027605.0	1249610338.0
42462.0	1249613643.0
42462.0	1249614483.0
35405241.0	1249618589.0
27046353.0	1249619255.0
55990583.0	1249622735.0
49400973.0	1249628444.0
53856369.0	1249634883.0
53856369.0	1249635882.0
7994832.0	1249653750.0
23547920.0	1249665084.0
43670.0	1249675208.0
24215848.0	1249687983.0
37396155.0	1249688925.0
35631042.0	1249689878.0
42826247.0	1249690510.0
43003920.0	1249693105.0
35706662.0	1249706582.0
54026655.0	1249716531.0
17771846.0	1249725706.0
11127087.0	1249737822.0
43928634.0	1249737965.0
43670.0	1249740010.0
23459788.0	1249741122.0
55676701.0	1249781713.0
49195176.0	1249783356.0
42826247.0	1249787428.0
53427398.0	1249792132.0
40526173.0	1249798095.0
43670.0	1249838452.0
5117333.0	1249839403.0
34424683.0	1249840839.0
43709.0	1249863247.0
43710.0	1249871291.0
25686554.0	1249874795.0
47820006.0	1249881621.0
34832120.0	1249887170.0
20705514.0	1249887209.0
20705514.0	1249887310.0
25711830.0	1249891896.0
201039.0	1249892304.0
21507727.0	1249894941.0
53933247.0	1249896323.0
1198683.0	1249896539.0
36157745.0	1249897186.0
53782382.0	1249904521.0
15643614.0	1249917099.0
30839788.0	1249920259.0
17115.0	1249920765.0
51210467.0	1249923957.0
39691280.0	1249924566.0
6202812.0	1249935242.0
1575039.0	1249936434.0
13118532.0	1249938196.0
40659286.0	1249943442.0
20379531.0	1249946431.0
27900957.0	1249975670.0
42159159.0	1249975789.0
5545236.0	1249989986.0
55714278.0	1249993760.0
16755119.0	1249994659.0
43029105.0	1250035852.0
12616655.0	1250054685.0
42826247.0	1250062444.0
17115.0	1250062747.0
43731.0	1250071523.0
19570288.0	1250091352.0
55928468.0	1250105914.0
43670.0	1250126412.0
2676135.0	1250128270.0
18043286.0	1250174005.0
30839788.0	1250183725.0
37807767.0	1250204200.0
6202812.0	1250206249.0
31714253.0	1250210549.0
40082667.0	1250217964.0
47122787.0	1250236793.0
35449976.0	1250240530.0
42759137.0	1250250829.0
8154974.0	1250266738.0
43670.0	1250298017.0
43670.0	1250305214.0
29604427.0	1250309045.0
35493896.0	1250336063.0
35706662.0	1250347314.0
54294224.0	1250351675.0
43670.0	1250376009.0
29287189.0	1250377864.0
21218368.0	1250379080.0
40082667.0	1250385076.0
40858336.0	1250413044.0
1037699.0	1250415117.0
54294224.0	1250455340.0
49860852.0	1250463428.0
10247452.0	1250476940.0
11711481.0	1250480189.0
13592320.0	1250485521.0
53625381.0	1250490741.0
31714253.0	1250493059.0
3934410.0	1250496515.0
12405920.0	1250501267.0
23500736.0	1250507721.0
54281268.0	1250513801.0
8305429.0	1250532807.0
6721836.0	1250540208.0
50132911.0	1250541901.0
43751.0	1250550066.0
36506487.0	1250557124.0
43753.0	1250565359.0
22585806.0	1250567878.0
27851534.0	1250571215.0
53856369.0	1250571571.0
24048038.0	1250571918.0
15508776.0	1250578982.0
38005809.0	1250579015.0
36298587.0	1250580170.0
32520354.0	1250580321.0
27053206.0	1250581307.0
43758.0	1250586150.0
8234497.0	1250596142.0
37193314.0	1250596706.0
50039246.0	1250628153.0
54807542.0	1250666817.0
7994832.0	1250672038.0
47530991.0	1250673061.0
10552643.0	1250685640.0
31645763.0	1250701160.0
54244281.0	1250702977.0
33231126.0	1250736858.0
13550532.0	1250740905.0
55131841.0	1250756626.0
40546766.0	1250772761.0
15334788.0	1250772829.0
35706662.0	1250810025.0
38930946.0	1250818544.0
49400973.0	1250824680.0
45016951.0	1250841649.0
52731345.0	1250900341.0
7072949.0	1250964668.0
55210337.0	1251013573.0
51265530.0	1251024464.0
22578714.0	1251051345.0
7072949.0	1251051610.0
55989675.0	1251066537.0
50406870.0	1251079266.0
21944733.0	1251154186.0
11711481.0	1251174196.0
36293102.0	1251233205.0
13736061.0	1251263927.0
2504411.0	1251271747.0
2504411.0	1251272655.0
8305429.0	1251312327.0
9642278.0	1251312897.0
11711481.0	1251315046.0
24377355.0	1251320652.0
50406870.0	1251323127.0
2504411.0	1251350436.0
25362682.0	1251352609.0
2504411.0	1251358487.0
2504411.0	1251362940.0
2422977.0	1251365220.0
8305429.0	1251394581.0
8305429.0	1251406077.0
50576460.0	1251409445.0
38656747.0	1251424559.0
25532591.0	1251424879.0
55524003.0	1251424947.0
31920768.0	1251425274.0
6972664.0	1251425451.0
12005225.0	1251425714.0
25909864.0	1251426223.0
55524003.0	1251426756.0
55524003.0	1251427232.0
3663465.0	1251427634.0
6647536.0	1251428365.0
55524003.0	1251428817.0
55524003.0	1251429154.0
55524003.0	1251430438.0
55524003.0	1251430447.0
55524003.0	1251430562.0
51298452.0	1251430804.0
53037410.0	1251431368.0
43787.0	1251431956.0
55432028.0	1251434223.0
2504411.0	1251436485.0
38930946.0	1251440138.0
43117825.0	1251440402.0
47232801.0	1251446862.0
9381456.0	1251447567.0
8047589.0	1251448101.0
28707190.0	1251456732.0
31920768.0	1251460143.0
54540458.0	1251461593.0
55524003.0	1251462884.0
49403168.0	1251465484.0
31030501.0	1251466847.0
43796.0	1251469264.0
1037699.0	1251472691.0
5764389.0	1251480542.0
2504411.0	1251523394.0
9845145.0	1251547571.0
600605.0	1251595397.0
600605.0	1251595510.0
600605.0	1251595888.0
49384888.0	1251601042.0
12943789.0	1251606212.0
24853575.0	1251618452.0
14080546.0	1251625937.0
34090087.0	1251636618.0
35369422.0	1251644554.0
22047936.0	1251647862.0
1672728.0	1251647921.0
45239784.0	1251680684.0
2422977.0	1251698014.0
42883194.0	1251704261.0
6972664.0	1251706290.0
31920768.0	1251706356.0
51298452.0	1251706378.0
35995495.0	1251706397.0
55524003.0	1251706401.0
12005225.0	1251706747.0
38656747.0	1251706875.0
3663465.0	1251706881.0
3879021.0	1251707354.0
45602200.0	1251707380.0
51298452.0	1251707969.0
8612263.0	1251708919.0
9791324.0	1251709592.0
8047589.0	1251715794.0
14919997.0	1251725193.0
43809.0	1251727646.0
54773096.0	1251729622.0
1797315.0	1251732517.0
30762159.0	1251744639.0
13118782.0	1251748388.0
14099222.0	1251764377.0
52477428.0	1251769430.0
33196130.0	1251774328.0
600605.0	1251778436.0
55160746.0	1251779268.0
17771653.0	1251789029.0
5764851.0	1251789946.0
23118265.0	1251792615.0
43939262.0	1251792981.0
40984987.0	1251861712.0
8684337.0	1251872032.0
18565447.0	1251913169.0
43819.0	1251934828.0
43819.0	1252392579.0
43820.0	1252739005.0
55513869.0	1252742338.0
42944.0	1253186298.0
