55892174.0	1189744537.0
23204.0	1189780066.0
23204.0	1189801316.0
55169163.0	1189930009.0
45446956.0	1189934888.0
608347.0	1189938214.0
55851130.0	1189961427.0
51864958.0	1189969715.0
45446956.0	1190118347.0
54648.0	1190185392.0
608347.0	1190192369.0
39405992.0	1190216398.0
9212335.0	1190250396.0
45168848.0	1194944948.0
45446956.0	1195053459.0
3420957.0	1205018106.0
5642941.0	1218006900.0
9192629.0	1218279142.0
8987.0	1220847465.0
8294027.0	1220847759.0
54654.0	1220853164.0
8229926.0	1220853355.0
13195055.0	1220854474.0
55784162.0	1220854861.0
11187705.0	1220856330.0
372949.0	1220863226.0
360451.0	1220863227.0
55963301.0	1220865990.0
2721708.0	1220867152.0
6394932.0	1220873312.0
8100464.0	1220886644.0
2822919.0	1220910258.0
15643954.0	1221155905.0
15977631.0	1221464929.0
3670.0	1221465610.0
16138660.0	1221469415.0
360451.0	1221475230.0
372949.0	1221476486.0
39664.0	1221488239.0
5376456.0	1221492712.0
54665.0	1221496093.0
5187250.0	1221513407.0
2822919.0	1221517519.0
14995887.0	1221520083.0
7257700.0	1221553929.0
13912459.0	1221572876.0
9090.0	1221576695.0
7263664.0	1221604090.0
11723507.0	1221626868.0
7257700.0	1221827261.0
3670.0	1221829214.0
54668.0	1222151069.0
9596945.0	1222369928.0
2329550.0	1222441542.0
2329550.0	1222454144.0
7236660.0	1222519043.0
7236660.0	1222519189.0
7236660.0	1222519290.0
54668.0	1222680825.0
2031.0	1222756209.0
2329550.0	1222967143.0
37417.0	1223063827.0
8298736.0	1223063990.0
15891139.0	1223064416.0
6303922.0	1223064993.0
362178.0	1223065111.0
10829354.0	1223067432.0
45446956.0	1223067439.0
362178.0	1223067465.0
53043985.0	1223067474.0
2127472.0	1223067488.0
26822576.0	1223067497.0
14924664.0	1223067524.0
54676.0	1223067546.0
49682216.0	1223067571.0
55759610.0	1223067591.0
7246666.0	1223067593.0
55956885.0	1223067611.0
55868409.0	1223067622.0
54676.0	1223067634.0
16466997.0	1223067652.0
14338643.0	1223067673.0
1317288.0	1223067707.0
13505069.0	1223067760.0
10126672.0	1223067761.0
55976148.0	1223067762.0
14574589.0	1223067821.0
11724244.0	1223067825.0
12653519.0	1223067836.0
9468349.0	1223067847.0
13854304.0	1223067878.0
52284297.0	1223067881.0
128.0	1223067903.0
55722586.0	1223067905.0
15510580.0	1223067921.0
55990512.0	1223067942.0
23460038.0	1223068014.0
8598277.0	1223068057.0
13068384.0	1223068153.0
55925688.0	1223068159.0
1247376.0	1223068231.0
6058420.0	1223068422.0
15390844.0	1223068429.0
4034773.0	1223068444.0
54702.0	1223068563.0
9987266.0	1223068624.0
14827703.0	1223068748.0
13600717.0	1223068887.0
4943719.0	1223068932.0
1911076.0	1223069036.0
1474858.0	1223069181.0
13080012.0	1223069362.0
9991054.0	1223069463.0
54709.0	1223069984.0
8092422.0	1223070018.0
6196654.0	1223070474.0
55926604.0	1223070510.0
9090.0	1223070680.0
4682048.0	1223070723.0
12702770.0	1223071464.0
6483046.0	1223071951.0
14564359.0	1223072005.0
9830807.0	1223072862.0
2329550.0	1223073322.0
2372955.0	1223073372.0
10561557.0	1223076865.0
21421.0	1223076903.0
8392875.0	1223077596.0
13600717.0	1223077916.0
54702.0	1223078224.0
13600717.0	1223079721.0
16495273.0	1223079864.0
7974382.0	1223080281.0
17000565.0	1223081153.0
7979698.0	1223082042.0
6936169.0	1223082076.0
5388492.0	1223084295.0
13758802.0	1223084732.0
10351906.0	1223084814.0
6652575.0	1223085231.0
7276550.0	1223085562.0
50448867.0	1223085968.0
2333901.0	1223086130.0
12953547.0	1223086650.0
4682048.0	1223088729.0
1271547.0	1223089311.0
7108816.0	1223089623.0
13600717.0	1223090521.0
13417332.0	1223090571.0
11187705.0	1223090731.0
8545679.0	1223093535.0
5513147.0	1223096310.0
55946732.0	1223096823.0
7236660.0	1223096919.0
10263335.0	1223096953.0
8987.0	1223097082.0
52685607.0	1223097281.0
54736.0	1223097300.0
15620046.0	1223097361.0
55998361.0	1223097653.0
11418240.0	1223098630.0
325.0	1223098643.0
14611549.0	1223099413.0
11418486.0	1223099536.0
54742.0	1223099592.0
9533991.0	1223099624.0
13550916.0	1223100022.0
55173362.0	1223100729.0
1831967.0	1223100745.0
7893803.0	1223101261.0
55761519.0	1223101606.0
16856066.0	1223101687.0
54749.0	1223102003.0
16911980.0	1223102037.0
5361099.0	1223102704.0
891110.0	1223103169.0
17377278.0	1223103924.0
44860384.0	1223105348.0
5846902.0	1223105704.0
1538687.0	1223107500.0
55999568.0	1223108586.0
17013198.0	1223109990.0
52025650.0	1223111742.0
53377996.0	1223112683.0
5985607.0	1223113413.0
11241446.0	1223114155.0
550576.0	1223116337.0
55952910.0	1223118708.0
14930495.0	1223119192.0
17478596.0	1223121644.0
6158449.0	1223124003.0
55635897.0	1223125006.0
5100455.0	1223126210.0
8732585.0	1223128165.0
50564055.0	1223132440.0
2329550.0	1223147142.0
2165767.0	1223147977.0
10916276.0	1223149993.0
54769.0	1223150679.0
7257676.0	1223152233.0
32987324.0	1223159032.0
55734681.0	1223174535.0
1344300.0	1223186285.0
9934034.0	1223194389.0
9361991.0	1223220809.0
2329550.0	1223226345.0
7263911.0	1223238581.0
55931092.0	1223250666.0
3824819.0	1223265852.0
7543074.0	1223269676.0
27541.0	1223270669.0
54776.0	1223273246.0
7236660.0	1223274308.0
7236660.0	1223274457.0
8294001.0	1223277989.0
9741332.0	1223323330.0
3762001.0	1223326595.0
6462748.0	1223460590.0
11370793.0	1223465642.0
2329550.0	1223651142.0
2329550.0	1223654747.0
8987.0	1223676668.0
2718988.0	1223707354.0
7263664.0	1223721068.0
17902503.0	1223979324.0
2368743.0	1224605163.0
11723507.0	1226378453.0
16542749.0	1228424654.0
8987.0	1228455686.0
15496363.0	1228463334.0
16542749.0	1228463738.0
16297156.0	1228464087.0
55408041.0	1228464227.0
55759610.0	1228464283.0
15540577.0	1228464556.0
4822461.0	1228464578.0
6046021.0	1228465698.0
14736048.0	1228466277.0
8534893.0	1228466584.0
5046144.0	1228466680.0
20118210.0	1228466913.0
9993412.0	1228467074.0
1852134.0	1228467105.0
7497462.0	1228467160.0
32179404.0	1228467437.0
6971120.0	1228468551.0
4807071.0	1228468559.0
9927458.0	1228468562.0
13820464.0	1228468682.0
11986713.0	1228468705.0
10047884.0	1228468717.0
20118210.0	1228468751.0
11116696.0	1228468755.0
6120023.0	1228468758.0
55809529.0	1228468762.0
17319408.0	1228468766.0
32244065.0	1228468788.0
19797720.0	1228468791.0
1298223.0	1228468799.0
18979591.0	1228468893.0
6971120.0	1228468898.0
55978784.0	1228468901.0
16399398.0	1228468953.0
17785488.0	1228469010.0
56021673.0	1228469021.0
13052038.0	1228469098.0
55713307.0	1228469112.0
20118210.0	1228469117.0
10572098.0	1228469130.0
55972231.0	1228469139.0
45446956.0	1228469153.0
18847750.0	1228469186.0
132630.0	1228469190.0
18416017.0	1228469198.0
6576301.0	1228469201.0
15534717.0	1228469290.0
54812.0	1228469303.0
12581326.0	1228469325.0
17716823.0	1228469369.0
52290879.0	1228469378.0
39714.0	1228469397.0
55952167.0	1228469477.0
2804617.0	1228469484.0
56021673.0	1228469493.0
2599725.0	1228469508.0
55713446.0	1228469599.0
10275838.0	1228469677.0
11741143.0	1228469678.0
54676.0	1228469721.0
55939450.0	1228469840.0
21034541.0	1228469888.0
7130284.0	1228469961.0
55795918.0	1228469963.0
3139913.0	1228470001.0
15496363.0	1228470049.0
7257676.0	1228470056.0
15280609.0	1228470076.0
6383130.0	1228470236.0
12811090.0	1228470287.0
56016540.0	1228470310.0
55795918.0	1228470340.0
1051578.0	1228470406.0
1123688.0	1228470453.0
7867321.0	1228470482.0
18662675.0	1228470644.0
40651.0	1228470681.0
11838365.0	1228470809.0
55994631.0	1228471233.0
50673312.0	1228471309.0
40125.0	1228471380.0
20373823.0	1228471408.0
16619281.0	1228471507.0
8633663.0	1228471562.0
3730311.0	1228471635.0
14359457.0	1228471670.0
18062817.0	1228471689.0
17299014.0	1228471788.0
12180296.0	1228472047.0
2775650.0	1228472241.0
55945245.0	1228472288.0
19871858.0	1228472355.0
3907789.0	1228472385.0
15579938.0	1228472447.0
55864041.0	1228472493.0
13336693.0	1228472527.0
9411792.0	1228472552.0
7285636.0	1228472594.0
39714.0	1228472645.0
45034505.0	1228472729.0
37251509.0	1228472745.0
12580157.0	1228472789.0
21233564.0	1228472804.0
5099177.0	1228472840.0
55888033.0	1228473071.0
6184724.0	1228473096.0
55895181.0	1228473298.0
11159424.0	1228473350.0
7994786.0	1228473870.0
5498235.0	1228473909.0
578253.0	1228473995.0
18662675.0	1228474014.0
11147993.0	1228474120.0
5184415.0	1228474212.0
11341919.0	1228474243.0
6884680.0	1228474561.0
1845395.0	1228474568.0
43534322.0	1228474777.0
10652005.0	1228475005.0
19994736.0	1228475418.0
10892534.0	1228476084.0
16193595.0	1228476106.0
7248285.0	1228476864.0
855633.0	1228476929.0
55645471.0	1228476974.0
55665020.0	1228477329.0
869735.0	1228477490.0
19176788.0	1228477504.0
20550758.0	1228477533.0
21014561.0	1228477691.0
55974493.0	1228477783.0
16712427.0	1228477951.0
8097428.0	1228478068.0
40277.0	1228478095.0
17774159.0	1228478104.0
11275277.0	1228478655.0
2597004.0	1228478906.0
8294001.0	1228479163.0
17258493.0	1228479174.0
7420953.0	1228480542.0
54874.0	1228482346.0
8100591.0	1228482567.0
54876.0	1228483460.0
2027201.0	1228483480.0
9596945.0	1228486336.0
21412525.0	1228486481.0
54879.0	1228486545.0
15004336.0	1228486643.0
32482141.0	1228486759.0
54881.0	1228487666.0
55734378.0	1228488642.0
54874.0	1228489545.0
18339682.0	1228490288.0
27991373.0	1228491542.0
11113527.0	1228491978.0
8370335.0	1228492684.0
56001060.0	1228493333.0
56001062.0	1228493334.0
54874.0	1228505726.0
10181228.0	1228506590.0
7263669.0	1228510184.0
52025650.0	1228572942.0
55169163.0	1228684982.0
2965580.0	1228702939.0
55787308.0	1228724719.0
54888.0	1228819554.0
54889.0	1229004725.0
54890.0	1229124907.0
54879.0	1229183138.0
54891.0	1229183408.0
32482141.0	1229199552.0
18167166.0	1231192775.0
54892.0	1235845657.0
24977467.0	1239088305.0
14430041.0	1239626636.0
54895.0	1241113936.0
54896.0	1241470952.0
42815620.0	1241866399.0
3798733.0	1242369673.0
16340061.0	1243328363.0
35710541.0	1243328413.0
36358309.0	1243328465.0
52789757.0	1243328485.0
35445373.0	1243328506.0
17377548.0	1243328563.0
19797720.0	1243328647.0
20323213.0	1243328661.0
9291.0	1243328669.0
35038674.0	1243328735.0
32518189.0	1243328742.0
31879282.0	1243328882.0
19833835.0	1243328886.0
26633855.0	1243328930.0
38487520.0	1243329003.0
28582576.0	1243329005.0
15491837.0	1243329085.0
33359598.0	1243329717.0
13287639.0	1243329749.0
42875394.0	1243329763.0
18331.0	1243330588.0
15423666.0	1243330599.0
54912.0	1243330622.0
54913.0	1243330719.0
9035.0	1243331066.0
1620582.0	1243331122.0
17674453.0	1243331254.0
23373125.0	1243331606.0
31436656.0	1243331934.0
6054009.0	1243332268.0
1785162.0	1243332333.0
54917.0	1243332876.0
34789043.0	1243333021.0
10485293.0	1243333407.0
39618698.0	1243333488.0
31497377.0	1243333633.0
1011.0	1243334186.0
31478498.0	1243334417.0
35253774.0	1243334531.0
39684853.0	1243334767.0
37492939.0	1243334845.0
30166521.0	1243334874.0
35073865.0	1243334937.0
9360.0	1243335291.0
19707732.0	1243335791.0
54928.0	1243335958.0
9108259.0	1243336245.0
32395569.0	1243336258.0
26463051.0	1243336286.0
3428311.0	1243336684.0
9368.0	1243336708.0
34245104.0	1243336927.0
21001251.0	1243336992.0
44939007.0	1243337043.0
22600.0	1243337162.0
35714164.0	1243337233.0
54931.0	1243337420.0
33891072.0	1243337597.0
9103828.0	1243337672.0
23246755.0	1243337694.0
54934.0	1243337726.0
7263634.0	1243337728.0
22677236.0	1243338089.0
54935.0	1243338307.0
16965009.0	1243338648.0
29332470.0	1243338662.0
39473497.0	1243338842.0
961.0	1243339338.0
42438846.0	1243339344.0
43219755.0	1243339372.0
28266730.0	1243339594.0
34344863.0	1243339615.0
54940.0	1243339661.0
27921899.0	1243339827.0
33719480.0	1243339932.0
14348286.0	1243340250.0
9222052.0	1243340253.0
37484955.0	1243340635.0
54943.0	1243340959.0
35327511.0	1243341663.0
55736022.0	1243342032.0
39473497.0	1243342299.0
13849219.0	1243342401.0
40591.0	1243342602.0
24337579.0	1243343484.0
28266730.0	1243343640.0
764.0	1243343950.0
1189.0	1243344197.0
1190.0	1243344221.0
36145892.0	1243345820.0
22923656.0	1243345826.0
38922165.0	1243346490.0
37484955.0	1243347789.0
7257700.0	1243348468.0
7257676.0	1243348478.0
21471.0	1243349860.0
37279232.0	1243351250.0
40075183.0	1243351312.0
20837247.0	1243351457.0
41901743.0	1243352338.0
16069822.0	1243352480.0
54953.0	1243353845.0
54954.0	1243354501.0
38071266.0	1243354767.0
37484955.0	1243354973.0
43062197.0	1243355059.0
12399746.0	1243355277.0
37484955.0	1243355936.0
43062197.0	1243356093.0
13287639.0	1243356610.0
20140124.0	1243358335.0
18875612.0	1243358380.0
54931.0	1243358874.0
24924982.0	1243359011.0
54958.0	1243359152.0
32251168.0	1243359260.0
54959.0	1243359458.0
23774955.0	1243359566.0
680.0	1243359743.0
35485495.0	1243360015.0
44230031.0	1243360076.0
54962.0	1243360482.0
13995402.0	1243360619.0
41175127.0	1243360912.0
37484955.0	1243362228.0
34606336.0	1243362729.0
16983914.0	1243362784.0
37292820.0	1243362870.0
54965.0	1243363230.0
28266730.0	1243363315.0
840.0	1243363496.0
35296110.0	1243364172.0
36486990.0	1243365134.0
26929911.0	1243367451.0
33868086.0	1243367557.0
37279232.0	1243368472.0
28707726.0	1243369105.0
37488696.0	1243369657.0
1663530.0	1243370731.0
44027929.0	1243372166.0
41757034.0	1243372521.0
45056461.0	1243373099.0
11906090.0	1243373594.0
54973.0	1243374781.0
28869587.0	1243374790.0
23346.0	1243374804.0
43128540.0	1243375170.0
43128540.0	1243375184.0
54962.0	1243375448.0
23341.0	1243376125.0
41829287.0	1243376462.0
42902028.0	1243377974.0
30586954.0	1243382544.0
44458258.0	1243396809.0
24489442.0	1243397728.0
54980.0	1243399767.0
36217550.0	1243400598.0
15722512.0	1243401155.0
16327885.0	1243401709.0
21225623.0	1243403465.0
32163246.0	1243403573.0
23490259.0	1243404086.0
14544775.0	1243405145.0
54962.0	1243415289.0
44639802.0	1243416338.0
7239302.0	1243420150.0
12399746.0	1243421371.0
28510970.0	1243426602.0
23663599.0	1243427886.0
54962.0	1243430529.0
37541714.0	1243436696.0
54962.0	1243447451.0
7263669.0	1243482592.0
37417.0	1243485001.0
29758431.0	1243488569.0
19505319.0	1243494124.0
1720813.0	1243519476.0
54990.0	1243527302.0
37417.0	1243527304.0
17244933.0	1243527307.0
31200344.0	1243527658.0
43163356.0	1243527931.0
21395747.0	1243528285.0
16127108.0	1243596388.0
41745664.0	1243610197.0
14222808.0	1243929813.0
24457029.0	1244220932.0
27993697.0	1244491065.0
22643067.0	1244804640.0
24211363.0	1247136598.0
18805965.0	1247553932.0
37686382.0	1248130979.0
27348415.0	1248341857.0
40652926.0	1248453079.0
17716823.0	1249303030.0
36358309.0	1249303149.0
39187839.0	1249303674.0
50929048.0	1249310679.0
9587954.0	1249323878.0
30611138.0	1249326551.0
44758695.0	1249356046.0
24629490.0	1249360506.0
45780876.0	1249368311.0
24977467.0	1249370180.0
37071362.0	1249400706.0
21043891.0	1249400782.0
51250562.0	1249403760.0
51251326.0	1249403761.0
51342263.0	1249403762.0
51342786.0	1249403763.0
51343499.0	1249403764.0
51059313.0	1249403765.0
51151927.0	1249403766.0
51144780.0	1249403767.0
45379280.0	1249444757.0
45352205.0	1249445490.0
42146847.0	1249445547.0
55016.0	1249445661.0
24689306.0	1249446159.0
51659396.0	1249446655.0
55019.0	1249447942.0
35860461.0	1249449968.0
36218067.0	1249457030.0
53856839.0	1249514493.0
25319819.0	1249806478.0
