20196938.0	1240925462.0
14951969.0	1240926060.0
11400501.0	1240926113.0
23774955.0	1240926282.0
32519038.0	1240926366.0
30573731.0	1240926537.0
25272041.0	1240926543.0
31548412.0	1240926569.0
25713754.0	1240926594.0
30295288.0	1240926732.0
29335532.0	1240926869.0
16853194.0	1240926872.0
25683150.0	1240926928.0
25683150.0	1240927017.0
29011515.0	1240927045.0
55934056.0	1240927095.0
26331003.0	1240927118.0
30295288.0	1240927149.0
12186642.0	1240927351.0
25533477.0	1240927365.0
6412213.0	1240927589.0
55904255.0	1240927635.0
22255528.0	1240927671.0
27270389.0	1240927678.0
14348286.0	1240927705.0
25877743.0	1240927868.0
9964775.0	1240927945.0
23514862.0	1240927958.0
34427774.0	1240928001.0
39034991.0	1240928059.0
26085350.0	1240928108.0
30403069.0	1240928134.0
31964333.0	1240928135.0
31266858.0	1240928184.0
28761287.0	1240928197.0
27327673.0	1240928205.0
28191345.0	1240928264.0
55936202.0	1240928371.0
36227691.0	1240928524.0
19801793.0	1240928734.0
30629941.0	1240928785.0
29572403.0	1240928798.0
28568836.0	1240928882.0
32683450.0	1240929033.0
33507401.0	1240929088.0
37216378.0	1240929178.0
258597.0	1240929210.0
21022604.0	1240929275.0
14556403.0	1240929297.0
36406778.0	1240929330.0
33551460.0	1240929397.0
36410570.0	1240929471.0
2365586.0	1240929551.0
20680834.0	1240929628.0
28273148.0	1240929637.0
28860935.0	1240929655.0
35251612.0	1240929717.0
33493184.0	1240929744.0
53390844.0	1240929816.0
20123502.0	1240929827.0
33757998.0	1240929855.0
23774955.0	1240929891.0
29760817.0	1240930001.0
15308578.0	1240930002.0
13448694.0	1240930187.0
28825432.0	1240930237.0
6058839.0	1240930321.0
36145700.0	1240930369.0
54934.0	1240930377.0
37887041.0	1240930400.0
54931.0	1240930778.0
37417.0	1240930839.0
41376761.0	1240930842.0
40996545.0	1240930850.0
20057734.0	1240930853.0
40996545.0	1240930878.0
50694675.0	1240930988.0
29858512.0	1240931008.0
14051674.0	1240931034.0
22912846.0	1240931087.0
37646493.0	1240931141.0
8513111.0	1240931279.0
23374914.0	1240931309.0
25795801.0	1240931367.0
30091073.0	1240931401.0
67888.0	1240931405.0
33089405.0	1240931439.0
7162386.0	1240931483.0
24952506.0	1240931705.0
38061440.0	1240931749.0
30748331.0	1240931759.0
35593195.0	1240931921.0
15602436.0	1240932033.0
600250.0	1240932215.0
6234797.0	1240932236.0
19236152.0	1240932266.0
24199474.0	1240932421.0
24199474.0	1240932431.0
19236152.0	1240932470.0
67894.0	1240932478.0
5240628.0	1240932646.0
67895.0	1240932769.0
24506613.0	1240932860.0
23217852.0	1240932876.0
21468537.0	1240932903.0
5903540.0	1240933281.0
29390358.0	1240933295.0
23774955.0	1240933386.0
40951633.0	1240933459.0
39473497.0	1240933538.0
38663187.0	1240933545.0
23792097.0	1240933778.0
38811175.0	1240933782.0
11440954.0	1240933811.0
38661229.0	1240933898.0
12118932.0	1240933932.0
38345115.0	1240934344.0
29780658.0	1240934503.0
8255441.0	1240934560.0
4916467.0	1240934781.0
33510185.0	1240934881.0
29718408.0	1240934987.0
54934.0	1240934999.0
4976336.0	1240935020.0
19627842.0	1240935054.0
30872666.0	1240935208.0
41589785.0	1240935395.0
7531381.0	1240935455.0
40406084.0	1240935541.0
54954.0	1240935639.0
11477347.0	1240935726.0
38729223.0	1240935894.0
7450874.0	1240936168.0
32691858.0	1240936453.0
6454024.0	1240936518.0
20281364.0	1240936735.0
1768633.0	1240936989.0
55935602.0	1240937029.0
32719795.0	1240937080.0
24185238.0	1240937368.0
27160621.0	1240937373.0
11514071.0	1240937468.0
37279232.0	1240937715.0
10936827.0	1240937762.0
34046201.0	1240937879.0
33842142.0	1240938243.0
23047448.0	1240938262.0
15175669.0	1240938364.0
1429893.0	1240938620.0
39775489.0	1240938631.0
933.0	1240938697.0
67927.0	1240938754.0
20510188.0	1240938982.0
33774584.0	1240939348.0
35572061.0	1240939694.0
32511413.0	1240939959.0
32597640.0	1240940021.0
19396986.0	1240940097.0
33196671.0	1240941416.0
19249456.0	1240941461.0
5586013.0	1240941718.0
41559013.0	1240941833.0
21405527.0	1240942108.0
35852747.0	1240942701.0
31464393.0	1240943446.0
24245166.0	1240943948.0
27590175.0	1240944796.0
7230260.0	1240944950.0
37057701.0	1240945252.0
55822598.0	1240945476.0
26042422.0	1240945668.0
25269768.0	1240946330.0
9705013.0	1240946352.0
7126641.0	1240946937.0
40668765.0	1240947116.0
13045795.0	1240948890.0
21658513.0	1240948980.0
34803094.0	1240950244.0
7422527.0	1240950408.0
36530360.0	1240951996.0
36867678.0	1240952102.0
28055526.0	1240952440.0
36217550.0	1240952616.0
55864931.0	1240953303.0
40996545.0	1240955704.0
20945135.0	1240957763.0
16321321.0	1240960311.0
28003341.0	1240960484.0
21996984.0	1240960647.0
67951.0	1240961633.0
11989490.0	1240961867.0
11927311.0	1240961879.0
22083015.0	1240962728.0
21490043.0	1240964117.0
27599532.0	1240964405.0
6090733.0	1240966641.0
29001132.0	1240967016.0
27693362.0	1240967131.0
27403823.0	1240967271.0
35967420.0	1240967435.0
41049725.0	1240967695.0
35101383.0	1240969799.0
26993328.0	1240969984.0
35825215.0	1240970159.0
12337420.0	1240970186.0
35782423.0	1240970421.0
35463420.0	1240971007.0
21808330.0	1240971141.0
33499633.0	1240971859.0
31713076.0	1240972104.0
9647827.0	1240972436.0
21652692.0	1240972469.0
29628011.0	1240973722.0
36491472.0	1240973908.0
30015322.0	1240974057.0
40515306.0	1240974989.0
24541000.0	1240975468.0
9103828.0	1240975757.0
24365791.0	1240978015.0
26532612.0	1240978196.0
19297182.0	1240978439.0
67975.0	1240978522.0
2050406.0	1240978882.0
23138327.0	1240978958.0
24432716.0	1240979040.0
24949980.0	1240979062.0
33774584.0	1240979189.0
9424112.0	1240979413.0
30962143.0	1240979757.0
33493184.0	1240980149.0
36530360.0	1240980352.0
23018018.0	1240980421.0
3577941.0	1240980761.0
33493184.0	1240981043.0
27109160.0	1240981205.0
29828350.0	1240981399.0
28366158.0	1240981789.0
19444022.0	1240983108.0
29940578.0	1240983191.0
6805996.0	1240983438.0
18755919.0	1240983522.0
1384650.0	1240983645.0
27672648.0	1240984478.0
3267922.0	1240984549.0
37799806.0	1240984710.0
26978953.0	1240984784.0
54934.0	1240984924.0
30487527.0	1240984953.0
29190657.0	1240985982.0
21002894.0	1240987068.0
5564621.0	1240988373.0
28810311.0	1240989113.0
32294477.0	1240989208.0
27582673.0	1240989258.0
55779016.0	1240990652.0
39566390.0	1240990841.0
12290169.0	1240991526.0
33008585.0	1240991642.0
32570411.0	1240998366.0
39043662.0	1241000234.0
36625142.0	1241001251.0
40204055.0	1241003759.0
9739476.0	1241003945.0
37860494.0	1241005255.0
27492123.0	1241006083.0
40933780.0	1241006207.0
27102580.0	1241008154.0
19444022.0	1241012609.0
24237295.0	1241012983.0
41525718.0	1241013224.0
41099343.0	1241019319.0
38441138.0	1241020869.0
27761971.0	1241023700.0
37832362.0	1241024799.0
27599532.0	1241025607.0
24975612.0	1241027535.0
32218468.0	1241028674.0
21833865.0	1241028958.0
41703503.0	1241029361.0
39140706.0	1241030372.0
12405629.0	1241031547.0
25180028.0	1241032495.0
34083773.0	1241034990.0
24042199.0	1241044522.0
16410694.0	1241045435.0
29626572.0	1241055132.0
25235477.0	1241064248.0
278587.0	1241066507.0
16352658.0	1241068439.0
34049173.0	1241068596.0
13915308.0	1241068686.0
17218027.0	1241072709.0
35967420.0	1241074265.0
37057701.0	1241075264.0
17218027.0	1241075373.0
29917347.0	1241076106.0
35559824.0	1241086962.0
27647162.0	1241089699.0
35143342.0	1241090224.0
1599785.0	1241091023.0
41911597.0	1241091879.0
36065872.0	1241106389.0
27761971.0	1241110141.0
9587954.0	1241126476.0
30611138.0	1241127630.0
32786040.0	1241152428.0
25096415.0	1241170685.0
24932956.0	1241171535.0
14747367.0	1241171875.0
26670945.0	1241175311.0
12933919.0	1241179618.0
33427717.0	1241180961.0
27761971.0	1241196541.0
15208965.0	1241228387.0
68041.0	1241245616.0
40106944.0	1241250591.0
38190682.0	1241255706.0
15645208.0	1241275151.0
27761971.0	1241282935.0
4040784.0	1241290679.0
36060815.0	1241321925.0
33812526.0	1241346458.0
24164968.0	1241362075.0
27761971.0	1241369319.0
16122326.0	1241427160.0
41589785.0	1241436912.0
37860494.0	1241438213.0
42636527.0	1241448603.0
27761971.0	1241455707.0
2148620.0	1241507362.0
27761971.0	1241542148.0
9604615.0	1241598944.0
27756385.0	1241601560.0
35143342.0	1241607062.0
68050.0	1241607079.0
20944444.0	1241607562.0
34339756.0	1241615670.0
32608196.0	1241615781.0
31886107.0	1241615867.0
42832529.0	1241618480.0
42497426.0	1241625608.0
27761971.0	1241628530.0
34107067.0	1241633556.0
20297484.0	1241642668.0
31551023.0	1241644096.0
39012438.0	1241652583.0
33879775.0	1241653355.0
40020627.0	1241668739.0
55921915.0	1241672421.0
68059.0	1241674801.0
31003534.0	1241676798.0
974.0	1241680222.0
40020627.0	1241680437.0
37967981.0	1241681021.0
37967981.0	1241681044.0
40020627.0	1241682842.0
42744253.0	1241683206.0
36530360.0	1241683642.0
20893267.0	1241683648.0
26633534.0	1241684363.0
40183778.0	1241687871.0
24156831.0	1241691299.0
9922472.0	1241691588.0
28003341.0	1241695494.0
20448054.0	1241695875.0
37967981.0	1241705756.0
37967981.0	1241705764.0
28400.0	1241708250.0
41749.0	1241708277.0
41589785.0	1241714247.0
27761971.0	1241714892.0
37967981.0	1241716045.0
36410570.0	1241716830.0
30916297.0	1241717004.0
37950703.0	1241720564.0
19031831.0	1241721458.0
16667580.0	1241735102.0
37967981.0	1241749174.0
42318826.0	1241752873.0
28324216.0	1241753668.0
39033740.0	1241756921.0
42424929.0	1241763010.0
4795388.0	1241768889.0
27533907.0	1241770886.0
24541000.0	1241773497.0
3187501.0	1241775524.0
11927311.0	1241775796.0
27403823.0	1241776461.0
27530031.0	1241776492.0
27380993.0	1241776531.0
21318759.0	1241776556.0
32210605.0	1241780010.0
24765363.0	1241783109.0
68059.0	1241797053.0
27761971.0	1241801319.0
42951361.0	1241817278.0
40649095.0	1241817638.0
40332070.0	1241825703.0
34331847.0	1241839739.0
40020627.0	1241865452.0
27761971.0	1241887703.0
31444956.0	1241948116.0
50494883.0	1241980652.0
9922472.0	1241990283.0
41589785.0	1241994058.0
15575000.0	1242004377.0
24155691.0	1242009331.0
27761971.0	1242060500.0
33686117.0	1242118534.0
41589785.0	1242132910.0
27761971.0	1242146936.0
27761971.0	1242233346.0
27761971.0	1242319719.0
27761971.0	1242406118.0
41729066.0	1242407027.0
5903540.0	1242409802.0
41589785.0	1242425926.0
36867678.0	1242426882.0
34066576.0	1242447510.0
39876183.0	1242447712.0
20448054.0	1242467414.0
35132967.0	1242476176.0
27761971.0	1242492502.0
20372362.0	1242555831.0
40020627.0	1242556601.0
41589785.0	1242557228.0
27761971.0	1242578887.0
42344798.0	1242586452.0
20178243.0	1242630685.0
27761971.0	1242665351.0
29011515.0	1242737281.0
55792714.0	1242737871.0
7836260.0	1242738663.0
41286012.0	1242738877.0
43666371.0	1242739219.0
13849219.0	1242739246.0
22530921.0	1242739283.0
37222295.0	1242739727.0
39684853.0	1242740003.0
23774955.0	1242740690.0
23774955.0	1242740695.0
1829532.0	1242740822.0
11514071.0	1242741049.0
19292087.0	1242741155.0
24199474.0	1242741899.0
24199474.0	1242741902.0
16292724.0	1242742799.0
50115.0	1242742884.0
39390884.0	1242742948.0
20837247.0	1242743012.0
55734764.0	1242743132.0
40748643.0	1242743526.0
26712608.0	1242743638.0
20104060.0	1242743740.0
12980087.0	1242743815.0
34344863.0	1242744054.0
38432950.0	1242744152.0
23774955.0	1242744172.0
41160118.0	1242744232.0
40075183.0	1242744492.0
39943197.0	1242745355.0
32599298.0	1242745866.0
2762651.0	1242746331.0
68059.0	1242746899.0
24199474.0	1242747147.0
35018798.0	1242747448.0
38223786.0	1242747547.0
27921899.0	1242747613.0
43139602.0	1242747653.0
41757034.0	1242748006.0
27921899.0	1242748212.0
23741735.0	1242748337.0
25203721.0	1242748802.0
33291898.0	1242749444.0
25334656.0	1242749497.0
16379187.0	1242750032.0
16853194.0	1242750090.0
12941159.0	1242750150.0
17014368.0	1242750309.0
25485424.0	1242751012.0
41589785.0	1242751020.0
41589785.0	1242751023.0
38432950.0	1242751064.0
1215.0	1242751473.0
15579487.0	1242751633.0
27761971.0	1242751727.0
15614538.0	1242751867.0
7863628.0	1242752169.0
42372149.0	1242752305.0
363976.0	1242752366.0
23792097.0	1242752694.0
9103828.0	1242753928.0
33110698.0	1242754887.0
16484660.0	1242755243.0
68109.0	1242756691.0
30487527.0	1242757455.0
38647182.0	1242758160.0
10220707.0	1242758291.0
13912459.0	1242758616.0
40543771.0	1242758702.0
35169922.0	1242759378.0
7982349.0	1242759426.0
31713076.0	1242759449.0
25302966.0	1242760402.0
22408007.0	1242760813.0
68111.0	1242761142.0
39684853.0	1242761151.0
40422430.0	1242761562.0
27109160.0	1242761701.0
23774955.0	1242762095.0
42909447.0	1242762806.0
24199474.0	1242763454.0
20491234.0	1242763502.0
3021889.0	1242763564.0
42999570.0	1242766169.0
42656058.0	1242767204.0
26949195.0	1242767464.0
20858184.0	1242768815.0
38753495.0	1242768864.0
6030138.0	1242769203.0
30962143.0	1242769289.0
20838.0	1242769534.0
42415668.0	1242769867.0
1011.0	1242770415.0
43447030.0	1242770480.0
24337579.0	1242770954.0
23879935.0	1242771420.0
20837247.0	1242771429.0
41589785.0	1242772076.0
41589785.0	1242772077.0
42501164.0	1242772084.0
55293608.0	1242772203.0
67951.0	1242773807.0
17691491.0	1242774984.0
31859892.0	1242780221.0
21870623.0	1242780584.0
60261.0	1242780659.0
27403823.0	1242781688.0
27533907.0	1242781767.0
21652692.0	1242783009.0
19444022.0	1242783756.0
29933367.0	1242784673.0
60357.0	1242784799.0
55921915.0	1242784802.0
43520922.0	1242785057.0
7077442.0	1242785379.0
23629672.0	1242785650.0
22133.0	1242788408.0
9647827.0	1242788453.0
19170203.0	1242789002.0
38858155.0	1242789232.0
21983277.0	1242789480.0
8837258.0	1242790802.0
41729066.0	1242790901.0
16069822.0	1242791013.0
20140124.0	1242791834.0
38086608.0	1242792015.0
40075183.0	1242792081.0
24199474.0	1242792102.0
32520707.0	1242792580.0
43062197.0	1242792874.0
20893267.0	1242792905.0
41744779.0	1242793274.0
23075667.0	1242793275.0
13287639.0	1242793348.0
36095780.0	1242793393.0
68059.0	1242793579.0
17622437.0	1242794683.0
41160118.0	1242794687.0
42756249.0	1242795714.0
41589785.0	1242795795.0
44342554.0	1242796020.0
19297182.0	1242796041.0
23776326.0	1242796178.0
42656058.0	1242796327.0
36862483.0	1242796377.0
32599298.0	1242796513.0
68059.0	1242796640.0
68059.0	1242796729.0
27207688.0	1242796839.0
39682.0	1242797131.0
38136157.0	1242797240.0
8259866.0	1242797414.0
21325652.0	1242797715.0
40075183.0	1242798487.0
30292137.0	1242798680.0
26321954.0	1242798761.0
22962120.0	1242798769.0
23493928.0	1242798863.0
24222695.0	1242799095.0
67895.0	1242799186.0
18852.0	1242800379.0
36671450.0	1242800509.0
29336726.0	1242801260.0
5518081.0	1242801369.0
11906090.0	1242801686.0
17992222.0	1242801768.0
42750145.0	1242802480.0
27309750.0	1242802965.0
24337579.0	1242803058.0
24199474.0	1242803066.0
5058852.0	1242803109.0
28761287.0	1242803124.0
28748161.0	1242803392.0
29318088.0	1242803619.0
31003534.0	1242803654.0
2050406.0	1242804027.0
16430396.0	1242805446.0
33960255.0	1242805889.0
37099049.0	1242807015.0
39661134.0	1242807172.0
41066852.0	1242807197.0
39664.0	1242807216.0
68148.0	1242807267.0
27697420.0	1242807308.0
41160118.0	1242807403.0
25811324.0	1242808343.0
24199474.0	1242808456.0
11251892.0	1242808470.0
35824702.0	1242808596.0
41277446.0	1242808711.0
37761795.0	1242809137.0
10340459.0	1242809225.0
25245087.0	1242809609.0
34344863.0	1242809657.0
40712100.0	1242809676.0
4069849.0	1242809939.0
17730452.0	1242809970.0
27963222.0	1242810016.0
39898977.0	1242810871.0
42218945.0	1242814886.0
13915308.0	1242815709.0
68159.0	1242816705.0
20236298.0	1242816952.0
19721562.0	1242818148.0
41589785.0	1242818403.0
41589785.0	1242818406.0
39368890.0	1242818438.0
41832411.0	1242818444.0
37860494.0	1242818699.0
25245087.0	1242818954.0
43020982.0	1242819488.0
17622437.0	1242819784.0
20448054.0	1242819953.0
27754952.0	1242820086.0
27754952.0	1242820181.0
22253184.0	1242821085.0
11663776.0	1242821672.0
5647584.0	1242821736.0
9922472.0	1242822010.0
28003341.0	1242822201.0
41025419.0	1242823016.0
7982349.0	1242823309.0
13189641.0	1242823629.0
42486646.0	1242823707.0
33641334.0	1242824595.0
34678541.0	1242825929.0
9922472.0	1242829120.0
41025419.0	1242832095.0
20542458.0	1242834781.0
52173204.0	1242834905.0
34083325.0	1242835953.0
41801126.0	1242836194.0
27761971.0	1242838133.0
28324216.0	1242838978.0
55746874.0	1242841565.0
38974365.0	1242841600.0
33485039.0	1242841937.0
43537482.0	1242847387.0
28055526.0	1242852480.0
36278599.0	1242853797.0
788553.0	1242854960.0
17573839.0	1242855625.0
27921899.0	1242858013.0
30962143.0	1242859295.0
44310263.0	1242871772.0
42312401.0	1242874819.0
14870688.0	1242878036.0
23533521.0	1242879201.0
34678541.0	1242881243.0
41589785.0	1242881781.0
35228054.0	1242882074.0
9922472.0	1242883167.0
23489773.0	1242884326.0
42486646.0	1242885114.0
37973510.0	1242888277.0
2050406.0	1242890452.0
34093660.0	1242893105.0
17948672.0	1242895636.0
38031526.0	1242897775.0
33686117.0	1242898705.0
51113638.0	1242906592.0
39943197.0	1242909795.0
34196014.0	1242915034.0
33110698.0	1242918999.0
2762651.0	1242919183.0
17076684.0	1242921303.0
25334656.0	1242922391.0
22856903.0	1242924195.0
27761971.0	1242924523.0
44000073.0	1242930942.0
35169922.0	1242935571.0
17321768.0	1242936548.0
41589785.0	1242950177.0
43221854.0	1242962887.0
40960751.0	1242963264.0
21996984.0	1242964166.0
44600967.0	1242965326.0
22408007.0	1242966810.0
37057701.0	1242970836.0
55769314.0	1242976524.0
39390884.0	1242979773.0
2148620.0	1242986414.0
41609019.0	1243005662.0
41589785.0	1243010407.0
27761971.0	1243010900.0
9922472.0	1243052307.0
2148620.0	1243058942.0
27761971.0	1243097320.0
44634293.0	1243169547.0
45181008.0	1243175963.0
27761971.0	1243183729.0
30256863.0	1243227987.0
27761971.0	1243270131.0
42978617.0	1243308779.0
17436214.0	1243320780.0
27586676.0	1243321096.0
55997871.0	1243322120.0
23132451.0	1243323077.0
27761971.0	1243356519.0
31187023.0	1243395023.0
27761971.0	1243442939.0
44230031.0	1243453472.0
41589785.0	1243486874.0
31375012.0	1243549998.0
42538506.0	1243550625.0
27761971.0	1243615687.0
27761971.0	1243702113.0
27761971.0	1243788533.0
27761971.0	1243874910.0
27761971.0	1243961321.0
27761971.0	1244047723.0
27761971.0	1244134149.0
27761971.0	1244220540.0
22087755.0	1244275162.0
27761971.0	1244306889.0
42981581.0	1244578059.0
27761971.0	1244652535.0
47850737.0	1245144949.0
22856903.0	1245175528.0
29011515.0	1245227189.0
39664.0	1245227723.0
24086841.0	1245227807.0
11251892.0	1245227928.0
31029910.0	1245228117.0
46259671.0	1245228200.0
25479799.0	1245228253.0
37099049.0	1245229052.0
39957020.0	1245229149.0
38724912.0	1245229230.0
7287329.0	1245229383.0
47605782.0	1245229410.0
28741480.0	1245229434.0
47604413.0	1245229461.0
44968678.0	1245229465.0
46146308.0	1245229500.0
28705430.0	1245229571.0
28741480.0	1245229661.0
28705430.0	1245229743.0
25811324.0	1245229794.0
17380784.0	1245229871.0
46228133.0	1245229875.0
48020986.0	1245229884.0
42655890.0	1245230355.0
45510253.0	1245230495.0
34344863.0	1245230506.0
11675478.0	1245230527.0
45275260.0	1245230667.0
46718569.0	1245231039.0
22922843.0	1245231106.0
24497592.0	1245231113.0
30767819.0	1245231249.0
22922843.0	1245231318.0
20510188.0	1245231361.0
41859693.0	1245231435.0
47977421.0	1245231454.0
33910825.0	1245231533.0
46725417.0	1245231542.0
22922843.0	1245231618.0
34865905.0	1245231637.0
36505247.0	1245231646.0
17321768.0	1245231661.0
46026165.0	1245231718.0
34976183.0	1245231737.0
43009117.0	1245231747.0
9261380.0	1245231878.0
42218945.0	1245231955.0
43127135.0	1245231987.0
43127135.0	1245231988.0
38695153.0	1245232013.0
32969162.0	1245232028.0
23774955.0	1245232040.0
44848233.0	1245232216.0
36095780.0	1245232440.0
20838.0	1245232541.0
45821986.0	1245233009.0
46290538.0	1245233228.0
23741735.0	1245233283.0
25017977.0	1245233433.0
503.0	1245233717.0
27756385.0	1245233732.0
27253280.0	1245233909.0
24086841.0	1245233994.0
27921899.0	1245234009.0
54802721.0	1245234496.0
11286519.0	1245234500.0
45445131.0	1245234610.0
29895578.0	1245234734.0
26197850.0	1245234953.0
60058.0	1245235614.0
45275260.0	1245236187.0
42899271.0	1245236511.0
22922843.0	1245236516.0
43520922.0	1245236813.0
36095780.0	1245237055.0
25686137.0	1245237319.0
44642798.0	1245237414.0
42656058.0	1245237428.0
15446395.0	1245238063.0
60357.0	1245238076.0
26949195.0	1245238371.0
44018226.0	1245238391.0
21468537.0	1245238493.0
13917834.0	1245238671.0
32077616.0	1245238682.0
46298542.0	1245238683.0
46325306.0	1245238699.0
42571010.0	1245238866.0
16520109.0	1245239022.0
19833698.0	1245239349.0
39684853.0	1245239729.0
2164041.0	1245240439.0
28741480.0	1245240474.0
40492732.0	1245240566.0
40492732.0	1245240628.0
44230031.0	1245240636.0
32691858.0	1245240728.0
41589785.0	1245240970.0
32937843.0	1245241004.0
47275273.0	1245241110.0
344.0	1245241255.0
40527873.0	1245241652.0
47730423.0	1245242001.0
20510188.0	1245242122.0
22856903.0	1245242214.0
42070190.0	1245242263.0
28895211.0	1245242851.0
28114290.0	1245243159.0
28114290.0	1245243215.0
21505711.0	1245243533.0
24667639.0	1245243550.0
43862005.0	1245243594.0
10652005.0	1245243819.0
29017947.0	1245243946.0
20409.0	1245244543.0
44272.0	1245244688.0
50806216.0	1245244819.0
45275260.0	1245244872.0
21851633.0	1245245055.0
39956865.0	1245245090.0
68242.0	1245245601.0
40779667.0	1245246055.0
36414437.0	1245246850.0
24199474.0	1245247117.0
39681976.0	1245248196.0
36187164.0	1245248615.0
19833698.0	1245248803.0
46044235.0	1245248844.0
46475920.0	1245249044.0
55979665.0	1245249072.0
44083204.0	1245249181.0
46228233.0	1245249401.0
24086841.0	1245249436.0
46165510.0	1245249550.0
46044235.0	1245249667.0
24086841.0	1245251136.0
7301496.0	1245251582.0
42143606.0	1245251590.0
24185238.0	1245254235.0
46294946.0	1245257350.0
24199155.0	1245258674.0
28336591.0	1245259715.0
600250.0	1245260980.0
41589785.0	1245262548.0
15712638.0	1245263345.0
6234797.0	1245268548.0
42555884.0	1245271228.0
42555849.0	1245271229.0
28776904.0	1245276860.0
68252.0	1245280221.0
45627264.0	1245282105.0
43517249.0	1245282677.0
46070484.0	1245282931.0
41710524.0	1245283304.0
35948796.0	1245283375.0
29920009.0	1245283381.0
40755447.0	1245283622.0
46245223.0	1245284233.0
47854979.0	1245284432.0
22834303.0	1245284639.0
29591844.0	1245284643.0
45979337.0	1245284823.0
35948796.0	1245285247.0
46706505.0	1245286200.0
15695561.0	1245287004.0
42756879.0	1245287016.0
35948796.0	1245287269.0
33686117.0	1245289616.0
21652692.0	1245289667.0
35493363.0	1245290827.0
28849517.0	1245291743.0
36414437.0	1245292413.0
24529269.0	1245295597.0
42382886.0	1245295820.0
17691491.0	1245298173.0
21318759.0	1245298396.0
68265.0	1245300982.0
43537482.0	1245303267.0
20178313.0	1245303311.0
46295098.0	1245304735.0
15446395.0	1245304738.0
7691677.0	1245304803.0
46283660.0	1245304878.0
46898823.0	1245304909.0
46290538.0	1245304986.0
22408007.0	1245305294.0
46165510.0	1245306642.0
44082747.0	1245306667.0
47298844.0	1245306697.0
46161420.0	1245306823.0
46161035.0	1245307443.0
46600344.0	1245307708.0
46286528.0	1245308161.0
35948796.0	1245309459.0
19833698.0	1245310075.0
40078104.0	1245310610.0
20837247.0	1245310945.0
20409.0	1245311302.0
25334656.0	1245311793.0
15446395.0	1245312051.0
42899271.0	1245312324.0
28741480.0	1245312352.0
7287329.0	1245312361.0
43127135.0	1245312698.0
43127135.0	1245312699.0
45275260.0	1245313936.0
38695153.0	1245314842.0
33782160.0	1245315035.0
40543771.0	1245315078.0
25387131.0	1245316474.0
38695153.0	1245317166.0
39684853.0	1245317598.0
36095780.0	1245317601.0
42571010.0	1245318587.0
31279645.0	1245318740.0
44693613.0	1245318803.0
39956865.0	1245318824.0
39681976.0	1245320177.0
29895578.0	1245320444.0
24086841.0	1245322748.0
32314906.0	1245323391.0
16767570.0	1245324922.0
40492732.0	1245325448.0
2405857.0	1245326004.0
19006965.0	1245326154.0
42555884.0	1245326460.0
42555849.0	1245326464.0
37934236.0	1245326705.0
1215.0	1245327053.0
15450448.0	1245328728.0
13842850.0	1245329483.0
43127135.0	1245329500.0
43721698.0	1245329679.0
24222695.0	1245330586.0
29011515.0	1245331353.0
39698643.0	1245331525.0
44763622.0	1245332970.0
35787457.0	1245333852.0
30010569.0	1245336061.0
37646493.0	1245338484.0
46247299.0	1245347711.0
34257564.0	1245347990.0
14256048.0	1245348104.0
21833865.0	1245348804.0
21833865.0	1245348834.0
42312401.0	1245360150.0
23350179.0	1245362471.0
6434936.0	1245367275.0
6434936.0	1245367324.0
23290270.0	1245371799.0
55690138.0	1245376550.0
39246350.0	1245381992.0
45573447.0	1245382803.0
35995495.0	1245386559.0
19245244.0	1245388430.0
28417404.0	1245391330.0
37057701.0	1245391926.0
68284.0	1245393757.0
32943950.0	1245405451.0
39640385.0	1245411605.0
10220707.0	1245437752.0
37057701.0	1245445799.0
36648456.0	1245508190.0
48527273.0	1245513803.0
35630074.0	1245514970.0
35994087.0	1245519756.0
46931160.0	1245520211.0
47511712.0	1245520212.0
47524084.0	1245520213.0
47583383.0	1245520221.0
47712313.0	1245520222.0
47816477.0	1245520223.0
47823378.0	1245520224.0
48201783.0	1245520225.0
48124711.0	1245520226.0
48171406.0	1245520228.0
44988428.0	1245521404.0
29591844.0	1245525095.0
40712100.0	1245609549.0
25293781.0	1245635891.0
44101.0	1245635894.0
37700185.0	1245646200.0
35003835.0	1245657568.0
23869703.0	1245657569.0
34999010.0	1245657570.0
34993823.0	1245657571.0
23563591.0	1245657572.0
24069250.0	1245657574.0
35009805.0	1245657575.0
43862005.0	1245679212.0
34229118.0	1245708622.0
40668765.0	1245735863.0
45566607.0	1245735874.0
48849047.0	1245736139.0
15890010.0	1245736337.0
36974106.0	1245736347.0
32713902.0	1245736377.0
40243133.0	1245736383.0
27359392.0	1245736384.0
20680834.0	1245736408.0
44697034.0	1245736410.0
38085759.0	1245736424.0
12869223.0	1245736441.0
21610463.0	1245736442.0
13948471.0	1245736444.0
10088556.0	1245736449.0
34784613.0	1245736453.0
31235856.0	1245736463.0
44474222.0	1245736468.0
32958263.0	1245736484.0
17355111.0	1245736485.0
29709454.0	1245736486.0
40287197.0	1245736512.0
38579862.0	1245736515.0
23992206.0	1245736533.0
25245315.0	1245736543.0
32842907.0	1245736548.0
34611455.0	1245736557.0
24636945.0	1245736561.0
24337552.0	1245736567.0
36790670.0	1245736571.0
30966319.0	1245736575.0
3647350.0	1245736593.0
5168264.0	1245736608.0
34019546.0	1245736613.0
45275260.0	1245736617.0
8331782.0	1245736675.0
20096760.0	1245736709.0
35372579.0	1245736712.0
12180693.0	1245736715.0
42827787.0	1245736718.0
34007135.0	1245736726.0
34801573.0	1245736738.0
28118612.0	1245736740.0
31578483.0	1245736744.0
45915627.0	1245736749.0
48870529.0	1245736754.0
31002983.0	1245736783.0
39563827.0	1245736798.0
11726114.0	1245736827.0
24213702.0	1245736830.0
27582244.0	1245736854.0
31132568.0	1245736921.0
25334656.0	1245736950.0
7287329.0	1245737024.0
33445049.0	1245737038.0
42899271.0	1245737063.0
29773481.0	1245737099.0
13173728.0	1245737108.0
11844872.0	1245737119.0
33130420.0	1245737230.0
39430152.0	1245737247.0
11890657.0	1245737273.0
55732307.0	1245737296.0
47937043.0	1245737341.0
9220969.0	1245737406.0
12885633.0	1245737410.0
34805017.0	1245737443.0
42194079.0	1245737510.0
2435413.0	1245737515.0
35173814.0	1245737538.0
15444410.0	1245737563.0
46081666.0	1245737586.0
38672878.0	1245737589.0
15444410.0	1245737591.0
35719027.0	1245737595.0
31414861.0	1245737596.0
11819617.0	1245737608.0
43062197.0	1245737616.0
31136724.0	1245737623.0
60098.0	1245737682.0
55989093.0	1245737707.0
41658969.0	1245737741.0
27809578.0	1245737839.0
45773893.0	1245737938.0
24982386.0	1245737991.0
47407404.0	1245738194.0
43062197.0	1245738231.0
35228054.0	1245738238.0
17361640.0	1245738315.0
9402706.0	1245738381.0
23654548.0	1245738427.0
24667639.0	1245738442.0
14864509.0	1245738611.0
33534467.0	1245738624.0
27905105.0	1245738682.0
27344205.0	1245738742.0
36339576.0	1245738750.0
34788760.0	1245738755.0
19444022.0	1245738793.0
7628523.0	1245738799.0
24851769.0	1245738892.0
19027040.0	1245738908.0
33114764.0	1245738935.0
9403076.0	1245739046.0
24859491.0	1245739072.0
18740194.0	1245739292.0
68376.0	1245739347.0
16069822.0	1245739359.0
29011515.0	1245739426.0
25699002.0	1245739517.0
42454440.0	1245739577.0
18967723.0	1245739632.0
38018652.0	1245739642.0
43567563.0	1245739730.0
17542161.0	1245739734.0
27921899.0	1245739805.0
47605782.0	1245739830.0
20838.0	1245739837.0
47604413.0	1245739844.0
33162126.0	1245739944.0
6915343.0	1245739950.0
35212351.0	1245740075.0
16071452.0	1245740124.0
39682.0	1245740146.0
40235712.0	1245740260.0
9316163.0	1245740320.0
10220707.0	1245740334.0
38061440.0	1245740351.0
40464692.0	1245740543.0
55904255.0	1245740578.0
24199474.0	1245740628.0
7223189.0	1245740682.0
17948672.0	1245740748.0
22136711.0	1245740853.0
60140.0	1245741153.0
32709982.0	1245741171.0
9397204.0	1245741200.0
46259671.0	1245741215.0
32077616.0	1245741288.0
68050.0	1245741702.0
15268796.0	1245741826.0
29533353.0	1245741900.0
33203691.0	1245741911.0
68159.0	1245742146.0
28723330.0	1245742215.0
23138327.0	1245742267.0
34020086.0	1245742455.0
32191559.0	1245742548.0
45275260.0	1245742571.0
42571010.0	1245742678.0
38753495.0	1245742829.0
41160118.0	1245742870.0
16442185.0	1245742904.0
29139674.0	1245742935.0
29924331.0	1245743055.0
33933857.0	1245743063.0
36280737.0	1245743067.0
25686137.0	1245743149.0
15628658.0	1245743279.0
30658592.0	1245743345.0
38695153.0	1245743375.0
47889214.0	1245743379.0
15446395.0	1245743725.0
38223786.0	1245743820.0
24935497.0	1245743889.0
42899271.0	1245744240.0
45488652.0	1245744666.0
43862005.0	1245744696.0
60058.0	1245744703.0
5270743.0	1245744771.0
45591678.0	1245745110.0
32210605.0	1245745417.0
40983191.0	1245745437.0
47622137.0	1245745465.0
27487531.0	1245745568.0
27756385.0	1245745735.0
60357.0	1245745780.0
42571010.0	1245745895.0
42571010.0	1245745904.0
28705430.0	1245746064.0
14316020.0	1245746093.0
29940578.0	1245746909.0
44230031.0	1245746919.0
27590175.0	1245746988.0
12941159.0	1245747055.0
46165881.0	1245747350.0
45275260.0	1245747372.0
7256855.0	1245747548.0
40813161.0	1245747575.0
28723330.0	1245747618.0
24070942.0	1245747665.0
7287329.0	1245747881.0
33551460.0	1245747940.0
26812218.0	1245748131.0
32691858.0	1245748591.0
48745071.0	1245748907.0
27963222.0	1245749086.0
33323043.0	1245749165.0
8837258.0	1245749267.0
48158207.0	1245749335.0
43862005.0	1245749909.0
31659687.0	1245749965.0
55821733.0	1245750077.0
55968473.0	1245750133.0
20510188.0	1245750227.0
55668760.0	1245750296.0
36414437.0	1245750326.0
39141053.0	1245750371.0
32097063.0	1245750399.0
50806216.0	1245750977.0
35123360.0	1245751076.0
40492732.0	1245751110.0
25318797.0	1245751335.0
30344254.0	1245752409.0
20862669.0	1245752526.0
14239362.0	1245752851.0
26221971.0	1245752874.0
33252491.0	1245753384.0
2207.0	1245753916.0
2207.0	1245753923.0
31760835.0	1245754205.0
35221143.0	1245754852.0
54931.0	1245755074.0
28003341.0	1245755841.0
43831899.0	1245756105.0
39367748.0	1245756242.0
68111.0	1245756771.0
17785488.0	1245756772.0
26532612.0	1245756920.0
23246779.0	1245757164.0
17229260.0	1245757804.0
23270734.0	1245758051.0
46161035.0	1245758246.0
773.0	1245758405.0
39714060.0	1245758415.0
599.0	1245758462.0
1121.0	1245758537.0
642.0	1245758675.0
27935141.0	1245758687.0
1599316.0	1245758762.0
10320982.0	1245758858.0
20838.0	1245759051.0
36060.0	1245759161.0
46165881.0	1245759176.0
42844183.0	1245759243.0
40183778.0	1245759329.0
42486015.0	1245759330.0
19487679.0	1245759349.0
41516494.0	1245759397.0
34711253.0	1245759492.0
34711253.0	1245759512.0
34711253.0	1245759523.0
46161035.0	1245759546.0
68428.0	1245759596.0
917.0	1245759606.0
47622137.0	1245759741.0
46041039.0	1245759819.0
47469830.0	1245759862.0
47469830.0	1245759886.0
46167261.0	1245759890.0
44693613.0	1245759906.0
46228233.0	1245759920.0
47469830.0	1245759934.0
44082747.0	1245759958.0
45693706.0	1245759988.0
46161035.0	1245760005.0
46165510.0	1245760032.0
44352931.0	1245760056.0
46044235.0	1245760066.0
16425248.0	1245760192.0
16425248.0	1245760207.0
47602321.0	1245760331.0
46475920.0	1245760337.0
40341624.0	1245760356.0
41532089.0	1245760411.0
48729604.0	1245760429.0
43941974.0	1245760466.0
41532089.0	1245760489.0
44083204.0	1245760569.0
46475920.0	1245760575.0
9411032.0	1245760628.0
42940171.0	1245760715.0
43658163.0	1245760812.0
38721464.0	1245760824.0
46475920.0	1245760890.0
39776457.0	1245760964.0
46475920.0	1245760968.0
45411260.0	1245761053.0
46161420.0	1245761066.0
47170970.0	1245761116.0
32530621.0	1245761150.0
44693613.0	1245761153.0
46161272.0	1245761178.0
13912459.0	1245761221.0
20074497.0	1245761239.0
44083312.0	1245761282.0
45153269.0	1245761336.0
43560260.0	1245761410.0
68434.0	1245761560.0
36060.0	1245761595.0
11514071.0	1245761636.0
37279232.0	1245761641.0
44083455.0	1245761668.0
20252946.0	1245761921.0
46283660.0	1245761929.0
46161420.0	1245762003.0
43161246.0	1245762116.0
43560260.0	1245762214.0
46295098.0	1245762231.0
35286810.0	1245762246.0
43560260.0	1245762297.0
46165881.0	1245762324.0
35286810.0	1245762336.0
46044235.0	1245762354.0
46283660.0	1245762380.0
14539374.0	1245762406.0
5240628.0	1245762503.0
46290538.0	1245762525.0
43941974.0	1245762559.0
43361082.0	1245762562.0
25485424.0	1245762568.0
46161420.0	1245762570.0
43361082.0	1245762615.0
44083204.0	1245762659.0
44082747.0	1245762698.0
48877453.0	1245762702.0
44083204.0	1245762796.0
37928080.0	1245762808.0
47552990.0	1245762868.0
46044235.0	1245762993.0
47110694.0	1245763023.0
47004704.0	1245763037.0
46600344.0	1245763115.0
36042431.0	1245763167.0
29648323.0	1245763404.0
33695.0	1245763796.0
26042422.0	1245763881.0
26042422.0	1245763885.0
16425248.0	1245763953.0
42808130.0	1245763986.0
496.0	1245763993.0
18213817.0	1245764006.0
34538083.0	1245764019.0
35012541.0	1245764038.0
28723330.0	1245764120.0
41532089.0	1245764127.0
41532089.0	1245764148.0
28574055.0	1245764844.0
56009587.0	1245764985.0
48307932.0	1245765026.0
29907829.0	1245765646.0
48604672.0	1245765690.0
2707521.0	1245765716.0
37057701.0	1245766195.0
14544775.0	1245766311.0
68447.0	1245766864.0
41749.0	1245766872.0
9103828.0	1245767056.0
16425248.0	1245767318.0
35593195.0	1245767334.0
7230260.0	1245767569.0
43448466.0	1245767619.0
5240628.0	1245767682.0
45219723.0	1245768052.0
40097012.0	1245768148.0
16983914.0	1245769042.0
54802721.0	1245769334.0
47478155.0	1245769531.0
28723330.0	1245769558.0
32944586.0	1245769662.0
16396138.0	1245769920.0
48380069.0	1245770627.0
14248101.0	1245770816.0
44352931.0	1245771233.0
37057701.0	1245771405.0
46161420.0	1245771941.0
20125284.0	1245771957.0
54954.0	1245772267.0
39776457.0	1245772301.0
37292820.0	1245772508.0
46286528.0	1245772932.0
45488652.0	1245773048.0
68434.0	1245773248.0
46044235.0	1245773389.0
48367809.0	1245773444.0
48367809.0	1245773528.0
46295098.0	1245773618.0
46475920.0	1245773668.0
44083204.0	1245773807.0
46290538.0	1245773816.0
46228233.0	1245774060.0
37417.0	1245774242.0
46044235.0	1245774385.0
44813825.0	1245774816.0
68111.0	1245774818.0
37407110.0	1245775002.0
42843410.0	1245775008.0
46161035.0	1245775079.0
46161272.0	1245775356.0
40657076.0	1245775381.0
44939007.0	1245775422.0
22856903.0	1245775582.0
68457.0	1245775798.0
54934.0	1245776175.0
54931.0	1245776663.0
37374802.0	1245777324.0
44986186.0	1245777445.0
45329041.0	1245777713.0
68460.0	1245778067.0
38460612.0	1245778090.0
26345803.0	1245778474.0
32457034.0	1245778603.0
47170970.0	1245779104.0
28776904.0	1245779172.0
47009235.0	1245779362.0
1121.0	1245779477.0
36187164.0	1245779832.0
23346.0	1245779944.0
20550512.0	1245780127.0
46402036.0	1245780187.0
40447537.0	1245780460.0
19566.0	1245780530.0
40813161.0	1245781180.0
31478942.0	1245781394.0
68466.0	1245781776.0
44024381.0	1245782129.0
32784047.0	1245784344.0
45504218.0	1245785088.0
17573839.0	1245785793.0
26036882.0	1245787735.0
3609798.0	1245787940.0
28055526.0	1245789656.0
68468.0	1245790811.0
25668176.0	1245791041.0
46574047.0	1245791642.0
48865370.0	1245792390.0
13842334.0	1245794668.0
1011.0	1245795038.0
46921544.0	1245795839.0
1160.0	1245796761.0
1002.0	1245797543.0
42311176.0	1245797972.0
41983134.0	1245798409.0
1462.0	1245798758.0
45033859.0	1245798808.0
45331263.0	1245798857.0
16986408.0	1245798918.0
599.0	1245798965.0
45790939.0	1245798984.0
45792329.0	1245799011.0
48586756.0	1245799033.0
45800704.0	1245799048.0
46823161.0	1245799057.0
20039.0	1245799323.0
43598801.0	1245799507.0
48070462.0	1245799509.0
9393.0	1245799704.0
14969766.0	1245799718.0
47469830.0	1245799720.0
4801826.0	1245799820.0
4801826.0	1245799821.0
28797312.0	1245799904.0
41532089.0	1245799933.0
43533202.0	1245800137.0
14539374.0	1245800176.0
1155.0	1245800179.0
13154644.0	1245801204.0
1121.0	1245801572.0
45488652.0	1245801805.0
33312166.0	1245803455.0
28705430.0	1245803558.0
42520039.0	1245803571.0
68468.0	1245805264.0
35825215.0	1245805301.0
30009058.0	1245805599.0
40675701.0	1245806135.0
46728240.0	1245808708.0
35456221.0	1245809774.0
23055.0	1245810061.0
35456221.0	1245810309.0
46416171.0	1245810594.0
17497625.0	1245810643.0
32280375.0	1245810738.0
28574055.0	1245810858.0
10675626.0	1245811452.0
20409.0	1245814282.0
21545579.0	1245814924.0
35900.0	1245816258.0
26229833.0	1245816682.0
1121.0	1245817666.0
29612549.0	1245818393.0
20889.0	1245819906.0
31469359.0	1245819984.0
16321321.0	1245820445.0
15709208.0	1245820609.0
40277695.0	1245820743.0
27749791.0	1245822018.0
28055526.0	1245822146.0
41589785.0	1245823130.0
20889.0	1245824863.0
42750145.0	1245825500.0
37675487.0	1245825517.0
55997871.0	1245825565.0
40199628.0	1245825984.0
48086655.0	1245826620.0
37935523.0	1245827753.0
24867012.0	1245827946.0
45630831.0	1245829080.0
26791867.0	1245829963.0
13549836.0	1245830416.0
1072100.0	1245830930.0
43520922.0	1245833314.0
7564151.0	1245838201.0
43062197.0	1245840680.0
36599136.0	1245843698.0
39022865.0	1245845982.0
24212295.0	1245855322.0
43062197.0	1245857896.0
34779184.0	1245859345.0
24385272.0	1245859489.0
46352081.0	1245862363.0
7257700.0	1245864029.0
33207800.0	1245867608.0
41589785.0	1245868130.0
41589785.0	1245887178.0
20536815.0	1245891710.0
19435809.0	1245896206.0
47407404.0	1245903819.0
55989093.0	1245903962.0
55989093.0	1245903973.0
55993126.0	1245905746.0
28118612.0	1245908241.0
19004637.0	1245908575.0
45566607.0	1245910843.0
29255901.0	1245911913.0
38223786.0	1245912898.0
13549836.0	1245920415.0
15579487.0	1245939011.0
68502.0	1245939854.0
37918356.0	1245941683.0
42080906.0	1245948090.0
9103828.0	1245993664.0
33599825.0	1245997342.0
44458258.0	1246004444.0
68505.0	1246013832.0
49354260.0	1246053014.0
33872949.0	1246304817.0
23468647.0	1246317126.0
42855030.0	1246317324.0
49159724.0	1246326250.0
26633534.0	1246326795.0
43817040.0	1246327100.0
16357238.0	1246327290.0
49869520.0	1246329499.0
35656890.0	1246337405.0
30958597.0	1246338638.0
29309219.0	1246338983.0
41589785.0	1246339323.0
32785563.0	1246339457.0
34434928.0	1246344866.0
18237855.0	1246352046.0
17218027.0	1246352663.0
68519.0	1246359700.0
34257564.0	1246359720.0
36599136.0	1246360748.0
35700094.0	1246361648.0
31296317.0	1246370321.0
55799345.0	1246375217.0
44169614.0	1246384126.0
26120453.0	1246427363.0
22726846.0	1246448719.0
44897001.0	1246451372.0
33973592.0	1246575067.0
47870663.0	1246580461.0
33074383.0	1246585538.0
36555176.0	1246946430.0
31862525.0	1247238361.0
18697445.0	1247315496.0
26321954.0	1247463682.0
46567667.0	1248090558.0
47623396.0	1248093131.0
44440986.0	1248093278.0
47914435.0	1248094052.0
48305325.0	1248095737.0
46955610.0	1248095803.0
47159527.0	1248096083.0
28965106.0	1248096282.0
47833078.0	1248096392.0
21373963.0	1248158666.0
8122961.0	1248256480.0
29011515.0	1248258050.0
48461165.0	1248259024.0
40543771.0	1248263203.0
8122961.0	1248263263.0
8122961.0	1248265194.0
24363795.0	1248268644.0
14611872.0	1248268941.0
48265655.0	1248270422.0
52448485.0	1248270456.0
52414740.0	1248271667.0
37057701.0	1248275434.0
3921690.0	1248276132.0
42000742.0	1248281684.0
38293096.0	1248282873.0
43354701.0	1248282939.0
51674205.0	1248287725.0
38019471.0	1248289845.0
51131730.0	1248300531.0
52094195.0	1248302284.0
20094990.0	1248319211.0
24759441.0	1248667221.0
34094990.0	1248891798.0
68552.0	1248909269.0
52138432.0	1248944510.0
53187292.0	1248945327.0
39681976.0	1248945413.0
51301155.0	1248945976.0
22803508.0	1248946241.0
38324969.0	1248947239.0
40492732.0	1248947913.0
24199474.0	1248949358.0
16069822.0	1248949532.0
27509142.0	1248949593.0
36364969.0	1248949652.0
51604468.0	1248951002.0
48087300.0	1248951042.0
39681976.0	1248951508.0
13189641.0	1248951648.0
50901729.0	1248951872.0
23774955.0	1248952325.0
48158207.0	1248952944.0
44274474.0	1248953309.0
38724912.0	1248953610.0
10652005.0	1248953621.0
35383464.0	1248953793.0
43717501.0	1248957513.0
53114097.0	1248958310.0
55690138.0	1248958987.0
50212644.0	1248959275.0
46185984.0	1248959454.0
46185984.0	1248959464.0
24497592.0	1248959776.0
46718569.0	1248959861.0
47730423.0	1248960068.0
47604413.0	1248960277.0
46259671.0	1248960320.0
20837247.0	1248960559.0
52441480.0	1248960658.0
37099049.0	1248960674.0
9261380.0	1248960695.0
41659972.0	1248960719.0
39246350.0	1248960916.0
13345276.0	1248960990.0
7287329.0	1248961001.0
43780832.0	1248961062.0
23741735.0	1248961192.0
38112479.0	1248961195.0
48329808.0	1248961325.0
31029910.0	1248961432.0
47605782.0	1248961791.0
41731472.0	1248962350.0
39957020.0	1248962535.0
24086841.0	1248962706.0
46369652.0	1248962838.0
46146308.0	1248962884.0
36095780.0	1248962970.0
36897446.0	1248963248.0
49628875.0	1248963514.0
49628875.0	1248963541.0
27560995.0	1248964862.0
48241028.0	1248964895.0
24086841.0	1248965898.0
34344863.0	1248965988.0
51710296.0	1248966303.0
50437791.0	1248966756.0
35169922.0	1248966970.0
24199474.0	1248967272.0
41589785.0	1248967286.0
15446395.0	1248967576.0
47605782.0	1248967612.0
44848233.0	1248967652.0
44109752.0	1248967734.0
51209984.0	1248968212.0
7287329.0	1248968223.0
9811796.0	1248968237.0
13345276.0	1248968425.0
7863628.0	1248968426.0
38223786.0	1248968881.0
41160118.0	1248969689.0
32029430.0	1248971700.0
68581.0	1248971880.0
38724912.0	1248972219.0
52042185.0	1248972514.0
23774955.0	1248973993.0
39751032.0	1248974706.0
39715289.0	1248975611.0
41186474.0	1248975852.0
47978247.0	1248978143.0
21837322.0	1248978748.0
44968678.0	1248978991.0
44109752.0	1248982010.0
33172587.0	1248982493.0
3609798.0	1248983065.0
28114290.0	1248983453.0
38251677.0	1248987358.0
35157637.0	1248987943.0
15200586.0	1248988107.0
6030138.0	1248988195.0
50901729.0	1248988320.0
50901729.0	1248988323.0
23270938.0	1248988596.0
68468.0	1248991232.0
49436528.0	1248992824.0
33291898.0	1248995437.0
13345276.0	1248995519.0
53330768.0	1249001071.0
35012487.0	1249002053.0
45196308.0	1249005880.0
68593.0	1249006681.0
60357.0	1249007753.0
34024259.0	1249008601.0
68595.0	1249009007.0
20838.0	1249009547.0
51325215.0	1249010412.0
24198544.0	1249012789.0
55851318.0	1249013834.0
16205445.0	1249013981.0
26532612.0	1249016677.0
38282965.0	1249017939.0
42586008.0	1249018125.0
68552.0	1249018319.0
22851539.0	1249019260.0
25821957.0	1249019326.0
43721698.0	1249019665.0
47978247.0	1249020317.0
31583687.0	1249020679.0
13345276.0	1249020730.0
11114710.0	1249020781.0
44924.0	1249020886.0
23058164.0	1249021033.0
25714473.0	1249021467.0
52525025.0	1249021811.0
68605.0	1249021972.0
39682.0	1249022440.0
48319186.0	1249023442.0
9000259.0	1249023443.0
52002260.0	1249023444.0
23515864.0	1249023928.0
33772018.0	1249023942.0
34335294.0	1249024143.0
22000815.0	1249024609.0
44754.0	1249024999.0
48158207.0	1249025033.0
44109752.0	1249025278.0
24086841.0	1249025474.0
16069822.0	1249025697.0
48191949.0	1249026237.0
36048504.0	1249026361.0
47604413.0	1249026473.0
20838.0	1249026655.0
50484804.0	1249027477.0
56010063.0	1249027935.0
42537766.0	1249027955.0
11765346.0	1249028511.0
44230031.0	1249028536.0
32691858.0	1249028573.0
20510188.0	1249028694.0
6076631.0	1249029023.0
52138432.0	1249029164.0
47275273.0	1249029372.0
53187292.0	1249029973.0
53330768.0	1249029974.0
20510188.0	1249030185.0
30030.0	1249031058.0
46185984.0	1249031425.0
46185984.0	1249031441.0
11675478.0	1249031513.0
51301155.0	1249031534.0
39681976.0	1249031797.0
22803508.0	1249032547.0
38324969.0	1249033491.0
22599332.0	1249033736.0
40492732.0	1249034158.0
13189641.0	1249034460.0
51780433.0	1249034745.0
53316992.0	1249035059.0
50212644.0	1249035257.0
68605.0	1249035322.0
27756385.0	1249035355.0
43106530.0	1249036298.0
14540839.0	1249036427.0
37057701.0	1249036794.0
18568090.0	1249037467.0
18482387.0	1249037612.0
24086841.0	1249038491.0
54802721.0	1249038729.0
49199123.0	1249039148.0
18482387.0	1249039518.0
18482387.0	1249039553.0
38724912.0	1249040225.0
47559859.0	1249041149.0
25915370.0	1249042157.0
51846997.0	1249042266.0
27953544.0	1249042363.0
28114290.0	1249044899.0
41402153.0	1249046249.0
36187164.0	1249049278.0
45196308.0	1249049702.0
24086841.0	1249050378.0
14612789.0	1249050585.0
23774955.0	1249053004.0
5063580.0	1249053040.0
18267356.0	1249056907.0
68468.0	1249063220.0
26491102.0	1249070450.0
46185984.0	1249074590.0
46185984.0	1249074605.0
42537766.0	1249074736.0
36456593.0	1249086231.0
42537766.0	1249087429.0
11927302.0	1249087881.0
23943732.0	1249088196.0
44109752.0	1249088649.0
34678541.0	1249088921.0
36119545.0	1249089616.0
42486646.0	1249091113.0
53018623.0	1249092211.0
50162628.0	1249094034.0
21996984.0	1249098384.0
68605.0	1249106329.0
68624.0	1249125119.0
43305912.0	1249137461.0
68605.0	1249174461.0
68626.0	1249231890.0
53549242.0	1249232214.0
68628.0	1249235315.0
68605.0	1249252965.0
68605.0	1249253014.0
68252.0	1249253935.0
68252.0	1249262107.0
34024259.0	1249276177.0
68605.0	1249346689.0
48865370.0	1249358956.0
43598801.0	1249365729.0
51969946.0	1249366345.0
68629.0	1249368744.0
43069497.0	1249384587.0
36042431.0	1249391864.0
68631.0	1249399727.0
18021645.0	1249834402.0
