48195019.0	1176928555.0
54877956.0	1179397940.0
55694188.0	1183958898.0
17772070.0	1185198973.0
55812002.0	1187383350.0
55961095.0	1192452446.0
55731828.0	1192722816.0
55659751.0	1193683968.0
55670766.0	1193943127.0
55659751.0	1194468927.0
163109.0	1194624129.0
55997153.0	1197044309.0
69032.0	1197452833.0
50409057.0	1198332520.0
1376608.0	1200640565.0
52227348.0	1201127432.0
1982388.0	1201300246.0
56027205.0	1201622291.0
2915700.0	1201819774.0
55180504.0	1201895009.0
24157248.0	1202196528.0
1541285.0	1202665813.0
48850624.0	1202970107.0
55817934.0	1203056541.0
53392626.0	1203206291.0
55377991.0	1203419152.0
55722315.0	1203741929.0
4981589.0	1205141453.0
54929909.0	1205396132.0
119968.0	1205807593.0
38152313.0	1205842253.0
38152313.0	1205842314.0
55935482.0	1205843255.0
4878302.0	1205849700.0
3514275.0	1205890512.0
1627504.0	1205941688.0
50915191.0	1206198898.0
41878144.0	1206339403.0
264435.0	1206343054.0
50837783.0	1206347715.0
601558.0	1206372517.0
4943856.0	1206419595.0
56020837.0	1206442172.0
2710131.0	1206476362.0
5450772.0	1206517625.0
56011135.0	1206633164.0
50889572.0	1206703900.0
54286453.0	1206803233.0
6016093.0	1207014827.0
18028081.0	1207014952.0
5178530.0	1207037471.0
56018467.0	1207153708.0
55329810.0	1207184552.0
43285899.0	1207189133.0
592296.0	1207243796.0
52828842.0	1207247912.0
1299210.0	1207256228.0
4269972.0	1207300873.0
5781205.0	1207464637.0
6563796.0	1207626092.0
5054431.0	1207643351.0
55985761.0	1207645711.0
6593212.0	1207699317.0
55739219.0	1207731932.0
55866268.0	1207840858.0
6563796.0	1207872136.0
5843435.0	1207910676.0
6908175.0	1207916209.0
55781727.0	1207940767.0
49501225.0	1207953473.0
6552760.0	1208166481.0
1893319.0	1208221978.0
55856293.0	1208257375.0
53139069.0	1208269659.0
1070284.0	1208410179.0
3582499.0	1208416931.0
2670102.0	1208421129.0
55941562.0	1208503340.0
55792266.0	1208575038.0
7401804.0	1208686592.0
11297564.0	1208777818.0
55842993.0	1208840052.0
7210942.0	1208866700.0
49147360.0	1208969402.0
7378047.0	1209035585.0
54086773.0	1209062580.0
54443216.0	1209123543.0
55822509.0	1209151531.0
7970287.0	1209186939.0
55964406.0	1209224045.0
1797909.0	1209335927.0
5385357.0	1209458877.0
1319143.0	1209464405.0
5799779.0	1209476338.0
6072843.0	1209485865.0
54133020.0	1209494042.0
2987911.0	1209500922.0
21002226.0	1209565857.0
4695864.0	1209605725.0
53140029.0	1209624372.0
55923114.0	1209631477.0
8255155.0	1209642740.0
4037312.0	1209763007.0
47639817.0	1209803684.0
47639817.0	1209803759.0
8120517.0	1209855823.0
69118.0	1209882293.0
1752411.0	1209911424.0
3056.0	1209926446.0
55900378.0	1209934551.0
9993089.0	1209940667.0
8512320.0	1209945131.0
19463871.0	1209964676.0
55939198.0	1209967342.0
4824746.0	1209981323.0
2043400.0	1210026368.0
2162218.0	1210058489.0
69118.0	1210067411.0
55842573.0	1210068637.0
54025774.0	1210073780.0
8544722.0	1210094170.0
55963714.0	1210138317.0
55916765.0	1210161325.0
8358967.0	1210228490.0
5386965.0	1210237665.0
48782604.0	1210248756.0
53930170.0	1210265404.0
53930170.0	1210265407.0
38800208.0	1210295440.0
55031641.0	1210309910.0
55690801.0	1210310114.0
55959592.0	1210310282.0
55742161.0	1210313160.0
1441623.0	1210317413.0
1119252.0	1210318598.0
572664.0	1210342231.0
53765516.0	1210383268.0
42642016.0	1210423285.0
5123385.0	1210424849.0
28802548.0	1210427499.0
55964419.0	1210466501.0
55941141.0	1210478254.0
42642016.0	1210506415.0
36045855.0	1210525385.0
55720950.0	1210561060.0
55720950.0	1210569091.0
55915523.0	1210571732.0
3868006.0	1210579713.0
55960988.0	1210637970.0
5334413.0	1210663486.0
55843269.0	1210710625.0
4997340.0	1210718050.0
3223364.0	1210721635.0
156579.0	1210723811.0
55941081.0	1210726422.0
3871467.0	1210820089.0
6385146.0	1210825997.0
9222011.0	1210838355.0
56024022.0	1210911562.0
278982.0	1210924111.0
51967445.0	1211069678.0
56026518.0	1211086379.0
31954782.0	1211131940.0
9424472.0	1211166660.0
27045801.0	1211195070.0
8233643.0	1211201350.0
9480830.0	1211219372.0
4792107.0	1211294235.0
55828226.0	1211315432.0
55777259.0	1211339678.0
9601924.0	1211358572.0
8296085.0	1211415135.0
56011135.0	1211426722.0
48782604.0	1211436928.0
7480961.0	1211489489.0
2336904.0	1211514617.0
52635803.0	1211520355.0
30748799.0	1211579049.0
3703146.0	1211579254.0
56013589.0	1211613047.0
7395116.0	1211613245.0
8109075.0	1211707755.0
53246357.0	1211708362.0
8516500.0	1211873708.0
30866025.0	1211898287.0
7481049.0	1211899452.0
1213173.0	1211906638.0
55984670.0	1211950360.0
54303505.0	1211962253.0
6905787.0	1212081535.0
6974563.0	1212107160.0
6973649.0	1212116979.0
9883397.0	1212241607.0
5526948.0	1212295648.0
4297916.0	1212326558.0
38358243.0	1212337738.0
9780983.0	1212362289.0
5955906.0	1212385481.0
8289063.0	1212388907.0
7479826.0	1212420837.0
5441736.0	1212475549.0
10242481.0	1212521747.0
55773943.0	1212553949.0
3227874.0	1212571855.0
1885584.0	1212592435.0
69118.0	1212647148.0
9647854.0	1212777404.0
1663609.0	1212986808.0
55917114.0	1213023070.0
52969240.0	1213082583.0
51322043.0	1213135311.0
2434779.0	1213158912.0
3500603.0	1213225596.0
2037201.0	1213257585.0
6385796.0	1213257709.0
38497557.0	1213286855.0
40585998.0	1213297040.0
55710615.0	1213313799.0
10548779.0	1213521917.0
2039711.0	1213693177.0
9867765.0	1213704992.0
4072111.0	1213777529.0
5480098.0	1213809254.0
17562379.0	1213815561.0
9480830.0	1213844723.0
3092631.0	1213871947.0
6469839.0	1213956032.0
8745491.0	1214305691.0
7428601.0	1214308709.0
9079170.0	1214315334.0
11333349.0	1214353563.0
6381281.0	1214358321.0
55718651.0	1214418233.0
55793827.0	1214423001.0
7532349.0	1214443218.0
10185194.0	1214494037.0
55873980.0	1214544809.0
53992795.0	1214611019.0
11469413.0	1214726168.0
484429.0	1214772394.0
55933698.0	1214810654.0
6651597.0	1214810721.0
51921627.0	1214813064.0
7777001.0	1214814038.0
7432506.0	1214814417.0
8134955.0	1214814835.0
156731.0	1214815765.0
611384.0	1214816023.0
15032783.0	1214817159.0
55875121.0	1214818677.0
1907657.0	1214821279.0
53210958.0	1214825978.0
11274385.0	1214842779.0
11375725.0	1214846452.0
39069456.0	1214853646.0
8518229.0	1214871744.0
49995716.0	1214881647.0
51753663.0	1214897026.0
3492747.0	1214968217.0
7081036.0	1214971746.0
55888628.0	1215025642.0
10223873.0	1215047766.0
56009328.0	1215063342.0
55744163.0	1215091010.0
9320626.0	1215109463.0
11261060.0	1215184271.0
8446095.0	1215278448.0
7507619.0	1215307638.0
55889417.0	1215312249.0
1034507.0	1215324214.0
5480098.0	1215332899.0
11790929.0	1215340318.0
55829719.0	1215396417.0
1588160.0	1215438945.0
3070933.0	1215467609.0
55805312.0	1215483104.0
41878791.0	1215497017.0
35882753.0	1215503223.0
5480098.0	1215522841.0
55793827.0	1215589478.0
10517317.0	1215598539.0
5480098.0	1215602606.0
5799237.0	1215606557.0
55827147.0	1215676823.0
6040135.0	1215689462.0
55791426.0	1215689471.0
11629187.0	1215729455.0
6936627.0	1215774512.0
17702226.0	1215788051.0
11138870.0	1215788533.0
54126049.0	1215923906.0
37675300.0	1215975975.0
52035576.0	1215991889.0
55670292.0	1216037458.0
11617730.0	1216058971.0
9188440.0	1216058974.0
29175181.0	1216059141.0
3607999.0	1216102727.0
7286013.0	1216109307.0
10251001.0	1216113030.0
10251001.0	1216113104.0
8723956.0	1216123135.0
43559134.0	1216171898.0
54378624.0	1216200539.0
7697840.0	1216244617.0
55738832.0	1216285117.0
8713017.0	1216286379.0
10343523.0	1216290415.0
1888491.0	1216291028.0
849088.0	1216295639.0
55579687.0	1216321868.0
55738832.0	1216361820.0
12580932.0	1216390447.0
346914.0	1216441123.0
9373249.0	1216441628.0
2041547.0	1216460742.0
3338217.0	1216500754.0
47700431.0	1216539560.0
1033355.0	1216655400.0
31763183.0	1216721796.0
2854662.0	1216723468.0
56025523.0	1216724001.0
3910551.0	1216725087.0
456950.0	1216731892.0
9411698.0	1216753491.0
5490601.0	1216861928.0
12942920.0	1216962445.0
7753538.0	1216970201.0
3338217.0	1216980002.0
56012824.0	1217133520.0
1071268.0	1217238575.0
13313891.0	1217405584.0
55817019.0	1217587046.0
54075073.0	1217611824.0
12579655.0	1217627423.0
1249613.0	1217662954.0
3338217.0	1217698824.0
55676183.0	1217788503.0
7387989.0	1217789728.0
7745742.0	1217833113.0
55793827.0	1217923709.0
3907953.0	1217955753.0
1431520.0	1217971627.0
9660708.0	1217972566.0
8652851.0	1218033697.0
849088.0	1218052055.0
2292243.0	1218087116.0
2954450.0	1218156771.0
12741720.0	1218386136.0
7555785.0	1218435055.0
5977347.0	1218436179.0
8502710.0	1218442138.0
7538648.0	1218569509.0
50544949.0	1218590621.0
3624796.0	1218601298.0
2386843.0	1218607763.0
12007866.0	1218643345.0
12495550.0	1218655977.0
3119457.0	1218750724.0
12340292.0	1218754798.0
53265341.0	1218824634.0
14010630.0	1218900071.0
55962698.0	1218907627.0
25897333.0	1218910165.0
9023345.0	1218957808.0
51560306.0	1218983026.0
14090356.0	1219039222.0
7566207.0	1219057292.0
1002934.0	1219065453.0
9634203.0	1219069416.0
9835629.0	1219159379.0
12489158.0	1219172017.0
14472772.0	1219204264.0
55997503.0	1219208805.0
44693670.0	1219381609.0
3505187.0	1219518983.0
15022697.0	1219627685.0
9241645.0	1219875965.0
14376348.0	1219901819.0
15189909.0	1219932673.0
9023345.0	1219994169.0
9264964.0	1220064646.0
4993502.0	1220143499.0
54801544.0	1220216593.0
8358251.0	1220231237.0
55908508.0	1220277626.0
13450122.0	1220364805.0
55919143.0	1220460654.0
8545705.0	1220656774.0
8545705.0	1220732095.0
55893772.0	1220737588.0
7994384.0	1220767268.0
10341225.0	1220769427.0
5103463.0	1220782813.0
1962678.0	1220786520.0
2961098.0	1220849199.0
8526777.0	1220871206.0
15860283.0	1220871450.0
55889925.0	1220871580.0
55452556.0	1220922172.0
9811986.0	1221029966.0
5129589.0	1221030114.0
15327417.0	1221111106.0
55730409.0	1221134771.0
1454839.0	1221215032.0
55693611.0	1221257245.0
8732643.0	1221291450.0
15841597.0	1221292831.0
51037152.0	1221471898.0
6416390.0	1221488325.0
55922955.0	1221538201.0
55779492.0	1221553408.0
55914788.0	1221555123.0
11066100.0	1221574281.0
16484760.0	1221807917.0
1766735.0	1221843768.0
15643848.0	1221858021.0
2769152.0	1222079059.0
2831171.0	1222094793.0
8526777.0	1222103722.0
55981271.0	1222149156.0
1218616.0	1222177675.0
16758946.0	1222179395.0
5973799.0	1222228227.0
10006183.0	1222230143.0
12012536.0	1222249817.0
2710186.0	1222638659.0
3812929.0	1222669919.0
3812929.0	1222670675.0
16240042.0	1222689248.0
9769093.0	1222956521.0
4882199.0	1222976573.0
2234404.0	1223013628.0
55967450.0	1223016596.0
17446775.0	1223050149.0
53664283.0	1223111886.0
5763947.0	1223202697.0
7677094.0	1223203792.0
5622174.0	1223269642.0
9127245.0	1223270205.0
55262556.0	1223306886.0
17075817.0	1223370948.0
3736151.0	1223423868.0
14541677.0	1223540467.0
1460376.0	1223541367.0
425642.0	1223618843.0
55983950.0	1223627250.0
12137750.0	1223713011.0
14549755.0	1223742349.0
9481809.0	1223794477.0
55933202.0	1223864400.0
55745775.0	1223876594.0
8085155.0	1223883141.0
55745775.0	1223892217.0
55331069.0	1223894408.0
25897333.0	1224065430.0
3695301.0	1224101497.0
6384941.0	1224178971.0
2677739.0	1224207333.0
16668306.0	1224310658.0
1398949.0	1224439659.0
5243000.0	1224475678.0
10830116.0	1224485277.0
18316146.0	1224559464.0
10840891.0	1224579217.0
55713627.0	1224617177.0
17377949.0	1224645505.0
18361848.0	1224700023.0
18076419.0	1224763141.0
35304354.0	1224828626.0
26880374.0	1224918449.0
2780055.0	1224990159.0
55927965.0	1225165506.0
18313463.0	1225177293.0
55962698.0	1225187149.0
4955404.0	1225222611.0
55922801.0	1225268519.0
215139.0	1225269851.0
55916233.0	1225309975.0
51828808.0	1225348816.0
2803021.0	1225407379.0
12137390.0	1225425471.0
5310036.0	1225443203.0
17701172.0	1225462908.0
55768982.0	1225484618.0
55667261.0	1225786330.0
18298797.0	1225905456.0
2336371.0	1226107983.0
7549785.0	1226109944.0
18754901.0	1226137959.0
16272125.0	1226244944.0
41121490.0	1226300004.0
19550246.0	1226320684.0
19097259.0	1226331852.0
45572074.0	1226337579.0
6285730.0	1226341175.0
41929541.0	1226477129.0
19128956.0	1226561495.0
4937818.0	1226570658.0
28978839.0	1226573158.0
38912679.0	1226578340.0
55653712.0	1226578697.0
4937818.0	1226582704.0
14603864.0	1226586516.0
9717682.0	1226589422.0
55978389.0	1226652685.0
13840993.0	1226658267.0
15695782.0	1226738691.0
50866648.0	1226748863.0
69469.0	1226840754.0
16301512.0	1226846187.0
18081643.0	1227212150.0
10059003.0	1227214761.0
11712977.0	1227284079.0
18822076.0	1227426264.0
52970028.0	1227474882.0
55775229.0	1227475200.0
16129033.0	1227485900.0
2485376.0	1227491378.0
5644453.0	1227518302.0
25897333.0	1227614805.0
25897333.0	1227616494.0
6742349.0	1227624353.0
15227307.0	1227636341.0
50774100.0	1227663455.0
5026233.0	1227735861.0
25897333.0	1227798383.0
19381692.0	1227978954.0
5935718.0	1228045052.0
1140945.0	1228048880.0
8679129.0	1228060078.0
17642615.0	1228076015.0
10861819.0	1228111186.0
20921769.0	1228133762.0
19496568.0	1228141190.0
54478973.0	1228157676.0
46911932.0	1228199476.0
3244208.0	1228224325.0
12329121.0	1228271935.0
21002829.0	1228281029.0
21084279.0	1228307075.0
15759769.0	1228307175.0
54738172.0	1228375809.0
6833882.0	1228406282.0
6088141.0	1228610472.0
13739286.0	1228713279.0
56025582.0	1228737390.0
10731973.0	1228746998.0
21235635.0	1228821001.0
55906603.0	1228823489.0
5770895.0	1228832070.0
55962698.0	1228843566.0
69506.0	1228897071.0
15521913.0	1228902834.0
2718988.0	1228916125.0
55881759.0	1228936647.0
7228081.0	1228940790.0
3826475.0	1228997508.0
50019711.0	1229017713.0
3666519.0	1229032664.0
2171663.0	1229060154.0
25897333.0	1229064344.0
18073921.0	1229071981.0
17020157.0	1229086006.0
4816859.0	1229086274.0
1618425.0	1229098612.0
25897333.0	1229101598.0
55800389.0	1229145010.0
25897333.0	1229167166.0
15204325.0	1229275451.0
8172762.0	1229290165.0
13591719.0	1229298862.0
43887683.0	1229315649.0
19788094.0	1229339614.0
30311699.0	1229343092.0
16461836.0	1229357105.0
15619089.0	1229395836.0
2116967.0	1229451284.0
24451123.0	1229487950.0
55990370.0	1229526249.0
25897333.0	1229546891.0
25897333.0	1229547050.0
2739131.0	1229559782.0
21437845.0	1229563049.0
25897333.0	1229584778.0
8217579.0	1229671075.0
15695782.0	1229674245.0
55872515.0	1229685546.0
8217579.0	1229928823.0
3622041.0	1229966688.0
55830692.0	1230033243.0
2030482.0	1230071808.0
16611445.0	1230101989.0
215139.0	1230311290.0
9355728.0	1230557215.0
1664890.0	1230587513.0
1664890.0	1230588872.0
13418085.0	1230590373.0
22257893.0	1230614449.0
55868606.0	1230614530.0
13043204.0	1230621520.0
9396256.0	1230646648.0
5436210.0	1230673828.0
1043676.0	1230781963.0
56007387.0	1230808457.0
2267257.0	1230845589.0
18520267.0	1230849625.0
2484020.0	1230897141.0
18548877.0	1230898006.0
22257170.0	1230981904.0
5399447.0	1231031954.0
760051.0	1231035208.0
56002035.0	1231040724.0
50455989.0	1231101463.0
6913764.0	1231123345.0
55676183.0	1231164008.0
56002952.0	1231164966.0
17677589.0	1231198940.0
34792174.0	1231209418.0
4151411.0	1231219858.0
17433953.0	1231228742.0
2820536.0	1231235020.0
39930897.0	1231324053.0
9206291.0	1231374754.0
20535440.0	1231381619.0
8972276.0	1231403745.0
1043676.0	1231439628.0
54410784.0	1231442643.0
5183810.0	1231448738.0
23992253.0	1231477576.0
23999310.0	1231484448.0
16203428.0	1231499043.0
23930082.0	1231532055.0
23079172.0	1231589281.0
8212451.0	1231705846.0
24210912.0	1231727025.0
3501739.0	1231763561.0
21391034.0	1231775784.0
7637857.0	1231787959.0
10408115.0	1231841129.0
4040930.0	1231917486.0
14593477.0	1231939750.0
10231252.0	1232002704.0
9112821.0	1232006941.0
55809695.0	1232008933.0
3844879.0	1232011630.0
29626690.0	1232044337.0
1422913.0	1232055699.0
25897333.0	1232059607.0
6872298.0	1232074663.0
24578829.0	1232074830.0
2183268.0	1232080394.0
395194.0	1232081624.0
55945073.0	1232087567.0
20402529.0	1232094302.0
10341225.0	1232099104.0
55826666.0	1232100658.0
19118790.0	1232120249.0
19012808.0	1232120381.0
15049190.0	1232161794.0
7477500.0	1232179905.0
25897333.0	1232202569.0
25897333.0	1232202709.0
21079718.0	1232248530.0
4035043.0	1232284083.0
9354751.0	1232360635.0
29626690.0	1232390354.0
153507.0	1232404126.0
23743415.0	1232405551.0
24851145.0	1232432774.0
5875961.0	1232458609.0
7478502.0	1232461601.0
38301483.0	1232464325.0
4034556.0	1232469468.0
48564063.0	1232472697.0
25039970.0	1232511581.0
16134604.0	1232517357.0
13329395.0	1232531067.0
24851145.0	1232537455.0
4298933.0	1232563076.0
55657650.0	1232578798.0
7478502.0	1232600246.0
55964675.0	1232602735.0
8590907.0	1232603489.0
25897333.0	1232628400.0
6325405.0	1232692567.0
10308332.0	1232702057.0
13422657.0	1232869758.0
18781938.0	1232869910.0
17997380.0	1232870614.0
54886314.0	1232896313.0
25063467.0	1232944425.0
55704930.0	1232965929.0
3844879.0	1232966365.0
1042623.0	1232981443.0
25778052.0	1233005245.0
55967384.0	1233045744.0
5338256.0	1233059617.0
21775125.0	1233067343.0
15557214.0	1233076597.0
19960307.0	1233100021.0
11121916.0	1233109803.0
3727365.0	1233123469.0
55661251.0	1233124363.0
20547700.0	1233136681.0
25897333.0	1233144432.0
25897333.0	1233144532.0
1760810.0	1233151471.0
24391723.0	1233196066.0
7952579.0	1233196244.0
55710850.0	1233211811.0
8348289.0	1233217500.0
2118093.0	1233225517.0
847453.0	1233229810.0
54745493.0	1233274722.0
9745411.0	1233275674.0
6106169.0	1233276032.0
55769359.0	1233284929.0
7745831.0	1233309114.0
3933660.0	1233310133.0
15181115.0	1233313567.0
1422913.0	1233318605.0
18620301.0	1233326130.0
55900649.0	1233347214.0
43651836.0	1233397350.0
12123120.0	1233407208.0
55688315.0	1233450106.0
3516157.0	1233463257.0
69641.0	1233482708.0
21321357.0	1233483170.0
11072570.0	1233490238.0
8907081.0	1233509859.0
8714503.0	1233579183.0
26583612.0	1233590592.0
11662624.0	1233634802.0
25897333.0	1233661615.0
21992766.0	1233678454.0
19234592.0	1233701303.0
1888696.0	1233708896.0
55872515.0	1233723978.0
19234592.0	1233737054.0
25897333.0	1233748474.0
55965965.0	1233802876.0
15206072.0	1233810218.0
11643630.0	1233822247.0
5341288.0	1233827514.0
215139.0	1233839584.0
10497111.0	1233872562.0
45366940.0	1233933970.0
27130784.0	1233951162.0
25897333.0	1234025473.0
25897333.0	1234096968.0
27139070.0	1234099238.0
1439837.0	1234104011.0
3068171.0	1234104934.0
16057625.0	1234107981.0
16057625.0	1234109716.0
50489056.0	1234114158.0
1776676.0	1234122028.0
24527828.0	1234165575.0
12981724.0	1234171598.0
9926565.0	1234172918.0
16057625.0	1234176122.0
55978629.0	1234176549.0
25897333.0	1234180974.0
37691316.0	1234184359.0
11610899.0	1234208855.0
69667.0	1234233708.0
55218356.0	1234247521.0
55989472.0	1234261509.0
6482163.0	1234263061.0
8404232.0	1234267421.0
2986573.0	1234276825.0
2986573.0	1234278011.0
26343924.0	1234278173.0
22954366.0	1234295830.0
27130784.0	1234295889.0
25897333.0	1234304257.0
25897333.0	1234304465.0
6482163.0	1234333808.0
23713405.0	1234334925.0
1544288.0	1234340909.0
17988175.0	1234345190.0
55702041.0	1234352484.0
27139070.0	1234381071.0
3125768.0	1234391751.0
55875261.0	1234419275.0
19767993.0	1234420510.0
14997759.0	1234422824.0
55786847.0	1234422857.0
1226698.0	1234425060.0
20153669.0	1234430976.0
4046343.0	1234434734.0
7882698.0	1234448148.0
5341288.0	1234449067.0
14997759.0	1234452219.0
27130784.0	1234461617.0
25979545.0	1234462158.0
55990980.0	1234468775.0
25683362.0	1234488552.0
25381623.0	1234515055.0
54544826.0	1234524738.0
8010134.0	1234531741.0
25897333.0	1234542308.0
56002952.0	1234554082.0
55657650.0	1234595375.0
24217579.0	1234596610.0
19595404.0	1234603725.0
3726188.0	1234607518.0
25897333.0	1234622245.0
3726188.0	1234626110.0
7452710.0	1234629361.0
10048230.0	1234658315.0
4982319.0	1234709154.0
56012813.0	1234709528.0
11960120.0	1234719455.0
17630519.0	1234751460.0
13748862.0	1234756695.0
11665033.0	1234786307.0
55845777.0	1234787456.0
55780512.0	1234805146.0
54144467.0	1234814712.0
8632615.0	1234839311.0
17654334.0	1234850221.0
27842123.0	1234859341.0
24769482.0	1234894221.0
20447084.0	1234903898.0
8544522.0	1234906014.0
29332628.0	1234926124.0
10086949.0	1234954746.0
25897333.0	1234958758.0
25897333.0	1234958830.0
25897333.0	1234958871.0
51639166.0	1234990363.0
1775523.0	1235002106.0
9904653.0	1235002416.0
27675919.0	1235004793.0
25808244.0	1235009522.0
25583246.0	1235009573.0
625289.0	1235020445.0
50314311.0	1235040540.0
21507574.0	1235047256.0
27011730.0	1235053589.0
27011730.0	1235053632.0
8640159.0	1235061435.0
12062689.0	1235070324.0
69725.0	1235088806.0
7637660.0	1235123630.0
6876051.0	1235137906.0
7548828.0	1235191027.0
23600240.0	1235216531.0
29555022.0	1235306198.0
25897333.0	1235306985.0
20739681.0	1235360739.0
19302506.0	1235383226.0
2215579.0	1235384549.0
4954929.0	1235385334.0
53052157.0	1235394080.0
53726186.0	1235396816.0
29772900.0	1235458459.0
19215297.0	1235466505.0
1145448.0	1235475006.0
25897333.0	1235477099.0
55804975.0	1235494926.0
17436459.0	1235501120.0
53017750.0	1235511664.0
22257170.0	1235560876.0
25569330.0	1235576626.0
22202658.0	1235620027.0
10880453.0	1235631566.0
27248264.0	1235674542.0
9538500.0	1235725230.0
25365173.0	1235788821.0
4950031.0	1235820788.0
5951953.0	1235883732.0
25480252.0	1235893673.0
30647050.0	1235901174.0
30868494.0	1235952622.0
1398949.0	1235978000.0
55897420.0	1235984798.0
55752840.0	1235990227.0
22479013.0	1235993183.0
22479013.0	1235993231.0
22479013.0	1235993360.0
22479013.0	1235993494.0
22479013.0	1235994365.0
12594999.0	1236000084.0
10689187.0	1236004243.0
13789604.0	1236046428.0
19956864.0	1236058156.0
15192234.0	1236068467.0
8323770.0	1236069912.0
7508893.0	1236069959.0
30974358.0	1236072586.0
5996932.0	1236081911.0
28593203.0	1236090788.0
22496362.0	1236146532.0
22496362.0	1236146552.0
15202395.0	1236155611.0
22890675.0	1236156977.0
20550097.0	1236167820.0
18656853.0	1236185963.0
56008320.0	1236233617.0
27130784.0	1236267242.0
6880184.0	1236273663.0
28593203.0	1236275424.0
28593203.0	1236275910.0
8519448.0	1236290705.0
1073045.0	1236299420.0
54080434.0	1236302340.0
6040901.0	1236303216.0
27611503.0	1236364052.0
24059034.0	1236368694.0
23829558.0	1236377366.0
23829558.0	1236378204.0
2023794.0	1236405003.0
20627409.0	1236410070.0
20627409.0	1236414063.0
27130784.0	1236420263.0
30884123.0	1236438496.0
24183689.0	1236441062.0
51506596.0	1236466235.0
21425640.0	1236492972.0
55893272.0	1236554124.0
31510882.0	1236554950.0
17618238.0	1236571713.0
55805312.0	1236588022.0
10840694.0	1236590481.0
10203928.0	1236592998.0
55823461.0	1236609666.0
2198127.0	1236618708.0
14202353.0	1236673884.0
1317516.0	1236684223.0
3818759.0	1236724191.0
22202517.0	1236749529.0
32154706.0	1236760376.0
24527828.0	1236765065.0
6126221.0	1236783222.0
29367142.0	1236795475.0
32831665.0	1236848819.0
18432470.0	1236865377.0
10497227.0	1236869094.0
32133866.0	1236872495.0
33764880.0	1236927437.0
6939650.0	1236938719.0
33061287.0	1236976889.0
36465080.0	1237012202.0
23502506.0	1237037754.0
11848296.0	1237048256.0
10060270.0	1237081342.0
30014596.0	1237098979.0
32131527.0	1237104105.0
38842017.0	1237108990.0
3510542.0	1237111328.0
10458829.0	1237152136.0
6722416.0	1237191769.0
8740217.0	1237195105.0
12249892.0	1237214930.0
25878858.0	1237218083.0
15418875.0	1237218474.0
55963813.0	1237236972.0
30712061.0	1237256704.0
24474163.0	1237264969.0
30712061.0	1237265035.0
55963813.0	1237307094.0
17002313.0	1237322042.0
1602597.0	1237352204.0
33744061.0	1237352400.0
55961963.0	1237352416.0
55961963.0	1237352508.0
4065962.0	1237362617.0
31757969.0	1237376179.0
30695054.0	1237379335.0
1901578.0	1237450635.0
55762497.0	1237454767.0
13082608.0	1237454860.0
31191492.0	1237456988.0
24888164.0	1237461134.0
13082608.0	1237463645.0
30998454.0	1237473156.0
29689000.0	1237477834.0
55917720.0	1237514958.0
13724716.0	1237545246.0
44754.0	1237551985.0
44924.0	1237552027.0
22000815.0	1237552689.0
25714473.0	1237553229.0
31686522.0	1237554957.0
55683383.0	1237559834.0
5806270.0	1237567151.0
2505227.0	1237611082.0
55838155.0	1237630011.0
8096589.0	1237633543.0
787443.0	1237702312.0
69847.0	1237706087.0
1033000.0	1237720132.0
55657650.0	1237774531.0
6222171.0	1237786197.0
55811419.0	1237789065.0
28960221.0	1237800496.0
12173972.0	1237801899.0
55261434.0	1237804842.0
55657650.0	1237813441.0
31852824.0	1237824111.0
19847531.0	1237845389.0
33774657.0	1237861397.0
55967590.0	1237870545.0
24505965.0	1237877939.0
51286194.0	1237917912.0
55888003.0	1237920016.0
33373679.0	1237928994.0
34723765.0	1237948550.0
35064870.0	1237967951.0
8112936.0	1237974171.0
10263869.0	1237979381.0
8112936.0	1237979691.0
24859143.0	1237999165.0
7518436.0	1238001085.0
32892595.0	1238003426.0
13148274.0	1238035885.0
26917754.0	1238036698.0
35047429.0	1238047775.0
17330036.0	1238051400.0
22033024.0	1238072811.0
48407233.0	1238075060.0
6328312.0	1238087733.0
11283894.0	1238139115.0
3239172.0	1238144595.0
2609437.0	1238158100.0
35453369.0	1238164303.0
19461643.0	1238239947.0
55929180.0	1238246603.0
20851940.0	1238246903.0
31864032.0	1238290915.0
35453369.0	1238317592.0
15314307.0	1238336697.0
16827889.0	1238350604.0
29568510.0	1238351049.0
9424319.0	1238364400.0
20312581.0	1238388611.0
26567531.0	1238398639.0
29054798.0	1238405785.0
5178444.0	1238415007.0
29718731.0	1238415198.0
24047480.0	1238434612.0
22469264.0	1238459588.0
29885482.0	1238471231.0
7438017.0	1238475582.0
25182621.0	1238500923.0
7906045.0	1238501293.0
7906045.0	1238501622.0
25182104.0	1238502039.0
8256605.0	1238534103.0
32504416.0	1238534185.0
16137509.0	1238582723.0
51363082.0	1238583116.0
29285341.0	1238649582.0
25832534.0	1238653453.0
30198806.0	1238664763.0
55786847.0	1238669767.0
55095484.0	1238691231.0
35566249.0	1238693592.0
46031561.0	1238715174.0
54473114.0	1238720767.0
54964315.0	1238730121.0
28582912.0	1238745829.0
18612129.0	1238752303.0
30866025.0	1238752518.0
24135336.0	1238754603.0
24135336.0	1238788814.0
55971926.0	1238796221.0
24135336.0	1238823009.0
10251888.0	1238833356.0
15446642.0	1238837739.0
24135336.0	1238857221.0
21931613.0	1238876739.0
24135336.0	1238891402.0
37092805.0	1238916784.0
16856160.0	1238969749.0
26557893.0	1238997214.0
55773482.0	1239001656.0
24542806.0	1239024496.0
16721497.0	1239032733.0
5879164.0	1239040016.0
47402542.0	1239040576.0
52679214.0	1239053968.0
4822500.0	1239059407.0
24614281.0	1239090104.0
5183810.0	1239091179.0
6009146.0	1239092521.0
30990263.0	1239093433.0
11801747.0	1239136492.0
19243915.0	1239158074.0
24077442.0	1239162995.0
23777623.0	1239183504.0
53814567.0	1239210340.0
14852768.0	1239212758.0
34455980.0	1239223711.0
55832533.0	1239223951.0
18432627.0	1239248790.0
49854408.0	1239255250.0
49854408.0	1239255818.0
50747350.0	1239261546.0
30318854.0	1239261629.0
14359949.0	1239270404.0
996397.0	1239278919.0
24183689.0	1239300487.0
15201932.0	1239334485.0
16047052.0	1239342895.0
69938.0	1239361461.0
34093536.0	1239377551.0
15494080.0	1239434410.0
14599398.0	1239467924.0
23091191.0	1239562285.0
15521913.0	1239635577.0
9287013.0	1239637930.0
36625459.0	1239642123.0
40807930.0	1239642181.0
3791452.0	1239647793.0
12167874.0	1239686670.0
213100.0	1239737017.0
7212036.0	1239739182.0
1829699.0	1239759860.0
34349780.0	1239781943.0
19257695.0	1239783054.0
8290458.0	1239784732.0
38945957.0	1239788147.0
2936440.0	1239791296.0
21516108.0	1239799907.0
13740581.0	1239804933.0
36772629.0	1239814475.0
7383474.0	1239815158.0
56004467.0	1239819220.0
21484045.0	1239825757.0
10207206.0	1239870116.0
27714663.0	1239871406.0
50079338.0	1239898559.0
36468213.0	1239917109.0
36625459.0	1239918102.0
26058840.0	1239928276.0
6711988.0	1239963447.0
30187720.0	1239975912.0
17451882.0	1239991026.0
25491141.0	1240024726.0
37085131.0	1240026614.0
55308613.0	1240030014.0
3644931.0	1240056520.0
14472454.0	1240068972.0
25841295.0	1240071358.0
39804081.0	1240074296.0
12209475.0	1240119200.0
55888003.0	1240157119.0
38635355.0	1240233915.0
13285032.0	1240235576.0
39239665.0	1240253344.0
44253980.0	1240256434.0
55935649.0	1240291297.0
7939623.0	1240315837.0
21221252.0	1240329704.0
6006435.0	1240330198.0
11770112.0	1240331593.0
23047516.0	1240338872.0
11154948.0	1240339792.0
24041807.0	1240343488.0
40080898.0	1240348772.0
7879811.0	1240348808.0
9477568.0	1240356705.0
8276323.0	1240364415.0
55860971.0	1240385731.0
17543283.0	1240404483.0
10662326.0	1240405372.0
12540760.0	1240416023.0
39892584.0	1240421642.0
22890977.0	1240468148.0
4863039.0	1240469112.0
22479013.0	1240471785.0
12007251.0	1240501809.0
33269918.0	1240503646.0
21558437.0	1240516568.0
39341300.0	1240518776.0
53657004.0	1240546134.0
55878346.0	1240546673.0
30407464.0	1240555421.0
7857119.0	1240617027.0
14344471.0	1240664290.0
33831121.0	1240682519.0
36877925.0	1240689690.0
25897333.0	1240719101.0
14621589.0	1240736142.0
13188850.0	1240766124.0
39876733.0	1240768779.0
13524197.0	1240775910.0
46980836.0	1240789684.0
38909827.0	1240798711.0
22028316.0	1240800366.0
19784352.0	1240804476.0
22619035.0	1240805608.0
53493845.0	1240805850.0
41467718.0	1240810001.0
12922410.0	1240820736.0
6077318.0	1240821327.0
13253440.0	1240830863.0
22929410.0	1240833208.0
19470909.0	1240836066.0
12861013.0	1240837155.0
37898666.0	1240849928.0
7937589.0	1240850374.0
38305465.0	1240889273.0
37358956.0	1240896119.0
17298512.0	1240900921.0
53783099.0	1240915350.0
4164091.0	1240915711.0
33725221.0	1240917381.0
38952727.0	1240929520.0
2271552.0	1240942778.0
27021480.0	1240944982.0
41473085.0	1240975977.0
17685478.0	1240983264.0
41772744.0	1240999979.0
24476337.0	1241012207.0
40622345.0	1241066069.0
15494080.0	1241068534.0
23515800.0	1241075697.0
41366600.0	1241079187.0
157529.0	1241083754.0
14472454.0	1241099037.0
8716913.0	1241189353.0
37894476.0	1241193290.0
40910137.0	1241216149.0
37236544.0	1241246883.0
30478007.0	1241259657.0
6431914.0	1241308702.0
31941678.0	1241324668.0
70047.0	1241328129.0
10382211.0	1241333734.0
56017895.0	1241337574.0
23375455.0	1241340700.0
31369508.0	1241368498.0
42169884.0	1241384506.0
55723585.0	1241405232.0
27435174.0	1241452203.0
23202028.0	1241485528.0
20850768.0	1241506891.0
55981076.0	1241515056.0
31479139.0	1241574277.0
13916000.0	1241582687.0
16554060.0	1241604428.0
26307417.0	1241616882.0
42265672.0	1241668351.0
1348854.0	1241672501.0
26465633.0	1241732747.0
55971749.0	1241737369.0
55998958.0	1241759255.0
41788438.0	1241770526.0
24978044.0	1241771052.0
41763514.0	1241789596.0
35167494.0	1241799521.0
55712959.0	1241822561.0
37435709.0	1241883787.0
38104250.0	1241883945.0
18313463.0	1241921341.0
54464756.0	1241952788.0
43347493.0	1241958844.0
18565563.0	1241961979.0
18565563.0	1241962118.0
18565563.0	1241962201.0
55762764.0	1241980686.0
16129221.0	1241997493.0
34938066.0	1242032250.0
55750142.0	1242033519.0
28721652.0	1242059521.0
21219429.0	1242067829.0
28998534.0	1242079486.0
13420977.0	1242083286.0
15468935.0	1242105489.0
42401435.0	1242119596.0
41940190.0	1242122987.0
39913704.0	1242152173.0
7173924.0	1242158190.0
43786330.0	1242178486.0
41574011.0	1242236758.0
20626967.0	1242278535.0
30488364.0	1242291527.0
40209712.0	1242339318.0
1966726.0	1242358293.0
27435174.0	1242368418.0
13139911.0	1242376541.0
34752440.0	1242431274.0
33726854.0	1242445924.0
42971454.0	1242502439.0
51301631.0	1242542984.0
38558018.0	1242562191.0
27992425.0	1242566120.0
3486785.0	1242589251.0
37358956.0	1242612584.0
10347059.0	1242623271.0
54215102.0	1242623601.0
21507574.0	1242703885.0
48289782.0	1242705934.0
54825345.0	1242706693.0
17117212.0	1242707853.0
70105.0	1242710497.0
8202498.0	1242711982.0
12210325.0	1242713216.0
2403968.0	1242719271.0
37595102.0	1242734228.0
34828702.0	1242754954.0
27562913.0	1242761323.0
30255071.0	1242763302.0
10364628.0	1242766512.0
12705686.0	1242778419.0
5360533.0	1242817555.0
43550273.0	1242890066.0
36561421.0	1242897608.0
30135983.0	1242902003.0
44289208.0	1242912971.0
35400703.0	1242929286.0
18693042.0	1242983928.0
44995092.0	1243012115.0
9424470.0	1243055388.0
24113691.0	1243190912.0
41635360.0	1243195398.0
44272697.0	1243221306.0
41292765.0	1243235121.0
45102322.0	1243236785.0
43956837.0	1243287831.0
9966031.0	1243313334.0
7925027.0	1243338306.0
33759674.0	1243356725.0
42159419.0	1243411440.0
42159419.0	1243422411.0
55832269.0	1243429685.0
35344360.0	1243459826.0
55745775.0	1243466588.0
10186241.0	1243512029.0
33434322.0	1243513999.0
30789722.0	1243528616.0
456262.0	1243553342.0
43184707.0	1243561074.0
3603984.0	1243577934.0
23995546.0	1243585373.0
17111342.0	1243586226.0
31757969.0	1243588464.0
32828837.0	1243588756.0
33096072.0	1243605143.0
45737370.0	1243636347.0
45737370.0	1243636369.0
44361929.0	1243672679.0
10407037.0	1243726034.0
55996891.0	1243733765.0
23790514.0	1243734217.0
55919702.0	1243734289.0
24183689.0	1243747335.0
5218838.0	1243818560.0
25114895.0	1243844752.0
21719855.0	1243901584.0
56008111.0	1243911265.0
942524.0	1243918362.0
30926888.0	1243930792.0
35206106.0	1243934577.0
46169831.0	1243939541.0
18293672.0	1243947068.0
40259314.0	1243972045.0
17619444.0	1243991163.0
31987493.0	1244020773.0
30926888.0	1244027512.0
38836842.0	1244032895.0
46151077.0	1244046594.0
25374995.0	1244052146.0
24600949.0	1244053046.0
16552808.0	1244061736.0
35377723.0	1244102722.0
55683055.0	1244104292.0
12015454.0	1244127852.0
14751606.0	1244167556.0
16455054.0	1244205988.0
55769359.0	1244217608.0
56010482.0	1244217960.0
55800389.0	1244218283.0
25897333.0	1244236556.0
12968586.0	1244253482.0
34429071.0	1244372403.0
11856040.0	1244404829.0
26645144.0	1244433063.0
25897333.0	1244463830.0
34134476.0	1244583781.0
34134476.0	1244583821.0
39094321.0	1244591900.0
38610522.0	1244605091.0
44807090.0	1244610420.0
24902634.0	1244629695.0
47193095.0	1244632624.0
42969940.0	1244644023.0
3825475.0	1244652123.0
34429071.0	1244660403.0
55943999.0	1244668639.0
30006257.0	1244671363.0
38924984.0	1244708082.0
55956970.0	1244708842.0
4035022.0	1244717505.0
893951.0	1244725937.0
26965290.0	1244726042.0
17802846.0	1244767605.0
31757969.0	1244781250.0
6728654.0	1244788693.0
2672169.0	1244789446.0
32889797.0	1244795911.0
7094229.0	1244797560.0
17992571.0	1244800751.0
35458111.0	1244816599.0
34429071.0	1244833207.0
35199527.0	1244866264.0
27556563.0	1244895828.0
34021576.0	1244905787.0
21729658.0	1244913489.0
30186296.0	1244925293.0
24580442.0	1244937151.0
48326229.0	1244956614.0
17293670.0	1244960375.0
11477070.0	1244969207.0
55706087.0	1244969243.0
45539657.0	1244990640.0
34637987.0	1245000580.0
70198.0	1245004852.0
4804362.0	1245020578.0
45711188.0	1245032353.0
70200.0	1245034774.0
9117473.0	1245040449.0
11125583.0	1245052809.0
55970791.0	1245058263.0
34429071.0	1245085205.0
12243729.0	1245099217.0
21845902.0	1245099667.0
12243729.0	1245099906.0
14081214.0	1245099960.0
12243729.0	1245100302.0
12243729.0	1245100368.0
21845902.0	1245100582.0
5249025.0	1245102246.0
35458111.0	1245114791.0
39176205.0	1245122113.0
9882166.0	1245124078.0
2621882.0	1245130604.0
22001279.0	1245140429.0
39947939.0	1245148848.0
46981939.0	1245214263.0
20155330.0	1245217780.0
35458111.0	1245218888.0
37762761.0	1245225437.0
35120590.0	1245248774.0
33353242.0	1245251196.0
55850410.0	1245255115.0
44004701.0	1245261942.0
15931607.0	1245266795.0
45193014.0	1245267974.0
39706134.0	1245270663.0
24903991.0	1245271682.0
25965939.0	1245272120.0
40348565.0	1245294926.0
23360221.0	1245298749.0
49665116.0	1245299408.0
43373890.0	1245304069.0
15441774.0	1245305252.0
44560427.0	1245316304.0
39363896.0	1245318190.0
25897333.0	1245330946.0
45094527.0	1245332550.0
45095152.0	1245332551.0
44921500.0	1245332606.0
44918824.0	1245332607.0
1525670.0	1245336002.0
16251168.0	1245343026.0
44921500.0	1245361986.0
44918824.0	1245361987.0
44921500.0	1245361989.0
44918824.0	1245361990.0
44921500.0	1245361997.0
44918824.0	1245361998.0
13524175.0	1245365521.0
13155607.0	1245366477.0
41648612.0	1245366626.0
44468051.0	1245397786.0
30624515.0	1245418342.0
29514189.0	1245419042.0
40932839.0	1245424103.0
40932839.0	1245424105.0
40932839.0	1245424107.0
50316076.0	1245432637.0
44593797.0	1245438621.0
45094527.0	1245438736.0
45095152.0	1245438737.0
25897333.0	1245466030.0
7208454.0	1245483526.0
28622024.0	1245497180.0
44152748.0	1245540510.0
39448299.0	1245541157.0
11533083.0	1245548628.0
38678104.0	1245564239.0
1893247.0	1245573659.0
27842420.0	1245596079.0
47988325.0	1245626462.0
29707711.0	1245652124.0
47689284.0	1245702469.0
46892020.0	1245703776.0
37824274.0	1245723770.0
27333390.0	1245751586.0
7970613.0	1245775453.0
20537119.0	1245782198.0
17966094.0	1245785733.0
1440054.0	1245814030.0
39529582.0	1245823554.0
24243815.0	1245862631.0
41624859.0	1245881588.0
41624859.0	1245881589.0
41624859.0	1245881591.0
9931135.0	1245891616.0
15895898.0	1245893747.0
55879044.0	1245894876.0
20501973.0	1245925370.0
13572993.0	1245971928.0
40357897.0	1245981848.0
48819368.0	1245984888.0
27047058.0	1245991382.0
21868884.0	1246030548.0
21868884.0	1246033061.0
2166432.0	1246092736.0
21868884.0	1246109665.0
2714910.0	1246118207.0
48153678.0	1246129853.0
11890042.0	1246162567.0
55876318.0	1246164248.0
23882926.0	1246199952.0
41694714.0	1246238843.0
34086218.0	1246255545.0
8271368.0	1246275521.0
9216156.0	1246275741.0
32188194.0	1246275933.0
26742254.0	1246276806.0
7990179.0	1246281984.0
50316076.0	1246317364.0
17972520.0	1246362028.0
26278060.0	1246374934.0
30147414.0	1246396554.0
49002778.0	1246403446.0
5054157.0	1246419654.0
6107476.0	1246421760.0
17599993.0	1246426321.0
24231481.0	1246426957.0
50002741.0	1246427671.0
44816131.0	1246434657.0
55924329.0	1246446311.0
33470223.0	1246449951.0
43890642.0	1246456391.0
2348181.0	1246468390.0
44774217.0	1246479891.0
43936673.0	1246488646.0
44977132.0	1246512169.0
8638963.0	1246520173.0
41251515.0	1246525596.0
43181094.0	1246531977.0
21729658.0	1246607567.0
18030676.0	1246613125.0
28133594.0	1246615101.0
6105935.0	1246645121.0
48497785.0	1246691906.0
8446539.0	1246727205.0
10110200.0	1246754175.0
29369618.0	1246795369.0
36269762.0	1246797465.0
31890044.0	1246803866.0
55664819.0	1246805087.0
25910813.0	1246809223.0
53090371.0	1246810666.0
26508490.0	1246816796.0
51807200.0	1246834476.0
11919451.0	1246834828.0
15932113.0	1246835058.0
39614517.0	1246836311.0
49850952.0	1246837116.0
845888.0	1246855095.0
916275.0	1246855267.0
48606883.0	1246860251.0
22257170.0	1246875762.0
7554914.0	1246882824.0
30867025.0	1246906038.0
30177139.0	1246942363.0
40245052.0	1246946676.0
38553251.0	1246951061.0
36240805.0	1246951385.0
52488003.0	1246955475.0
9216156.0	1246960546.0
47315999.0	1246995076.0
27326025.0	1247000374.0
1619062.0	1247003435.0
41102313.0	1247005207.0
43637392.0	1247010989.0
31041130.0	1247016985.0
10215806.0	1247018531.0
9736595.0	1247018889.0
50032100.0	1247024001.0
50009319.0	1247032476.0
55843814.0	1247034710.0
41431469.0	1247063106.0
9363970.0	1247079341.0
43025148.0	1247100745.0
10013002.0	1247109909.0
10013002.0	1247114822.0
55750580.0	1247136291.0
8625856.0	1247137895.0
39830279.0	1247140136.0
33124590.0	1247149531.0
35885239.0	1247154153.0
9380715.0	1247159205.0
51055638.0	1247212170.0
24697200.0	1247229115.0
37343899.0	1247229610.0
49942640.0	1247237492.0
51053746.0	1247244729.0
45463404.0	1247281518.0
42431079.0	1247283467.0
22297035.0	1247290892.0
11629699.0	1247303870.0
45463404.0	1247321861.0
37101954.0	1247328863.0
12779769.0	1247336170.0
14593429.0	1247342714.0
38326177.0	1247343255.0
50030196.0	1247356676.0
48795448.0	1247360275.0
49198439.0	1247361075.0
31910189.0	1247373718.0
40345056.0	1247376876.0
40345056.0	1247376914.0
33981002.0	1247389237.0
40342822.0	1247441712.0
35040161.0	1247447060.0
51245999.0	1247479550.0
29366143.0	1247481424.0
13396604.0	1247481671.0
56008070.0	1247481749.0
29537320.0	1247483299.0
53578618.0	1247512457.0
16748786.0	1247543117.0
34988559.0	1247549251.0
51245999.0	1247585089.0
23711274.0	1247591677.0
47180040.0	1247601097.0
39343914.0	1247601376.0
24480922.0	1247602050.0
42693901.0	1247602355.0
51567686.0	1247610907.0
50770828.0	1247639661.0
50811170.0	1247639678.0
49229893.0	1247644532.0
39366814.0	1247645828.0
12558401.0	1247646087.0
51245999.0	1247650557.0
23069857.0	1247650867.0
8271368.0	1247657748.0
51245999.0	1247685327.0
48853661.0	1247688861.0
51245999.0	1247710309.0
48721373.0	1247713845.0
32923625.0	1247755302.0
12894181.0	1247764599.0
43300623.0	1247766547.0
13303588.0	1247770196.0
12564710.0	1247773155.0
19942407.0	1247780339.0
42195762.0	1247816334.0
43250982.0	1247819309.0
46297399.0	1247856166.0
31182792.0	1247873522.0
50758189.0	1247886862.0
55879115.0	1247899845.0
38270217.0	1247904068.0
45278605.0	1247923378.0
55734812.0	1247941892.0
41913451.0	1247950013.0
50723162.0	1247976254.0
51245999.0	1247993036.0
30591828.0	1248032595.0
50688254.0	1248038586.0
45786727.0	1248044286.0
50783645.0	1248046171.0
27524715.0	1248051753.0
51009952.0	1248059637.0
16981931.0	1248080178.0
25825444.0	1248080315.0
22490725.0	1248084030.0
51016152.0	1248156261.0
52941945.0	1248158283.0
51095103.0	1248212511.0
33042296.0	1248244427.0
18518833.0	1248251166.0
27486458.0	1248256367.0
48771865.0	1248264023.0
34036835.0	1248276648.0
48704926.0	1248277261.0
20717758.0	1248278265.0
28638713.0	1248285964.0
51866836.0	1248319979.0
16136797.0	1248328904.0
19597715.0	1248329245.0
48038809.0	1248332547.0
25093461.0	1248338218.0
51245999.0	1248373347.0
10268272.0	1248379404.0
50244457.0	1248399105.0
16206641.0	1248404645.0
27887714.0	1248417048.0
51245999.0	1248417061.0
46275667.0	1248424796.0
45647254.0	1248427926.0
15597270.0	1248443813.0
51039510.0	1248456219.0
51245999.0	1248503914.0
51024118.0	1248513819.0
8031624.0	1248527340.0
17118903.0	1248550283.0
20887551.0	1248567854.0
21014282.0	1248590109.0
16449455.0	1248594844.0
50991248.0	1248601413.0
20335711.0	1248611836.0
51245999.0	1248666458.0
44354358.0	1248672676.0
55857674.0	1248672814.0
55857674.0	1248672824.0
70443.0	1248674553.0
70443.0	1248674795.0
70443.0	1248674849.0
70443.0	1248676403.0
70443.0	1248676485.0
70443.0	1248678304.0
70443.0	1248678418.0
40561316.0	1248689289.0
36246550.0	1248696127.0
51245999.0	1248699991.0
47037877.0	1248720286.0
50758189.0	1248754433.0
52981970.0	1248770719.0
51739896.0	1248823533.0
44427906.0	1248827390.0
39013762.0	1248845854.0
12867545.0	1248853587.0
51245999.0	1248854065.0
25534830.0	1248868728.0
10180074.0	1248868840.0
51245999.0	1248886734.0
51022701.0	1248891815.0
50786354.0	1248918471.0
55861169.0	1248923129.0
55743547.0	1248930672.0
21855560.0	1248934740.0
40363705.0	1248937135.0
40363705.0	1248937282.0
52007487.0	1248951060.0
38574555.0	1248954733.0
25994799.0	1248954833.0
16357618.0	1248955446.0
42198949.0	1248961212.0
9563110.0	1248981317.0
34717883.0	1248986843.0
51245999.0	1249006408.0
31146915.0	1249027396.0
51892526.0	1249027842.0
38574555.0	1249030743.0
18475306.0	1249031686.0
18475306.0	1249034050.0
25072772.0	1249052976.0
38396811.0	1249081746.0
17620237.0	1249115377.0
51245999.0	1249126376.0
53272185.0	1249130274.0
12102496.0	1249158485.0
51375345.0	1249168099.0
55974026.0	1249168302.0
51245999.0	1249170066.0
26798269.0	1249175932.0
18964382.0	1249197941.0
19453840.0	1249236891.0
29628148.0	1249270805.0
47689284.0	1249349595.0
22988744.0	1249354127.0
30883877.0	1249360296.0
14059860.0	1249379021.0
44843640.0	1249390425.0
25652658.0	1249449249.0
70485.0	1249458740.0
55882966.0	1249551539.0
51245999.0	1249556524.0
47628950.0	1249608093.0
51245999.0	1249613010.0
50796556.0	1249621006.0
55882966.0	1249623739.0
30228473.0	1249624440.0
7672971.0	1249643737.0
14097864.0	1249652092.0
51245999.0	1249689621.0
55710746.0	1249690436.0
47429626.0	1249723219.0
11148233.0	1249773847.0
51245999.0	1249777610.0
3937298.0	1249797872.0
51245999.0	1249832595.0
13459498.0	1249876706.0
43427450.0	1249926476.0
47826423.0	1249927205.0
40357897.0	1249948688.0
24143309.0	1249955556.0
43950925.0	1249967866.0
43716528.0	1249970002.0
48043785.0	1249970415.0
24143309.0	1249985994.0
43716528.0	1249998789.0
36411309.0	1250002792.0
52093148.0	1250004555.0
27010302.0	1250017100.0
40357897.0	1250022862.0
34429071.0	1250031602.0
44928295.0	1250054645.0
51245999.0	1250065244.0
25097083.0	1250065772.0
52874721.0	1250102771.0
51245999.0	1250120362.0
3713256.0	1250154715.0
32190950.0	1250157649.0
34426787.0	1250168697.0
17796141.0	1250169057.0
51245999.0	1250187132.0
9966114.0	1250188809.0
48909550.0	1250195770.0
48909550.0	1250195795.0
43450790.0	1250199277.0
31615245.0	1250207825.0
45804763.0	1250219436.0
45804763.0	1250223045.0
51245999.0	1250232298.0
42655964.0	1250274507.0
51245999.0	1250298741.0
25481454.0	1250321752.0
32563356.0	1250357909.0
27025432.0	1250399184.0
32096004.0	1250486171.0
3557744.0	1250487518.0
44576080.0	1250519301.0
54516027.0	1250604185.0
41624859.0	1250654827.0
41624859.0	1250654829.0
41624859.0	1250654831.0
54982666.0	1250731805.0
7545351.0	1250753390.0
55148544.0	1250791563.0
54758720.0	1250803104.0
17546504.0	1250886141.0
9405222.0	1250948742.0
55366549.0	1250976457.0
54982666.0	1251029704.0
54982666.0	1251036005.0
54841153.0	1251080526.0
47690251.0	1251102392.0
47690251.0	1251102496.0
54338648.0	1251136907.0
55735402.0	1251201327.0
49363500.0	1251423562.0
54379086.0	1251483055.0
54302261.0	1251649205.0
70539.0	1251829632.0
55776870.0	1251886069.0
7398648.0	1251886238.0
1611380.0	1252054877.0
