904660.0	1207896918.0
904660.0	1207908767.0
71145.0	1207908797.0
904660.0	1207909404.0
5880219.0	1207911390.0
904660.0	1207913972.0
55702623.0	1207914567.0
2712852.0	1207915852.0
904660.0	1207916096.0
6605923.0	1207916350.0
55817873.0	1207916464.0
56024774.0	1207916712.0
761000.0	1207916735.0
55768216.0	1207916738.0
34228989.0	1207916761.0
440131.0	1207916920.0
3273952.0	1207916975.0
14375994.0	1207917007.0
51851932.0	1207917009.0
6091702.0	1207917018.0
2505468.0	1207917182.0
52669163.0	1207917183.0
55689708.0	1207917250.0
35852511.0	1207917276.0
55837141.0	1207917508.0
51851932.0	1207917600.0
962568.0	1207917614.0
407544.0	1207917727.0
2505468.0	1207917899.0
56011378.0	1207918443.0
3220265.0	1207918796.0
4062183.0	1207918935.0
1123829.0	1207919212.0
3641142.0	1207919305.0
4667953.0	1207919685.0
4667953.0	1207920018.0
53053198.0	1207920888.0
18725208.0	1207921214.0
17631161.0	1207921525.0
1281511.0	1207922021.0
1619370.0	1207922838.0
3665416.0	1207923021.0
55743188.0	1207923197.0
55743188.0	1207923473.0
55829757.0	1207923765.0
71180.0	1207923849.0
3272561.0	1207924306.0
2040866.0	1207925565.0
55655790.0	1207929716.0
40635923.0	1207930351.0
2985795.0	1207930999.0
4667953.0	1207931492.0
1046895.0	1207933371.0
904660.0	1207934328.0
849477.0	1207935664.0
4667953.0	1207936800.0
1699291.0	1207938990.0
36413057.0	1207940203.0
55771399.0	1207942106.0
55771399.0	1207942109.0
4804515.0	1207942275.0
55743188.0	1207942650.0
71191.0	1207951260.0
756681.0	1207956086.0
56001531.0	1207961315.0
54552316.0	1207966152.0
55953004.0	1207967370.0
904660.0	1207972146.0
56009279.0	1207972441.0
4667953.0	1207972626.0
1675846.0	1207972860.0
55972534.0	1207975790.0
56009279.0	1207976475.0
55972534.0	1207978434.0
4667953.0	1207981535.0
4667953.0	1207981787.0
56009279.0	1207984053.0
55458299.0	1207986225.0
1637245.0	1207987882.0
4188768.0	1207989054.0
429376.0	1207991445.0
56009279.0	1207992837.0
14355444.0	1207993918.0
393155.0	1207995511.0
56024774.0	1208002744.0
5160908.0	1208002784.0
36256939.0	1208003685.0
4201251.0	1208005206.0
54347445.0	1208011342.0
56017818.0	1208014589.0
4667953.0	1208016705.0
52524027.0	1208016985.0
2040866.0	1208020300.0
4201251.0	1208021518.0
52229156.0	1208023795.0
4667953.0	1208024809.0
1265816.0	1208051613.0
5627531.0	1208052562.0
55660999.0	1208059493.0
877237.0	1208059602.0
52524027.0	1208060150.0
55996304.0	1208061267.0
55996304.0	1208061313.0
71145.0	1208070675.0
39150580.0	1208070788.0
5880219.0	1208071490.0
55918460.0	1208074141.0
4667953.0	1208077833.0
25450829.0	1208082395.0
5352914.0	1208094272.0
6556800.0	1208094803.0
3746355.0	1208098284.0
54667186.0	1208107191.0
55699436.0	1208140647.0
45039207.0	1208144420.0
45039207.0	1208144813.0
56022970.0	1208156639.0
56022970.0	1208157463.0
34228989.0	1208160649.0
55796448.0	1208175434.0
52775543.0	1208175932.0
2040866.0	1208177644.0
5961762.0	1208183335.0
5961762.0	1208183385.0
55902055.0	1208187363.0
38009765.0	1208191124.0
904660.0	1208194309.0
904660.0	1208194825.0
904660.0	1208194980.0
904660.0	1208195394.0
5880219.0	1208209117.0
5608067.0	1208210867.0
38788850.0	1208211941.0
53168816.0	1208212980.0
51190771.0	1208214104.0
56009279.0	1208219342.0
1841671.0	1208232188.0
46240696.0	1208232549.0
31018433.0	1208233113.0
4876489.0	1208233159.0
452056.0	1208234165.0
55986222.0	1208234515.0
52635803.0	1208235087.0
52438659.0	1208236143.0
50300607.0	1208239277.0
4667953.0	1208242669.0
55739974.0	1208243764.0
27177541.0	1208244409.0
2424993.0	1208245022.0
42894755.0	1208247277.0
2424993.0	1208247960.0
4667953.0	1208250031.0
6629188.0	1208252063.0
3382544.0	1208252089.0
29904899.0	1208254364.0
55626294.0	1208259823.0
51008606.0	1208261671.0
55663546.0	1208263882.0
2784014.0	1208272827.0
55837412.0	1208273149.0
4667953.0	1208274736.0
4667953.0	1208275062.0
5880219.0	1208276036.0
55948579.0	1208277056.0
7214813.0	1208278900.0
3641142.0	1208280061.0
53446786.0	1208287548.0
56009279.0	1208295066.0
27846816.0	1208304062.0
55805713.0	1208309877.0
5411899.0	1208310122.0
29075215.0	1208312701.0
4667953.0	1208316457.0
53324007.0	1208321354.0
5880219.0	1208325170.0
4069446.0	1208325210.0
4806325.0	1208329269.0
51943531.0	1208333333.0
2780990.0	1208335645.0
47700431.0	1208337830.0
1203383.0	1208338381.0
2780990.0	1208340063.0
904660.0	1208340516.0
904660.0	1208342022.0
38036683.0	1208345700.0
2701813.0	1208345890.0
55869850.0	1208352831.0
71145.0	1208358036.0
2712852.0	1208359928.0
4667953.0	1208361367.0
7094374.0	1208362963.0
55672264.0	1208369916.0
55808333.0	1208369933.0
6425106.0	1208373441.0
55941141.0	1208382607.0
53245571.0	1208386966.0
55664019.0	1208387204.0
3334810.0	1208400288.0
4056222.0	1208400543.0
5219091.0	1208403554.0
2191238.0	1208405290.0
45064566.0	1208406915.0
55989688.0	1208408264.0
51500816.0	1208408689.0
55875523.0	1208414465.0
55705256.0	1208414713.0
904660.0	1208415820.0
55420356.0	1208415872.0
5255885.0	1208416306.0
55964196.0	1208416499.0
55799616.0	1208417078.0
5880219.0	1208417094.0
5880219.0	1208417166.0
950404.0	1208418028.0
5880219.0	1208424778.0
2771709.0	1208428687.0
4667953.0	1208429570.0
4667953.0	1208429656.0
904660.0	1208431343.0
904660.0	1208431784.0
55922557.0	1208437398.0
55922557.0	1208437603.0
46105963.0	1208437981.0
55922557.0	1208438283.0
5880219.0	1208438504.0
26670455.0	1208439380.0
2619918.0	1208439736.0
55854037.0	1208439953.0
4667953.0	1208441151.0
55989913.0	1208442179.0
2367820.0	1208442369.0
71293.0	1208449899.0
43882350.0	1208450005.0
55730350.0	1208455229.0
36256939.0	1208464195.0
1663837.0	1208469912.0
38232468.0	1208475453.0
38232468.0	1208479544.0
38232468.0	1208482872.0
135236.0	1208485783.0
55736189.0	1208487785.0
6273535.0	1208488814.0
1599969.0	1208492218.0
1599969.0	1208492316.0
49165668.0	1208493200.0
55813038.0	1208496709.0
71145.0	1208499866.0
904660.0	1208500055.0
55875052.0	1208501017.0
71145.0	1208506924.0
3122304.0	1208507140.0
53003783.0	1208510378.0
904660.0	1208516685.0
3826167.0	1208518763.0
5047247.0	1208522711.0
208233.0	1208532153.0
36318056.0	1208537554.0
904660.0	1208540083.0
6485010.0	1208563952.0
904660.0	1208579647.0
55864736.0	1208586966.0
904660.0	1208591300.0
904660.0	1208594412.0
2346078.0	1208599038.0
1117430.0	1208599576.0
51822069.0	1208603657.0
3661338.0	1208607975.0
1154126.0	1208622722.0
6880759.0	1208627368.0
55672264.0	1208634589.0
55875052.0	1208634679.0
56009109.0	1208658521.0
4791623.0	1208667407.0
53377057.0	1208676847.0
5880219.0	1208677456.0
55954387.0	1208679143.0
54918266.0	1208688508.0
1761094.0	1208690926.0
5880219.0	1208692399.0
208233.0	1208700164.0
5142522.0	1208702150.0
5142522.0	1208702310.0
443459.0	1208709976.0
1467331.0	1208710425.0
4667953.0	1208710474.0
50678093.0	1208740550.0
1798668.0	1208746408.0
4667953.0	1208748335.0
7432918.0	1208751608.0
55578363.0	1208752610.0
56015581.0	1208754610.0
4048322.0	1208755333.0
55866669.0	1208757502.0
55683037.0	1208758139.0
2712852.0	1208761086.0
904660.0	1208775269.0
30749719.0	1208781134.0
2040866.0	1208785349.0
5097024.0	1208794934.0
4667953.0	1208796871.0
904660.0	1208797821.0
3272561.0	1208843484.0
5290064.0	1208847253.0
55743188.0	1208847896.0
54508455.0	1208848124.0
1575761.0	1208861095.0
904660.0	1208865834.0
4667953.0	1208867042.0
4667953.0	1208867499.0
179106.0	1208867696.0
4667953.0	1208867927.0
4667953.0	1208868211.0
56009279.0	1208869598.0
56009279.0	1208869956.0
56009279.0	1208871282.0
2040866.0	1208871862.0
56009279.0	1208875029.0
34228989.0	1208881006.0
55743188.0	1208882787.0
3815072.0	1208883647.0
36256939.0	1208883928.0
49627046.0	1208884391.0
4667953.0	1208886570.0
39088563.0	1208888665.0
4667953.0	1208891991.0
904660.0	1208893607.0
904660.0	1208893650.0
55730350.0	1208897413.0
56009279.0	1208902109.0
3931874.0	1208908960.0
2040866.0	1208929709.0
904660.0	1208930013.0
904660.0	1208934198.0
50678093.0	1208934415.0
2349857.0	1208934837.0
27735837.0	1208935273.0
904660.0	1208935960.0
904660.0	1208941589.0
45383360.0	1208941822.0
904660.0	1208945057.0
904660.0	1208951745.0
55710145.0	1208952370.0
27721552.0	1208952563.0
155125.0	1208953653.0
4667953.0	1208954002.0
4667953.0	1208954298.0
4667953.0	1208954606.0
904660.0	1208955147.0
5880219.0	1208955150.0
904660.0	1208955795.0
2677184.0	1208960215.0
2164524.0	1208960260.0
37801073.0	1208960292.0
904660.0	1208960440.0
5880219.0	1208960866.0
4667953.0	1208970445.0
4667953.0	1208970689.0
5662020.0	1208972322.0
53914877.0	1208986399.0
55873941.0	1208996122.0
998651.0	1209010143.0
904660.0	1209010840.0
5319560.0	1209011000.0
5319560.0	1209011457.0
904660.0	1209014973.0
7139123.0	1209015764.0
904660.0	1209016202.0
904660.0	1209017150.0
904660.0	1209017246.0
904660.0	1209021072.0
904660.0	1209021152.0
2627880.0	1209021273.0
37767829.0	1209021657.0
6060907.0	1209023289.0
55730350.0	1209023478.0
34573025.0	1209025822.0
904660.0	1209025889.0
904660.0	1209026111.0
904660.0	1209026501.0
5880219.0	1209026541.0
55782925.0	1209028471.0
5880219.0	1209028632.0
904660.0	1209028917.0
904660.0	1209030031.0
52213436.0	1209032107.0
904660.0	1209033336.0
2602688.0	1209034065.0
904660.0	1209034708.0
4667953.0	1209034960.0
5880219.0	1209035120.0
904660.0	1209035168.0
6037590.0	1209037012.0
6037590.0	1209037334.0
5880219.0	1209040319.0
6060907.0	1209058510.0
55791894.0	1209063153.0
755698.0	1209077983.0
55143711.0	1209089570.0
532127.0	1209089627.0
55803316.0	1209095377.0
6060907.0	1209102446.0
904660.0	1209106324.0
5880219.0	1209107349.0
904660.0	1209108088.0
904660.0	1209109920.0
55947114.0	1209113606.0
6602151.0	1209115016.0
54936651.0	1209118450.0
36256939.0	1209119423.0
904660.0	1209123217.0
55931615.0	1209123568.0
904660.0	1209123791.0
904660.0	1209124055.0
71369.0	1209126370.0
4667953.0	1209128437.0
904660.0	1209130749.0
55800772.0	1209133450.0
2040866.0	1209138035.0
6733357.0	1209143228.0
56002103.0	1209170574.0
50678093.0	1209173317.0
904660.0	1209178908.0
6037590.0	1209191201.0
6037590.0	1209194056.0
6037590.0	1209194237.0
4667953.0	1209209805.0
55875523.0	1209214049.0
7547450.0	1209215318.0
2233989.0	1209217670.0
2781306.0	1209223146.0
55712239.0	1209223885.0
5880219.0	1209225896.0
443459.0	1209233857.0
5880219.0	1209234410.0
52212821.0	1209242546.0
56009279.0	1209248942.0
56009279.0	1209249030.0
5447663.0	1209277640.0
54932116.0	1209326165.0
53859769.0	1209344544.0
2424993.0	1209358524.0
2639974.0	1209359406.0
54932116.0	1209361024.0
904660.0	1209362550.0
56009279.0	1209372531.0
6837354.0	1209375543.0
904660.0	1209376412.0
6865729.0	1209379355.0
1160369.0	1209382692.0
6217072.0	1209383244.0
56019001.0	1209383520.0
55967400.0	1209383604.0
904660.0	1209385015.0
55967400.0	1209385388.0
29761778.0	1209386653.0
6733357.0	1209388170.0
55769798.0	1209391859.0
47265602.0	1209392614.0
71388.0	1209394627.0
55842364.0	1209399218.0
7856041.0	1209399258.0
37817283.0	1209400906.0
55406094.0	1209409152.0
11273092.0	1209410693.0
1431440.0	1209411780.0
6430923.0	1209428389.0
55663165.0	1209433894.0
55791894.0	1209434012.0
55846206.0	1209434381.0
55766423.0	1209438118.0
4667953.0	1209438431.0
4667953.0	1209439715.0
46575449.0	1209439932.0
55749560.0	1209442264.0
55842573.0	1209442271.0
56009279.0	1209443298.0
54261105.0	1209444714.0
54261105.0	1209445154.0
3535574.0	1209445993.0
56025361.0	1209453486.0
55941311.0	1209453940.0
54608848.0	1209454142.0
5901361.0	1209454291.0
55957669.0	1209459983.0
904660.0	1209462632.0
904660.0	1209462661.0
904660.0	1209462684.0
55703939.0	1209463393.0
5880219.0	1209463656.0
904660.0	1209464541.0
7420865.0	1209464584.0
7375598.0	1209467102.0
55714558.0	1209468359.0
2502681.0	1209468965.0
904660.0	1209469589.0
904660.0	1209471208.0
3654975.0	1209471294.0
56011699.0	1209472169.0
4667953.0	1209474703.0
54755137.0	1209476634.0
4882654.0	1209489741.0
55733688.0	1209491865.0
3311869.0	1209493499.0
8175646.0	1209494131.0
54070625.0	1209501291.0
25555672.0	1209502539.0
55717771.0	1209503272.0
6037590.0	1209504671.0
29237930.0	1209505024.0
6652601.0	1209507112.0
3821212.0	1209514766.0
12829930.0	1209517146.0
1377761.0	1209517237.0
2603268.0	1209518602.0
5604863.0	1209518632.0
55658940.0	1209528353.0
7903582.0	1209528933.0
875299.0	1209531034.0
55865938.0	1209531098.0
129329.0	1209532057.0
54070625.0	1209536779.0
25555672.0	1209537376.0
3530219.0	1209539962.0
5880219.0	1209540163.0
6688777.0	1209540792.0
7958527.0	1209540869.0
41092433.0	1209542859.0
169857.0	1209548433.0
5880219.0	1209551954.0
55935166.0	1209552567.0
55935166.0	1209552621.0
4667953.0	1209554087.0
55746626.0	1209554152.0
51822069.0	1209554941.0
3647973.0	1209562752.0
6115546.0	1209565256.0
71440.0	1209570836.0
54017701.0	1209581349.0
773395.0	1209586665.0
2102197.0	1209592588.0
1239065.0	1209593601.0
904660.0	1209620493.0
6414467.0	1209620794.0
904660.0	1209623287.0
3530219.0	1209626739.0
904660.0	1209629530.0
55804047.0	1209632881.0
49178028.0	1209634776.0
30558724.0	1209638554.0
904660.0	1209640112.0
50050731.0	1209641211.0
55408001.0	1209643620.0
5880219.0	1209645528.0
56024774.0	1209653305.0
6877792.0	1209697072.0
55889411.0	1209698466.0
2048184.0	1209699976.0
55792374.0	1209701853.0
55901014.0	1209702077.0
55774265.0	1209704553.0
48613306.0	1209704739.0
3936853.0	1209705947.0
5331943.0	1209710580.0
55875052.0	1209711910.0
5880219.0	1209713965.0
30096047.0	1209717277.0
6892025.0	1209721363.0
56009279.0	1209721934.0
56009279.0	1209723365.0
574246.0	1209724330.0
7139123.0	1209747322.0
53874492.0	1209765133.0
4889453.0	1209776220.0
55803316.0	1209786604.0
36256939.0	1209810223.0
904660.0	1209812099.0
36256939.0	1209812364.0
7988983.0	1209814778.0
7988983.0	1209816555.0
2354509.0	1209818355.0
55944622.0	1209821870.0
53324007.0	1209822041.0
7988983.0	1209822063.0
7988983.0	1209822064.0
46658359.0	1209822762.0
8403372.0	1209824077.0
55705629.0	1209833662.0
5880219.0	1209833773.0
51822069.0	1209835654.0
55705629.0	1209838036.0
55820310.0	1209846246.0
56009279.0	1209864625.0
1430012.0	1209874371.0
1083172.0	1209892737.0
55778130.0	1209893690.0
50633569.0	1209897478.0
55928617.0	1209897479.0
5290064.0	1209903354.0
8323334.0	1209904423.0
42277653.0	1209913972.0
4667953.0	1209916863.0
42277653.0	1209917183.0
2335199.0	1209934445.0
2607289.0	1209940337.0
574246.0	1209950776.0
1802865.0	1209951461.0
55989427.0	1209952956.0
5965991.0	1209956839.0
55857306.0	1209958413.0
53838023.0	1209960754.0
55991101.0	1209963190.0
5880219.0	1209969076.0
8215568.0	1209974380.0
46658359.0	1209975639.0
2600688.0	1209981795.0
6425048.0	1209984514.0
53603150.0	1209987375.0
55898132.0	1209989586.0
51142305.0	1209989695.0
54254418.0	1209989702.0
46283230.0	1209989868.0
51936587.0	1209989947.0
55898132.0	1209990915.0
52157397.0	1209991719.0
5800902.0	1209993937.0
574246.0	1209995982.0
1672356.0	1209997966.0
5521951.0	1209998290.0
56017683.0	1209999099.0
50050731.0	1210010915.0
3535574.0	1210011102.0
3535574.0	1210014694.0
55725502.0	1210019207.0
1083172.0	1210025474.0
54552316.0	1210030479.0
6580935.0	1210046157.0
50640897.0	1210046671.0
6592913.0	1210047745.0
51883298.0	1210048816.0
3766153.0	1210051604.0
35560818.0	1210052179.0
55814996.0	1210060328.0
55339588.0	1210061207.0
2627880.0	1210066808.0
55785302.0	1210071115.0
3866256.0	1210071418.0
4063048.0	1210074391.0
758476.0	1210079404.0
4063048.0	1210080181.0
55698610.0	1210090681.0
55861937.0	1210102344.0
9374809.0	1210110748.0
53561208.0	1210114126.0
71511.0	1210123731.0
35140533.0	1210134839.0
55682000.0	1210143280.0
48615895.0	1210143427.0
4908957.0	1210152626.0
4667953.0	1210155295.0
4667953.0	1210155436.0
4667953.0	1210156341.0
34296374.0	1210161372.0
52193412.0	1210169594.0
5771616.0	1210173250.0
20747902.0	1210173876.0
37637917.0	1210174636.0
50418727.0	1210179065.0
50418727.0	1210179472.0
6920010.0	1210182714.0
5166375.0	1210193354.0
55693384.0	1210207750.0
54273935.0	1210210475.0
956723.0	1210215788.0
169857.0	1210233537.0
1433270.0	1210236031.0
55660830.0	1210236383.0
4297916.0	1210239876.0
34228989.0	1210240919.0
5880219.0	1210243449.0
52213436.0	1210251242.0
1611149.0	1210254236.0
55839494.0	1210255650.0
55668212.0	1210256837.0
55989688.0	1210260186.0
5880219.0	1210262441.0
4846453.0	1210271403.0
1542818.0	1210272557.0
4692254.0	1210273492.0
55728815.0	1210275912.0
42129269.0	1210276691.0
5456129.0	1210279441.0
4992426.0	1210304873.0
1776562.0	1210313506.0
55905329.0	1210316209.0
55905329.0	1210318646.0
50974946.0	1210319008.0
7533728.0	1210323307.0
5880219.0	1210323775.0
55905329.0	1210324324.0
35232587.0	1210334096.0
2704245.0	1210334450.0
56009279.0	1210334622.0
55896372.0	1210334946.0
55827501.0	1210349916.0
826230.0	1210356113.0
44375203.0	1210359614.0
6718841.0	1210372813.0
56009279.0	1210375477.0
56009279.0	1210377715.0
56003005.0	1210380595.0
53421094.0	1210381982.0
7454098.0	1210389576.0
1440797.0	1210389716.0
7881052.0	1210390487.0
6482543.0	1210397205.0
2029767.0	1210398038.0
53287199.0	1210404272.0
55898132.0	1210404405.0
56025593.0	1210409020.0
50387199.0	1210409227.0
55968130.0	1210413422.0
43018154.0	1210417347.0
53168816.0	1210433606.0
55012820.0	1210442857.0
51411195.0	1210474363.0
8838033.0	1210475225.0
4075580.0	1210490031.0
56026023.0	1210494343.0
6655595.0	1210501362.0
6982776.0	1210512697.0
6982776.0	1210512917.0
40924454.0	1210515037.0
8321089.0	1210523349.0
8508939.0	1210526050.0
52726058.0	1210528541.0
55960988.0	1210543103.0
8188688.0	1210545091.0
8932319.0	1210548188.0
591493.0	1210548586.0
55730045.0	1210551837.0
6978541.0	1210553054.0
55895259.0	1210558843.0
55882091.0	1210560711.0
56009279.0	1210562362.0
55954804.0	1210563068.0
55932060.0	1210564556.0
55948004.0	1210566876.0
53442723.0	1210569896.0
54018578.0	1210570786.0
2708.0	1210571294.0
54004664.0	1210574411.0
4889651.0	1210578494.0
6978462.0	1210579543.0
48442432.0	1210579658.0
55839667.0	1210580588.0
55700379.0	1210580666.0
7855470.0	1210581050.0
7855470.0	1210581373.0
55685999.0	1210585720.0
55693339.0	1210591779.0
56002839.0	1210597812.0
55693339.0	1210614237.0
55990004.0	1210627098.0
43478568.0	1210630520.0
2485553.0	1210643662.0
2427162.0	1210658023.0
53355510.0	1210660021.0
48715855.0	1210663105.0
846266.0	1210669502.0
9052775.0	1210678239.0
8274139.0	1210685383.0
2776200.0	1210688571.0
4802837.0	1210688580.0
33420656.0	1210690814.0
3909276.0	1210690838.0
3909276.0	1210690873.0
55804461.0	1210690979.0
744911.0	1210691010.0
5650404.0	1210691021.0
55831692.0	1210692302.0
55831692.0	1210695125.0
179647.0	1210695668.0
52635803.0	1210696841.0
71601.0	1210700098.0
55877593.0	1210701769.0
45425810.0	1210702674.0
7737206.0	1210703267.0
6985705.0	1210709754.0
55992014.0	1210714635.0
55980329.0	1210722413.0
55189671.0	1210724099.0
6303572.0	1210724192.0
3652387.0	1210724194.0
55189671.0	1210726718.0
55989913.0	1210738502.0
56018902.0	1210739879.0
8667090.0	1210740356.0
8322060.0	1210743246.0
8686123.0	1210743680.0
55761786.0	1210743811.0
50921797.0	1210743842.0
6985705.0	1210744201.0
787098.0	1210744351.0
3530219.0	1210745813.0
54645367.0	1210749338.0
55877593.0	1210750494.0
34228989.0	1210751973.0
43419399.0	1210752069.0
55989913.0	1210752379.0
52187497.0	1210752877.0
2712852.0	1210753952.0
8100190.0	1210759194.0
45424417.0	1210759195.0
8685374.0	1210759751.0
55674788.0	1210759861.0
5142522.0	1210760926.0
55992014.0	1210760932.0
6887094.0	1210763099.0
135338.0	1210765653.0
2605439.0	1210766424.0
6743489.0	1210768560.0
55733110.0	1210769138.0
55771697.0	1210779066.0
25775524.0	1210785173.0
418679.0	1210785336.0
55651704.0	1210792885.0
55871419.0	1210800060.0
7231224.0	1210803546.0
9046940.0	1210805868.0
1186615.0	1210810515.0
5512103.0	1210817319.0
5512103.0	1210817344.0
55860739.0	1210820268.0
1798668.0	1210821799.0
443459.0	1210827646.0
4835643.0	1210827920.0
8461197.0	1210828670.0
47986488.0	1210829858.0
8608124.0	1210832550.0
55997254.0	1210832957.0
55256314.0	1210833704.0
758476.0	1210837364.0
8236607.0	1210841574.0
8204199.0	1210843251.0
55660830.0	1210843435.0
427431.0	1210843979.0
34038434.0	1210845113.0
910271.0	1210850682.0
1493984.0	1210856576.0
1493984.0	1210856594.0
55989427.0	1210859485.0
6623975.0	1210864537.0
52157397.0	1210864666.0
1721689.0	1210869465.0
6029769.0	1210870139.0
4667953.0	1210872474.0
55982971.0	1210875376.0
71652.0	1210885896.0
1156585.0	1210890728.0
55809205.0	1210891160.0
52254792.0	1210892170.0
2403232.0	1210899408.0
55954372.0	1210916970.0
16381542.0	1210919799.0
5952236.0	1210922142.0
8132724.0	1210923156.0
6284802.0	1210932785.0
55989688.0	1210933326.0
71652.0	1210934643.0
8759058.0	1210935072.0
6606802.0	1210936524.0
4102292.0	1210939583.0
7989407.0	1210941174.0
55960988.0	1210942353.0
55839667.0	1210944669.0
51718846.0	1210945014.0
51718846.0	1210945769.0
52254792.0	1210979406.0
43505423.0	1210986254.0
5880219.0	1210994436.0
6481689.0	1210995903.0
2356206.0	1211001907.0
3582499.0	1211008201.0
1157322.0	1211019981.0
2182659.0	1211022700.0
9374248.0	1211027749.0
3418554.0	1211035406.0
52887029.0	1211040217.0
3820576.0	1211043864.0
56006782.0	1211065803.0
55888937.0	1211067966.0
15930865.0	1211070696.0
55904538.0	1211073523.0
55927766.0	1211075088.0
55973984.0	1211087837.0
8001976.0	1211090999.0
8001976.0	1211091014.0
8001976.0	1211091025.0
55862985.0	1211091374.0
55895147.0	1211092700.0
5290064.0	1211099963.0
1602136.0	1211112031.0
2289323.0	1211129728.0
50326976.0	1211135019.0
1602136.0	1211145000.0
55924492.0	1211151867.0
44625323.0	1211158529.0
55846206.0	1211160924.0
1542818.0	1211170474.0
8682573.0	1211170582.0
55792374.0	1211174456.0
50326976.0	1211175607.0
8362056.0	1211178456.0
44946018.0	1211178465.0
8112616.0	1211179257.0
55947697.0	1211182521.0
56009279.0	1211183701.0
6525725.0	1211184853.0
1574915.0	1211186837.0
51414936.0	1211189142.0
36256939.0	1211190305.0
55973595.0	1211190470.0
55962571.0	1211192356.0
55938924.0	1211193005.0
7457164.0	1211194533.0
30096047.0	1211196876.0
5116749.0	1211197028.0
1636037.0	1211203240.0
55339588.0	1211204423.0
55640482.0	1211206008.0
37593352.0	1211214130.0
8833361.0	1211220937.0
2820489.0	1211223351.0
2637037.0	1211225820.0
20525817.0	1211244452.0
20525817.0	1211244466.0
9481398.0	1211249431.0
757077.0	1211252026.0
3134567.0	1211252627.0
71711.0	1211253371.0
55882560.0	1211257723.0
55734457.0	1211260019.0
49367948.0	1211262647.0
4214825.0	1211263032.0
6233779.0	1211264826.0
4019461.0	1211265553.0
2505468.0	1211265558.0
4667953.0	1211265929.0
535243.0	1211266978.0
8585414.0	1211266997.0
1426837.0	1211269121.0
6728010.0	1211273549.0
6728010.0	1211273584.0
55984924.0	1211273636.0
1487150.0	1211276709.0
56011157.0	1211277279.0
52533519.0	1211283839.0
20525817.0	1211291420.0
6728249.0	1211293695.0
55660283.0	1211296304.0
5662020.0	1211296999.0
2320241.0	1211302698.0
2915467.0	1211310079.0
1290226.0	1211314412.0
55916693.0	1211319429.0
9571298.0	1211326942.0
56009279.0	1211327994.0
37929829.0	1211330948.0
6913488.0	1211337724.0
55420356.0	1211341718.0
55781741.0	1211346157.0
52890019.0	1211348044.0
55769798.0	1211349675.0
34308682.0	1211352623.0
56009279.0	1211353533.0
56009279.0	1211353537.0
55736189.0	1211358549.0
3513054.0	1211361535.0
4824376.0	1211364304.0
6096035.0	1211366608.0
120559.0	1211366818.0
38134554.0	1211369165.0
956723.0	1211375458.0
71741.0	1211376474.0
55784041.0	1211377039.0
3274634.0	1211379190.0
2712852.0	1211380653.0
23154404.0	1211392500.0
56017683.0	1211392628.0
54913410.0	1211397876.0
1390526.0	1211411370.0
53481509.0	1211415284.0
55699894.0	1211427913.0
2782082.0	1211430054.0
7560787.0	1211431091.0
1389453.0	1211432536.0
11449956.0	1211432769.0
4814960.0	1211434550.0
56009279.0	1211435733.0
55984494.0	1211436358.0
5140568.0	1211439750.0
35834926.0	1211446408.0
39770252.0	1211448649.0
55950464.0	1211448882.0
51032834.0	1211456139.0
1061298.0	1211458757.0
30595341.0	1211460787.0
6746555.0	1211460805.0
6705947.0	1211462360.0
7855470.0	1211463781.0
55937371.0	1211472461.0
6029769.0	1211476271.0
55965157.0	1211481275.0
135587.0	1211487530.0
5366791.0	1211495037.0
51103578.0	1211498757.0
2337580.0	1211501058.0
4071755.0	1211508905.0
2117391.0	1211516598.0
21086366.0	1211528831.0
9374850.0	1211537509.0
56008855.0	1211538694.0
6733357.0	1211540984.0
55764155.0	1211540995.0
4667953.0	1211541263.0
4914101.0	1211542852.0
56000367.0	1211544710.0
56000367.0	1211544793.0
55968803.0	1211593797.0
51059564.0	1211611722.0
50822719.0	1211613964.0
42137749.0	1211616011.0
52013016.0	1211617769.0
3379050.0	1211625548.0
55682000.0	1211637156.0
2721936.0	1211639178.0
529031.0	1211640497.0
9049647.0	1211641800.0
55693965.0	1211642514.0
35852511.0	1211648052.0
6733357.0	1211648454.0
55891442.0	1211668330.0
8416197.0	1211690507.0
5142522.0	1211710708.0
9255202.0	1211727219.0
49959591.0	1211727600.0
1157255.0	1211730767.0
529031.0	1211733331.0
43417450.0	1211735293.0
53847465.0	1211737811.0
1082009.0	1211748356.0
29302866.0	1211749216.0
55954587.0	1211750976.0
55891442.0	1211753457.0
55736189.0	1211754355.0
5880219.0	1211776284.0
5243837.0	1211777376.0
7235908.0	1211779036.0
1390526.0	1211783261.0
1082009.0	1211785759.0
3659567.0	1211788020.0
4864997.0	1211788621.0
55971074.0	1211790576.0
126425.0	1211798251.0
36256939.0	1211801210.0
2712628.0	1211806873.0
1531736.0	1211819562.0
1053451.0	1211849206.0
7547236.0	1211851070.0
55960006.0	1211855863.0
55919027.0	1211861648.0
7547236.0	1211867924.0
55874638.0	1211869756.0
55666804.0	1211871292.0
55747753.0	1211877909.0
6769798.0	1211879157.0
7961268.0	1211879665.0
56009279.0	1211890288.0
51921627.0	1211891694.0
1537142.0	1211893131.0
5621691.0	1211909188.0
6056645.0	1211915967.0
55129475.0	1211916976.0
6029769.0	1211924110.0
6274056.0	1211933067.0
7228633.0	1211934175.0
55760289.0	1211938801.0
3502423.0	1211939826.0
7896785.0	1211943958.0
55904538.0	1211945606.0
49602399.0	1211955946.0
8395830.0	1211959162.0
8395830.0	1211959211.0
2712852.0	1211961467.0
56027345.0	1211965578.0
55776334.0	1211966163.0
55776334.0	1211967242.0
51966826.0	1211973248.0
3818530.0	1211973949.0
3833585.0	1211974164.0
55960988.0	1211978440.0
51403159.0	1211999225.0
55899566.0	1211999961.0
9211893.0	1212019762.0
51966826.0	1212027718.0
9906787.0	1212027936.0
32963892.0	1212030027.0
9264078.0	1212030662.0
22085540.0	1212031295.0
55845117.0	1212034316.0
8461197.0	1212036164.0
3515727.0	1212038716.0
4667953.0	1212042427.0
55872918.0	1212047546.0
43478568.0	1212049239.0
2797436.0	1212052299.0
17591347.0	1212057441.0
9395869.0	1212058746.0
5114090.0	1212072180.0
53574297.0	1212072432.0
2795151.0	1212088934.0
52968987.0	1212102253.0
51883298.0	1212105164.0
55984494.0	1212107982.0
3500025.0	1212110970.0
23448966.0	1212116400.0
5144325.0	1212127574.0
423460.0	1212130187.0
3339853.0	1212135841.0
55951528.0	1212136278.0
6874495.0	1212143015.0
805574.0	1212148187.0
2402103.0	1212160080.0
36045855.0	1212169727.0
6985705.0	1212170635.0
56009279.0	1212190949.0
9248018.0	1212192571.0
55682529.0	1212199213.0
56003594.0	1212208640.0
54129268.0	1212239500.0
9388161.0	1212244603.0
55838724.0	1212262694.0
54129268.0	1212262701.0
411943.0	1212262711.0
55943846.0	1212281378.0
1082009.0	1212308708.0
3855813.0	1212313186.0
37352953.0	1212321663.0
48442432.0	1212332895.0
218335.0	1212335406.0
55856393.0	1212348799.0
55863908.0	1212352597.0
6930622.0	1212366876.0
55974134.0	1212389209.0
8005686.0	1212393515.0
7162182.0	1212396008.0
9797461.0	1212402925.0
55814100.0	1212407427.0
3652624.0	1212415639.0
6129258.0	1212418540.0
55920478.0	1212423318.0
53810331.0	1212439248.0
55971074.0	1212449995.0
51522901.0	1212457582.0
8973639.0	1212468921.0
1082009.0	1212469945.0
8319020.0	1212472279.0
1798809.0	1212475333.0
55808964.0	1212476310.0
8003952.0	1212477018.0
29520070.0	1212477947.0
8150100.0	1212478852.0
3877882.0	1212481368.0
2625356.0	1212483404.0
7215956.0	1212484785.0
55768881.0	1212493648.0
55717446.0	1212493803.0
55863908.0	1212497491.0
939859.0	1212506983.0
53670426.0	1212510793.0
55989688.0	1212510924.0
26670455.0	1212513068.0
129329.0	1212513891.0
5470938.0	1212519650.0
5773877.0	1212524295.0
55820264.0	1212525082.0
2978019.0	1212525140.0
275963.0	1212525624.0
1430185.0	1212529649.0
39414332.0	1212532508.0
50184224.0	1212532607.0
50418727.0	1212534573.0
4800559.0	1212535054.0
8087569.0	1212542084.0
20525817.0	1212547645.0
5344616.0	1212550889.0
9214331.0	1212554014.0
5319725.0	1212555934.0
10044243.0	1212557273.0
2501802.0	1212557500.0
55874303.0	1212557996.0
2128827.0	1212558562.0
7235908.0	1212562074.0
6380167.0	1212562489.0
52281060.0	1212563709.0
6217749.0	1212570932.0
744911.0	1212571461.0
35986970.0	1212573189.0
56011157.0	1212578112.0
55994320.0	1212578124.0
55761003.0	1212578575.0
51518724.0	1212578841.0
53008711.0	1212582663.0
55808553.0	1212587307.0
55960555.0	1212594076.0
7539471.0	1212594378.0
56025361.0	1212611452.0
56025361.0	1212611727.0
36806599.0	1212625409.0
36316385.0	1212633630.0
9938410.0	1212634055.0
7683127.0	1212639328.0
36316385.0	1212642083.0
55734275.0	1212643677.0
6390076.0	1212644531.0
69118.0	1212647148.0
56009279.0	1212653597.0
6525725.0	1212665232.0
1493984.0	1212665697.0
36256939.0	1212667475.0
36256939.0	1212667993.0
6839518.0	1212668440.0
54303505.0	1212674073.0
3193791.0	1212677734.0
5530031.0	1212690700.0
6037975.0	1212698505.0
56023418.0	1212718598.0
49919441.0	1212722714.0
5290064.0	1212727811.0
3513054.0	1212731258.0
30096047.0	1212731440.0
55678927.0	1212744807.0
51522901.0	1212745217.0
53820201.0	1212746128.0
6385017.0	1212746185.0
53009177.0	1212746566.0
7274314.0	1212747511.0
55863848.0	1212752277.0
55820264.0	1212760529.0
55820264.0	1212770317.0
52849312.0	1212771323.0
7694174.0	1212779262.0
3905194.0	1212780492.0
55971894.0	1212780931.0
50418727.0	1212783089.0
4056946.0	1212784483.0
55930019.0	1212812125.0
55714558.0	1212813863.0
36045855.0	1212823412.0
36256939.0	1212823925.0
6913266.0	1212826826.0
601354.0	1212830117.0
3509848.0	1212839316.0
10266206.0	1212847469.0
7745113.0	1212849369.0
51074833.0	1212849811.0
1615297.0	1212851303.0
5142522.0	1212852006.0
9045115.0	1212855868.0
936329.0	1212861143.0
6564938.0	1212863022.0
55952090.0	1212870381.0
22290623.0	1212881027.0
55653678.0	1212896017.0
10402116.0	1212901796.0
3905194.0	1212901967.0
7130966.0	1212904447.0
5188937.0	1212910903.0
527795.0	1212913292.0
6444825.0	1212915954.0
13945975.0	1212918220.0
56009279.0	1212923182.0
55528819.0	1212929681.0
52184759.0	1212939396.0
10478203.0	1212940296.0
1299157.0	1212940421.0
56002189.0	1212940632.0
120559.0	1212940771.0
55823602.0	1212941043.0
35754713.0	1212941850.0
56012262.0	1212942451.0
55713730.0	1212942636.0
50322038.0	1212943233.0
3291392.0	1212943266.0
849477.0	1212943304.0
2639061.0	1212944009.0
71962.0	1212944206.0
55423594.0	1212944546.0
21393192.0	1212944594.0
53743547.0	1212944778.0
55666858.0	1212945588.0
55960988.0	1212946484.0
9760477.0	1212946512.0
55936015.0	1212947299.0
54482332.0	1212948709.0
9913196.0	1212948756.0
5996553.0	1212948791.0
1966594.0	1212949286.0
9908340.0	1212950866.0
55952199.0	1212951002.0
55842716.0	1212951710.0
56028736.0	1212952148.0
71977.0	1212952498.0
10346266.0	1212953539.0
5887379.0	1212953574.0
41016191.0	1212955578.0
55871419.0	1212956128.0
55676977.0	1212956900.0
56009279.0	1212956928.0
54773539.0	1212958238.0
8003952.0	1212959338.0
883330.0	1212959665.0
1967924.0	1212961192.0
9014961.0	1212961925.0
2784014.0	1212962078.0
2173992.0	1212963230.0
6444825.0	1212963462.0
8608029.0	1212963931.0
45342400.0	1212964252.0
773086.0	1212964893.0
3129682.0	1212966787.0
31359030.0	1212967165.0
2027662.0	1212967401.0
54018578.0	1212967438.0
55703400.0	1212967570.0
35085065.0	1212967639.0
55703400.0	1212967742.0
55731430.0	1212968134.0
6727755.0	1212968913.0
55950231.0	1212969094.0
904660.0	1212969820.0
55904538.0	1212970157.0
10238335.0	1212970354.0
4824650.0	1212970388.0
6271505.0	1212970659.0
56013950.0	1212971444.0
55092916.0	1212971684.0
42197638.0	1212973468.0
55148146.0	1212973708.0
55648203.0	1212975742.0
55682181.0	1212975860.0
53352092.0	1212976708.0
1415670.0	1212976776.0
46982161.0	1212977911.0
6011507.0	1212978288.0
6011507.0	1212978378.0
2637037.0	1212978637.0
38618430.0	1212979153.0
8322383.0	1212979226.0
55723503.0	1212979798.0
55813714.0	1212979928.0
4138484.0	1212980361.0
55883018.0	1212980523.0
5290064.0	1212980755.0
34228989.0	1212980941.0
55867553.0	1212981118.0
2366296.0	1212981708.0
34228989.0	1212981770.0
5660845.0	1212981826.0
55621525.0	1212982388.0
55725502.0	1212982432.0
55723503.0	1212983272.0
7480000.0	1212983724.0
7994867.0	1212983839.0
55753677.0	1212985210.0
3822360.0	1212985244.0
55811585.0	1212985363.0
53323563.0	1212985523.0
55723396.0	1212985545.0
942928.0	1212985558.0
9083014.0	1212985677.0
54082096.0	1212986362.0
72029.0	1212986650.0
55702337.0	1212986884.0
1602421.0	1212986886.0
1236427.0	1212987034.0
53320989.0	1212987136.0
55968000.0	1212987311.0
35708378.0	1212987338.0
5875902.0	1212987505.0
5875902.0	1212987510.0
55836705.0	1212987527.0
1894632.0	1212987536.0
1699479.0	1212987554.0
4821460.0	1212987642.0
55127472.0	1212987673.0
38618575.0	1212987724.0
53114532.0	1212988157.0
1406895.0	1212988428.0
55921239.0	1212989412.0
843028.0	1212989803.0
26198228.0	1212990187.0
2363964.0	1212990368.0
54779627.0	1212990598.0
2583518.0	1212990631.0
55742679.0	1212990720.0
53240401.0	1212990991.0
3703622.0	1212991002.0
3025530.0	1212991243.0
45849245.0	1212991260.0
54273935.0	1212991367.0
3819143.0	1212991422.0
7071116.0	1212991796.0
55701901.0	1212992000.0
55876936.0	1212992034.0
46659543.0	1212992082.0
55714711.0	1212992099.0
55662860.0	1212992315.0
3935553.0	1212992725.0
9817906.0	1212992729.0
45817643.0	1212992832.0
53670426.0	1212992958.0
43063834.0	1212993189.0
10340256.0	1212993717.0
55666167.0	1212993927.0
54040969.0	1212993969.0
55705256.0	1212994052.0
1826975.0	1212994505.0
55920234.0	1212994648.0
55791586.0	1212995242.0
49995716.0	1212995254.0
55471100.0	1212995279.0
1006802.0	1212995653.0
55757619.0	1212996087.0
411715.0	1212996105.0
411715.0	1212996212.0
55488351.0	1212996233.0
28518669.0	1212996323.0
53874740.0	1212996360.0
5522134.0	1212996460.0
38788109.0	1212996568.0
55863908.0	1212997281.0
756091.0	1212997434.0
55994373.0	1212997520.0
10118972.0	1212997557.0
55773522.0	1212997609.0
22373355.0	1212997769.0
55979042.0	1212997804.0
3843181.0	1212997905.0
49899045.0	1212998178.0
55888272.0	1212998307.0
3665037.0	1212998506.0
3227395.0	1212998756.0
55967485.0	1212998900.0
45817643.0	1212999200.0
1849590.0	1212999421.0
3827641.0	1212999611.0
13959240.0	1212999790.0
55867802.0	1212999810.0
1763409.0	1213000068.0
1212234.0	1213000091.0
2983465.0	1213000195.0
3535676.0	1213000267.0
55843688.0	1213000332.0
55868904.0	1213000362.0
55488351.0	1213000428.0
55955198.0	1213000444.0
164019.0	1213000579.0
55739009.0	1213000813.0
10404384.0	1213000932.0
2829125.0	1213001028.0
53574297.0	1213001522.0
55972478.0	1213001528.0
55950418.0	1213001880.0
5117088.0	1213002038.0
72102.0	1213002183.0
8717436.0	1213002620.0
55828501.0	1213002911.0
6444825.0	1213003735.0
6892025.0	1213005811.0
55761003.0	1213005845.0
3179968.0	1213007553.0
7671772.0	1213011046.0
4019461.0	1213012231.0
2505468.0	1213012235.0
2712628.0	1213019310.0
55975037.0	1213020014.0
6977965.0	1213021604.0
5806650.0	1213031586.0
55982971.0	1213035841.0
904660.0	1213054385.0
3766393.0	1213065886.0
6455716.0	1213068942.0
34228989.0	1213072431.0
54475997.0	1213075447.0
8014252.0	1213082419.0
55481498.0	1213085052.0
55872931.0	1213085391.0
3870532.0	1213088365.0
56011157.0	1213093928.0
54802624.0	1213095428.0
55871921.0	1213097495.0
53670426.0	1213099189.0
35172220.0	1213101392.0
2267505.0	1213105616.0
55921018.0	1213120499.0
7961268.0	1213123212.0
15429838.0	1213125936.0
15429838.0	1213126792.0
8296515.0	1213131340.0
8322383.0	1213143673.0
870589.0	1213145156.0
55873941.0	1213151348.0
536788.0	1213155222.0
2270798.0	1213157894.0
228707.0	1213167772.0
55656841.0	1213168824.0
41676073.0	1213173247.0
9783547.0	1213174926.0
5451904.0	1213176596.0
55144159.0	1213191461.0
1615297.0	1213191609.0
5242799.0	1213214258.0
52635803.0	1213215727.0
56011157.0	1213237546.0
9783713.0	1213239242.0
56011157.0	1213241021.0
55980918.0	1213244916.0
55672834.0	1213249051.0
9413957.0	1213252851.0
10500363.0	1213258707.0
6444825.0	1213262335.0
1621606.0	1213272845.0
6888394.0	1213281459.0
2784014.0	1213302089.0
72138.0	1213309380.0
36316385.0	1213315439.0
54648529.0	1213321959.0
56011747.0	1213335859.0
55897893.0	1213338618.0
5514367.0	1213343267.0
7127523.0	1213345010.0
877237.0	1213345168.0
5642701.0	1213346052.0
5514367.0	1213348174.0
4679758.0	1213352128.0
46890405.0	1213353849.0
38893854.0	1213354753.0
227158.0	1213357120.0
10655962.0	1213360822.0
1467953.0	1213370206.0
5411899.0	1213380144.0
55971859.0	1213385710.0
72151.0	1213395081.0
1290226.0	1213395155.0
7630717.0	1213395691.0
20031708.0	1213397356.0
53648848.0	1213397664.0
10362874.0	1213412918.0
5474896.0	1213414956.0
52780155.0	1213416532.0
6718841.0	1213424710.0
4667953.0	1213436883.0
55901014.0	1213438026.0
9371087.0	1213438853.0
9255202.0	1213442182.0
10830263.0	1213451843.0
1298869.0	1213459474.0
5161444.0	1213459997.0
72162.0	1213501015.0
5650247.0	1213501382.0
71711.0	1213503332.0
9083014.0	1213520913.0
3226263.0	1213529050.0
55773241.0	1213529472.0
35611381.0	1213534540.0
5497708.0	1213541901.0
37637917.0	1213547163.0
5820248.0	1213547268.0
29033598.0	1213559920.0
6239761.0	1213568323.0
10515641.0	1213581327.0
1849796.0	1213583548.0
35323827.0	1213584946.0
10257866.0	1213587719.0
41380715.0	1213591332.0
3848125.0	1213596620.0
56023259.0	1213599741.0
55352065.0	1213601017.0
1980815.0	1213604122.0
2482462.0	1213608726.0
266040.0	1213611821.0
55741602.0	1213612387.0
956833.0	1213612935.0
9708042.0	1213613842.0
3766153.0	1213614654.0
50493739.0	1213614713.0
2106718.0	1213615562.0
5966056.0	1213615753.0
5656319.0	1213615916.0
55712239.0	1213615964.0
52307463.0	1213616066.0
55828636.0	1213616363.0
25452358.0	1213617244.0
8327395.0	1213617995.0
461607.0	1213618547.0
440442.0	1213620039.0
55712239.0	1213620129.0
7775540.0	1213620820.0
1160369.0	1213622732.0
7504529.0	1213624729.0
6597359.0	1213638438.0
8389503.0	1213648325.0
6622171.0	1213651265.0
20096638.0	1213658308.0
7483876.0	1213667138.0
759181.0	1213672537.0
44567931.0	1213677215.0
53211253.0	1213677811.0
4801733.0	1213681252.0
55778702.0	1213685546.0
55866632.0	1213691956.0
54226002.0	1213692652.0
9132452.0	1213695219.0
55764895.0	1213695591.0
1493984.0	1213698187.0
35560818.0	1213700342.0
860655.0	1213703055.0
46547324.0	1213703844.0
49032172.0	1213706316.0
52238419.0	1213708806.0
3146947.0	1213716505.0
55890270.0	1213717045.0
583622.0	1213732731.0
48565425.0	1213739326.0
4051807.0	1213748241.0
1408457.0	1213756208.0
55699329.0	1213765262.0
38894422.0	1213770065.0
7911347.0	1213774715.0
55916693.0	1213776899.0
51986962.0	1213777002.0
55941141.0	1213780258.0
50775397.0	1213781315.0
51824456.0	1213782939.0
4879851.0	1213783996.0
2374212.0	1213785021.0
461607.0	1213792717.0
55830948.0	1213796615.0
45513432.0	1213798695.0
6625050.0	1213799156.0
2814203.0	1213803856.0
10019886.0	1213804849.0
55864736.0	1213820471.0
8347963.0	1213832749.0
10005917.0	1213837011.0
52576936.0	1213837204.0
8636991.0	1213839057.0
9731823.0	1213840396.0
55162961.0	1213842216.0
6029885.0	1213843895.0
845825.0	1213847287.0
6318971.0	1213851242.0
31008144.0	1213851921.0
1527871.0	1213861039.0
55234787.0	1213869896.0
4189601.0	1213871369.0
6473349.0	1213872295.0
5880219.0	1213874191.0
6433256.0	1213876208.0
54795596.0	1213877556.0
55831692.0	1213878045.0
10567248.0	1213881442.0
55732055.0	1213885773.0
55863908.0	1213901700.0
10054660.0	1213902352.0
56020460.0	1213903019.0
1203542.0	1213918313.0
5880219.0	1213931375.0
55813038.0	1213933794.0
55813038.0	1213935522.0
2334827.0	1213937225.0
10455732.0	1213940178.0
2703803.0	1213946160.0
8235917.0	1213948819.0
10632148.0	1213951377.0
7550711.0	1213951467.0
55820264.0	1213953680.0
877237.0	1213957583.0
53320989.0	1213959672.0
9130758.0	1213961209.0
18656732.0	1213962742.0
1178983.0	1213964670.0
55900146.0	1213967561.0
10531553.0	1213967705.0
2040866.0	1213971257.0
35503721.0	1213972851.0
55667196.0	1213987561.0
7483876.0	1214015007.0
35560818.0	1214023705.0
10061011.0	1214024110.0
940053.0	1214024404.0
6886705.0	1214029183.0
7496990.0	1214043995.0
55892785.0	1214046516.0
1971046.0	1214050170.0
5606267.0	1214055389.0
7977165.0	1214065729.0
9112785.0	1214080193.0
46538715.0	1214082611.0
5985556.0	1214103838.0
6421881.0	1214111379.0
2712628.0	1214113366.0
45424417.0	1214119140.0
55936224.0	1214125800.0
7533728.0	1214128822.0
54475958.0	1214130564.0
55968130.0	1214133884.0
1969075.0	1214134171.0
11223661.0	1214144113.0
8396022.0	1214159198.0
45205464.0	1214167667.0
53830466.0	1214167974.0
3517740.0	1214169281.0
6970568.0	1214169866.0
22288506.0	1214172519.0
4073389.0	1214174175.0
3843262.0	1214179428.0
9512299.0	1214179812.0
4802274.0	1214182220.0
6416123.0	1214183196.0
871570.0	1214183262.0
1483339.0	1214184389.0
22288506.0	1214185209.0
2427162.0	1214194131.0
55926103.0	1214196825.0
5186470.0	1214201119.0
11223661.0	1214201171.0
5314289.0	1214201383.0
5123525.0	1214202527.0
55952003.0	1214203614.0
55930019.0	1214204303.0
72290.0	1214212255.0
6892025.0	1214214541.0
45424417.0	1214219192.0
53321050.0	1214219397.0
9130758.0	1214224369.0
5381208.0	1214225369.0
55973639.0	1214226533.0
11114287.0	1214227676.0
7627395.0	1214235562.0
55734832.0	1214236642.0
55757619.0	1214236843.0
10167197.0	1214246204.0
7968768.0	1214246719.0
1412484.0	1214250999.0
53756789.0	1214253888.0
55882688.0	1214256515.0
38229038.0	1214260672.0
10938126.0	1214270267.0
55789929.0	1214272598.0
36805052.0	1214279617.0
19636930.0	1214282384.0
4185444.0	1214283254.0
54850774.0	1214284203.0
10679950.0	1214287992.0
6574492.0	1214296188.0
6160617.0	1214300906.0
8283005.0	1214303211.0
52624260.0	1214311033.0
2127451.0	1214311063.0
6416123.0	1214311225.0
11315504.0	1214314862.0
51094145.0	1214316990.0
50381587.0	1214317782.0
55989688.0	1214317965.0
55786207.0	1214330248.0
788153.0	1214331130.0
55831505.0	1214337492.0
218335.0	1214338077.0
11164780.0	1214343984.0
51569350.0	1214346014.0
51466375.0	1214354030.0
55777123.0	1214354213.0
55893693.0	1214354445.0
7079332.0	1214354700.0
37057207.0	1214358314.0
5054246.0	1214363531.0
55823290.0	1214365945.0
8741975.0	1214366329.0
5207724.0	1214366540.0
17600355.0	1214366779.0
8399495.0	1214368359.0
1586318.0	1214369208.0
2342052.0	1214370135.0
37057207.0	1214370584.0
9854788.0	1214371198.0
192303.0	1214371400.0
37057207.0	1214371772.0
55791586.0	1214372460.0
36806599.0	1214373902.0
2174488.0	1214374794.0
34813617.0	1214375160.0
55995441.0	1214375298.0
1181745.0	1214375523.0
2360620.0	1214377475.0
55874476.0	1214379222.0
55986899.0	1214380079.0
2042514.0	1214381764.0
50045586.0	1214383423.0
55878480.0	1214384106.0
1270247.0	1214384743.0
49400505.0	1214385359.0
55857546.0	1214387592.0
4142104.0	1214387624.0
55825130.0	1214387691.0
19146277.0	1214387805.0
39955858.0	1214388270.0
55760601.0	1214389429.0
55787804.0	1214390112.0
55703400.0	1214390930.0
6806227.0	1214391336.0
55752279.0	1214391701.0
53294589.0	1214392726.0
6413014.0	1214392804.0
6212343.0	1214393134.0
52256347.0	1214393549.0
55825130.0	1214393679.0
32298587.0	1214394595.0
10239185.0	1214395393.0
9407801.0	1214395748.0
10830796.0	1214395913.0
55804461.0	1214396906.0
10239185.0	1214397188.0
1157255.0	1214397278.0
55727862.0	1214398080.0
72290.0	1214400177.0
27564104.0	1214403308.0
55871568.0	1214403365.0
50381587.0	1214404291.0
6459887.0	1214405248.0
55769359.0	1214405275.0
55849949.0	1214405439.0
55769359.0	1214405549.0
4019461.0	1214410298.0
2505468.0	1214410300.0
681057.0	1214410699.0
40845214.0	1214411960.0
51564023.0	1214412899.0
55761492.0	1214413160.0
6015856.0	1214414285.0
55713107.0	1214415658.0
7504529.0	1214415698.0
1612431.0	1214416006.0
55727862.0	1214416269.0
52227348.0	1214416655.0
55828391.0	1214418793.0
903529.0	1214429948.0
52473164.0	1214431669.0
316815.0	1214431837.0
55814714.0	1214432301.0
55960404.0	1214432438.0
55663165.0	1214433547.0
51764358.0	1214433670.0
1882826.0	1214434332.0
20474863.0	1214435562.0
55871921.0	1214436267.0
10633527.0	1214437773.0
6037590.0	1214438086.0
6552881.0	1214438989.0
7896785.0	1214439659.0
180522.0	1214440231.0
42222973.0	1214444156.0
55961208.0	1214445054.0
53461199.0	1214445764.0
6552881.0	1214445929.0
55944782.0	1214453169.0
55699329.0	1214453465.0
2978019.0	1214453700.0
52714625.0	1214453721.0
23458832.0	1214454588.0
55936992.0	1214455762.0
46681779.0	1214458782.0
877237.0	1214460563.0
56027560.0	1214460610.0
55791586.0	1214460730.0
55997848.0	1214460751.0
55845719.0	1214460853.0
55805779.0	1214461052.0
55791586.0	1214461209.0
56013004.0	1214461744.0
6459887.0	1214462140.0
54552316.0	1214463199.0
55796203.0	1214465269.0
20723954.0	1214465339.0
7539471.0	1214466385.0
55938654.0	1214466840.0
38212442.0	1214467095.0
8532342.0	1214467257.0
6015856.0	1214468923.0
51564023.0	1214469905.0
6918941.0	1214469958.0
55895355.0	1214470405.0
55710697.0	1214471046.0
407544.0	1214471220.0
56010633.0	1214471277.0
8319020.0	1214471533.0
55887958.0	1214471571.0
7429718.0	1214471877.0
6038575.0	1214471919.0
6443711.0	1214471954.0
48395486.0	1214472178.0
5313019.0	1214472257.0
55827032.0	1214472330.0
55827032.0	1214472332.0
54407781.0	1214472371.0
6961726.0	1214472384.0
8637654.0	1214472386.0
52187497.0	1214472472.0
55951663.0	1214472677.0
10849561.0	1214472957.0
50974071.0	1214472976.0
9411583.0	1214473468.0
55662465.0	1214473913.0
3535574.0	1214474517.0
55998138.0	1214474951.0
570385.0	1214476450.0
12829249.0	1214477045.0
8219648.0	1214478211.0
8219648.0	1214478352.0
8219648.0	1214478648.0
4271878.0	1214478666.0
5142522.0	1214478669.0
2785157.0	1214478779.0
10204223.0	1214478886.0
180522.0	1214479052.0
27155212.0	1214479342.0
55650724.0	1214479369.0
9034839.0	1214479715.0
55666804.0	1214479785.0
6728447.0	1214479881.0
54526702.0	1214479911.0
55836749.0	1214479963.0
35323827.0	1214479994.0
7528883.0	1214480039.0
55975687.0	1214480103.0
8241564.0	1214480241.0
591149.0	1214480331.0
56011792.0	1214480342.0
8713017.0	1214480606.0
24931312.0	1214481226.0
55952982.0	1214481546.0
6916750.0	1214481619.0
55727862.0	1214481694.0
7728093.0	1214481733.0
6916750.0	1214481801.0
6958381.0	1214481941.0
55932177.0	1214482307.0
2703803.0	1214482372.0
1192954.0	1214482404.0
11253037.0	1214482742.0
47352213.0	1214483096.0
27735837.0	1214483757.0
56017521.0	1214483916.0
7398483.0	1214484155.0
53793493.0	1214486778.0
272085.0	1214487442.0
20525817.0	1214489163.0
51577166.0	1214493363.0
8276805.0	1214494189.0
51564023.0	1214495480.0
55982167.0	1214495652.0
9931981.0	1214495883.0
56003522.0	1214496617.0
34343472.0	1214497101.0
55941810.0	1214497490.0
55936561.0	1214498920.0
745186.0	1214499008.0
7539471.0	1214499822.0
608853.0	1214499866.0
453940.0	1214500103.0
55673130.0	1214500748.0
55433915.0	1214500813.0
9769215.0	1214501217.0
8520793.0	1214502099.0
46681779.0	1214502350.0
55874638.0	1214504300.0
55710725.0	1214505019.0
55793062.0	1214505126.0
55708693.0	1214506174.0
9243634.0	1214506287.0
147930.0	1214507357.0
55855338.0	1214507552.0
42043258.0	1214509076.0
10851906.0	1214509486.0
7539471.0	1214512087.0
38252467.0	1214513001.0
19433167.0	1214516456.0
53401345.0	1214519855.0
54018578.0	1214520395.0
72464.0	1214520939.0
1058778.0	1214522598.0
51065687.0	1214524567.0
2173734.0	1214530776.0
5845323.0	1214531215.0
20525817.0	1214532013.0
53702592.0	1214534982.0
8529972.0	1214535306.0
19433167.0	1214535551.0
6733357.0	1214535916.0
72471.0	1214536116.0
6733357.0	1214536699.0
54579336.0	1214536811.0
11154852.0	1214537407.0
55949760.0	1214537437.0
55864020.0	1214537790.0
51812875.0	1214537923.0
2697329.0	1214538152.0
55831505.0	1214538344.0
52685607.0	1214539024.0
56027560.0	1214539599.0
51921627.0	1214540068.0
6733357.0	1214540137.0
6733357.0	1214540260.0
4095928.0	1214540892.0
6274056.0	1214541077.0
20525817.0	1214541274.0
8040581.0	1214541991.0
6733357.0	1214542902.0
4041491.0	1214543168.0
893847.0	1214543314.0
55838252.0	1214543812.0
37018099.0	1214543881.0
55760153.0	1214544197.0
7424858.0	1214544220.0
574246.0	1214544253.0
51645922.0	1214544486.0
55874638.0	1214545043.0
52740627.0	1214545235.0
6055404.0	1214545511.0
5527135.0	1214545645.0
3274165.0	1214546593.0
4051654.0	1214547228.0
55723064.0	1214547547.0
55580101.0	1214547565.0
7818776.0	1214547838.0
9563001.0	1214555134.0
10658473.0	1214555256.0
45216682.0	1214555744.0
1804128.0	1214556287.0
55992187.0	1214558661.0
10186338.0	1214558833.0
55805892.0	1214559061.0
54771546.0	1214559999.0
6479107.0	1214560524.0
1529687.0	1214560899.0
34428222.0	1214561801.0
55708226.0	1214561845.0
55759445.0	1214561847.0
53712316.0	1214562056.0
9563001.0	1214562070.0
9563001.0	1214562294.0
54580212.0	1214562460.0
52082172.0	1214563007.0
55888545.0	1214563442.0
20149553.0	1214563532.0
2936129.0	1214563894.0
8293868.0	1214563907.0
8740481.0	1214564100.0
55968720.0	1214564570.0
9194664.0	1214565514.0
2423646.0	1214566101.0
10634626.0	1214566395.0
2150957.0	1214566872.0
8740481.0	1214567154.0
7404033.0	1214567235.0
4069819.0	1214567680.0
55942469.0	1214568826.0
5467800.0	1214569907.0
55927946.0	1214570095.0
2773889.0	1214570495.0
2773889.0	1214570628.0
5906480.0	1214570985.0
604423.0	1214571958.0
53754470.0	1214571990.0
34813617.0	1214573389.0
1613273.0	1214573483.0
8569220.0	1214576320.0
56027560.0	1214576401.0
8569220.0	1214577607.0
55948931.0	1214578742.0
46861146.0	1214579430.0
55784162.0	1214579965.0
1836975.0	1214580240.0
52508786.0	1214580327.0
44375203.0	1214580734.0
55869794.0	1214580959.0
1407383.0	1214580968.0
3827641.0	1214585141.0
9790203.0	1214585665.0
48565425.0	1214585756.0
9790203.0	1214585781.0
5052820.0	1214589664.0
38213850.0	1214590045.0
3582499.0	1214593616.0
3377934.0	1214594635.0
2173734.0	1214597244.0
55670246.0	1214597702.0
846266.0	1214598978.0
54849976.0	1214602113.0
44754988.0	1214602951.0
44754988.0	1214603212.0
53265792.0	1214603423.0
44754988.0	1214604936.0
55919236.0	1214607296.0
2450586.0	1214609807.0
3088409.0	1214609836.0
52756231.0	1214611724.0
55989964.0	1214612218.0
2188788.0	1214619404.0
9202732.0	1214619760.0
55613376.0	1214620200.0
1083172.0	1214622327.0
3205962.0	1214623159.0
7453735.0	1214627334.0
1083172.0	1214628384.0
2117391.0	1214628860.0
55880161.0	1214628918.0
54450806.0	1214630298.0
55895355.0	1214632106.0
5806803.0	1214632248.0
55888852.0	1214632252.0
334010.0	1214632704.0
25775524.0	1214633199.0
54388695.0	1214633719.0
2462064.0	1214634191.0
1849661.0	1214634282.0
53934805.0	1214634773.0
53712316.0	1214635701.0
55880522.0	1214636574.0
55907278.0	1214637879.0
55653066.0	1214638667.0
31862159.0	1214638736.0
54695057.0	1214638960.0
5569442.0	1214639946.0
55931615.0	1214640957.0
55933698.0	1214641645.0
35528272.0	1214643433.0
21824798.0	1214643451.0
4069035.0	1214643937.0
55665625.0	1214647353.0
9264078.0	1214648722.0
49894958.0	1214648785.0
55991312.0	1214649132.0
22065139.0	1214650851.0
22065139.0	1214651373.0
22065139.0	1214651795.0
22065139.0	1214652361.0
55997054.0	1214652497.0
5844436.0	1214653177.0
51404092.0	1214653639.0
51404092.0	1214654398.0
55699436.0	1214656193.0
899095.0	1214657231.0
55642495.0	1214657584.0
1350423.0	1214658628.0
7939818.0	1214662839.0
55731723.0	1214666792.0
3426226.0	1214667223.0
22065139.0	1214667597.0
9202732.0	1214668065.0
53264019.0	1214669140.0
55725878.0	1214669479.0
2704245.0	1214670209.0
55830216.0	1214675432.0
1981362.0	1214679273.0
56029048.0	1214684868.0
2603920.0	1214687455.0
8713017.0	1214713376.0
5377972.0	1214713992.0
52967769.0	1214716116.0
38916771.0	1214720112.0
38916771.0	1214720341.0
4824138.0	1214722061.0
6177220.0	1214726454.0
7466864.0	1214726649.0
7466864.0	1214726970.0
55537719.0	1214728639.0
827822.0	1214729510.0
1061298.0	1214733255.0
35995791.0	1214733971.0
2797690.0	1214735150.0
5045183.0	1214735832.0
52967769.0	1214738882.0
51812875.0	1214741740.0
55871063.0	1214746364.0
2784014.0	1214749254.0
9564949.0	1214753261.0
7453735.0	1214757988.0
3417192.0	1214759898.0
2432083.0	1214761934.0
8745491.0	1214762736.0
39605336.0	1214766622.0
55849479.0	1214767115.0
6046517.0	1214768728.0
54714645.0	1214771986.0
51664427.0	1214777107.0
55951029.0	1214778266.0
34428222.0	1214780361.0
55878199.0	1214784848.0
5436680.0	1214788440.0
10567248.0	1214794701.0
54738172.0	1214797009.0
5971898.0	1214798510.0
52856222.0	1214799992.0
55800341.0	1214804308.0
31008144.0	1214804595.0
55705662.0	1214807469.0
1074727.0	1214808627.0
55831505.0	1214810202.0
55795874.0	1214810666.0
3090828.0	1214810873.0
55875890.0	1214811856.0
56021112.0	1214817270.0
72151.0	1214825544.0
3535574.0	1214825991.0
55726526.0	1214827688.0
55761492.0	1214828202.0
7392751.0	1214828522.0
35323827.0	1214830978.0
52073832.0	1214835206.0
54381244.0	1214840590.0
55880522.0	1214842665.0
55832063.0	1214843556.0
1969350.0	1214844376.0
6417885.0	1214844993.0
56005512.0	1214845471.0
55280479.0	1214846805.0
55948931.0	1214849125.0
2502467.0	1214856653.0
5345607.0	1214858258.0
10630491.0	1214858568.0
9020709.0	1214863270.0
55949256.0	1214871355.0
11447101.0	1214872749.0
42872035.0	1214875685.0
54738172.0	1214880813.0
9048931.0	1214882912.0
9403843.0	1214885938.0
7988983.0	1214888324.0
55889771.0	1214891665.0
1389453.0	1214895404.0
55696103.0	1214896840.0
27762983.0	1214899085.0
5644527.0	1214900879.0
55816610.0	1214902531.0
8513631.0	1214902971.0
18492479.0	1214905026.0
41969703.0	1214905196.0
53598942.0	1214905657.0
3884440.0	1214906526.0
16381542.0	1214911982.0
6742729.0	1214912451.0
7539049.0	1214917542.0
55839667.0	1214924854.0
55816855.0	1214928088.0
9711786.0	1214932980.0
54060287.0	1214935192.0
55696103.0	1214936297.0
55726526.0	1214937437.0
6718007.0	1214937703.0
6718007.0	1214938077.0
9005645.0	1214940306.0
1432862.0	1214944317.0
54918088.0	1214949283.0
1458268.0	1214956610.0
8959186.0	1214956658.0
6680562.0	1214965997.0
53456218.0	1214966432.0
53689951.0	1214969910.0
7033636.0	1214971129.0
55700379.0	1214974301.0
52503713.0	1214974845.0
4933685.0	1214980168.0
6740849.0	1214980956.0
5436584.0	1214981776.0
22288506.0	1214982141.0
55982971.0	1214982299.0
22288506.0	1214983338.0
55773749.0	1214983540.0
10036332.0	1214994000.0
38916771.0	1214996652.0
55611390.0	1214996776.0
55682529.0	1214999404.0
9351385.0	1214999614.0
56009279.0	1215000775.0
5190763.0	1215003403.0
2231057.0	1215003518.0
5451959.0	1215011522.0
27762983.0	1215013537.0
3745595.0	1215014957.0
55994122.0	1215016485.0
52297311.0	1215028115.0
9459918.0	1215038446.0
55855338.0	1215046651.0
9211337.0	1215051098.0
37057207.0	1215052849.0
55794147.0	1215054195.0
4197558.0	1215054800.0
10735280.0	1215056327.0
45908574.0	1215057479.0
6920113.0	1215067670.0
45942806.0	1215070345.0
45942806.0	1215070379.0
55013880.0	1215070487.0
55720899.0	1215071869.0
55831692.0	1215081891.0
205338.0	1215084942.0
5652324.0	1215085234.0
6075016.0	1215086352.0
52766878.0	1215087372.0
55794879.0	1215094628.0
55794879.0	1215094681.0
55794879.0	1215094780.0
6115546.0	1215097516.0
6380507.0	1215114548.0
55707145.0	1215127322.0
5333331.0	1215127350.0
55855338.0	1215127518.0
55855338.0	1215128457.0
6711925.0	1215148651.0
55919536.0	1215151567.0
10912679.0	1215151936.0
55835590.0	1215154177.0
72685.0	1215161889.0
2402103.0	1215162935.0
55835590.0	1215163212.0
2402103.0	1215164569.0
52521124.0	1215166098.0
6115546.0	1215166234.0
55814687.0	1215167438.0
53840880.0	1215168550.0
10585374.0	1215169403.0
7510314.0	1215170694.0
55907645.0	1215170970.0
7961268.0	1215171166.0
5288168.0	1215171382.0
1389453.0	1215171455.0
2971566.0	1215172524.0
71711.0	1215173750.0
30429820.0	1215174179.0
7961268.0	1215174416.0
56026290.0	1215177719.0
55981661.0	1215180068.0
55479393.0	1215183576.0
972626.0	1215188745.0
34650.0	1215191390.0
6733357.0	1215191850.0
4824746.0	1215202004.0
3535241.0	1215210963.0
56000765.0	1215218435.0
4881652.0	1215224339.0
7496515.0	1215233062.0
2173734.0	1215238090.0
50671732.0	1215238617.0
55972795.0	1215242875.0
2961686.0	1215244648.0
7743655.0	1215244900.0
21051557.0	1215248710.0
55868515.0	1215249461.0
55809742.0	1215250152.0
21051557.0	1215250205.0
53032728.0	1215252558.0
53950133.0	1215253969.0
55874425.0	1215261570.0
4062183.0	1215263589.0
32724177.0	1215268307.0
5252597.0	1215269785.0
5996553.0	1215274912.0
5252597.0	1215277419.0
5252597.0	1215278942.0
46894572.0	1215283918.0
38954523.0	1215298615.0
55830948.0	1215299427.0
55661317.0	1215306974.0
7438177.0	1215316532.0
55964533.0	1215318366.0
55661317.0	1215320476.0
334010.0	1215322541.0
72718.0	1215325703.0
7437969.0	1215326110.0
55974390.0	1215330993.0
55974390.0	1215337350.0
55710725.0	1215338942.0
1623730.0	1215343438.0
8575270.0	1215344652.0
55890270.0	1215351714.0
55843869.0	1215359136.0
2464033.0	1215371147.0
55794147.0	1215400957.0
49152632.0	1215402147.0
51124312.0	1215403828.0
6876001.0	1215405787.0
54503669.0	1215406467.0
55749582.0	1215406593.0
51761606.0	1215406765.0
55658204.0	1215407710.0
425447.0	1215412826.0
5436584.0	1215416613.0
26198228.0	1215417682.0
52073832.0	1215418729.0
5294934.0	1215423307.0
55989913.0	1215423580.0
55895244.0	1215428012.0
51103578.0	1215428376.0
55863507.0	1215430757.0
54771546.0	1215431127.0
5646463.0	1215431171.0
34316543.0	1215431172.0
54217493.0	1215431567.0
55963429.0	1215431682.0
55666858.0	1215431738.0
1207817.0	1215431843.0
54771546.0	1215431958.0
27405739.0	1215432016.0
52868958.0	1215432034.0
5455036.0	1215432148.0
1604144.0	1215432245.0
21824798.0	1215432264.0
55960650.0	1215432382.0
40520329.0	1215432707.0
55949760.0	1215432713.0
9407801.0	1215432764.0
5581897.0	1215432772.0
3550158.0	1215432791.0
3608221.0	1215433005.0
5474896.0	1215433054.0
3575792.0	1215433125.0
55949760.0	1215433202.0
7907598.0	1215433280.0
6075016.0	1215434218.0
53574297.0	1215434866.0
11778208.0	1215434969.0
35560818.0	1215435233.0
55949760.0	1215435319.0
55943857.0	1215435777.0
55949760.0	1215435778.0
5344616.0	1215435797.0
4870936.0	1215436076.0
55942419.0	1215436355.0
5344616.0	1215436373.0
55648360.0	1215436840.0
55670246.0	1215437133.0
53574297.0	1215437278.0
55860504.0	1215437495.0
55899566.0	1215437543.0
55860504.0	1215437559.0
56017683.0	1215437713.0
10826537.0	1215437743.0
2173734.0	1215437847.0
55731430.0	1215437990.0
53712316.0	1215438094.0
53598942.0	1215438300.0
43804183.0	1215438359.0
16304491.0	1215438501.0
29159875.0	1215438553.0
2979634.0	1215438589.0
8017526.0	1215438993.0
56018623.0	1215439002.0
26198228.0	1215439015.0
5098216.0	1215439040.0
10167197.0	1215439202.0
55890270.0	1215439214.0
48495951.0	1215439293.0
5515273.0	1215439381.0
5575325.0	1215439415.0
7866517.0	1215439417.0
55832063.0	1215439609.0
72765.0	1215439651.0
2173734.0	1215439687.0
72766.0	1215439694.0
4929521.0	1215439843.0
2736221.0	1215439913.0
55890270.0	1215439953.0
47112115.0	1215440116.0
55714558.0	1215440353.0
378312.0	1215440506.0
420582.0	1215440546.0
53726186.0	1215440773.0
56013004.0	1215440838.0
6234732.0	1215440907.0
3057233.0	1215440925.0
56006140.0	1215440995.0
5646463.0	1215441162.0
1003621.0	1215441234.0
56013004.0	1215441653.0
11142695.0	1215441664.0
9866604.0	1215441916.0
36324308.0	1215442051.0
56007425.0	1215442180.0
6158449.0	1215442340.0
10408146.0	1215442385.0
2224405.0	1215442437.0
55674076.0	1215442500.0
2173734.0	1215443231.0
2173734.0	1215443234.0
3236770.0	1215443324.0
3557409.0	1215443335.0
34296374.0	1215443356.0
2103507.0	1215443473.0
6636754.0	1215444070.0
5334707.0	1215444077.0
1692969.0	1215444554.0
54876198.0	1215444683.0
8834620.0	1215444718.0
8834620.0	1215444737.0
55968203.0	1215444957.0
55863297.0	1215445101.0
55977501.0	1215445241.0
36142782.0	1215446593.0
55842494.0	1215446671.0
9423099.0	1215446677.0
11262001.0	1215446894.0
3585626.0	1215447271.0
8389503.0	1215447509.0
5288168.0	1215448662.0
3143361.0	1215449450.0
54456599.0	1215449569.0
562930.0	1215449718.0
51692625.0	1215450229.0
406273.0	1215450346.0
5586118.0	1215451315.0
1046895.0	1215451452.0
54513211.0	1215451545.0
7466864.0	1215451968.0
15154160.0	1215452780.0
6625050.0	1215453158.0
7528312.0	1215453253.0
1458268.0	1215454090.0
5141907.0	1215454094.0
53401345.0	1215454374.0
55653678.0	1215454982.0
52780155.0	1215455771.0
41898925.0	1215455784.0
52606379.0	1215455878.0
51908557.0	1215456176.0
55975037.0	1215457120.0
55764599.0	1215457283.0
2216524.0	1215459537.0
55663165.0	1215459887.0
3339271.0	1215460728.0
8741785.0	1215462866.0
8741785.0	1215462879.0
72809.0	1215463594.0
10408013.0	1215463684.0
351226.0	1215464516.0
72809.0	1215464667.0
54264314.0	1215464712.0
53320989.0	1215464717.0
9398173.0	1215464852.0
8682218.0	1215465426.0
19704928.0	1215465527.0
6656807.0	1215465555.0
2030482.0	1215465581.0
8741785.0	1215466147.0
72816.0	1215466996.0
72816.0	1215467033.0
72816.0	1215467062.0
72816.0	1215467073.0
4074218.0	1215467441.0
33154912.0	1215468647.0
54475669.0	1215469485.0
55980375.0	1215469647.0
7652868.0	1215470080.0
52890019.0	1215470727.0
2166763.0	1215471096.0
2166763.0	1215471164.0
1538641.0	1215471595.0
72824.0	1215473487.0
55980329.0	1215473489.0
1023210.0	1215473681.0
55997503.0	1215473783.0
10102167.0	1215474539.0
1344948.0	1215474778.0
55826744.0	1215475703.0
55855639.0	1215476014.0
72830.0	1215477491.0
55651704.0	1215478474.0
10875219.0	1215478511.0
50978729.0	1215479459.0
56024774.0	1215479839.0
55714629.0	1215479897.0
1061040.0	1215480757.0
7426222.0	1215481240.0
35995791.0	1215481396.0
56014427.0	1215482862.0
1061040.0	1215482905.0
9645677.0	1215483073.0
54605271.0	1215483430.0
53194293.0	1215483973.0
49686300.0	1215485208.0
34428222.0	1215487048.0
55658537.0	1215487187.0
52035576.0	1215487292.0
55831692.0	1215487410.0
55998138.0	1215487566.0
55797952.0	1215487797.0
9867290.0	1215487844.0
1270247.0	1215488767.0
9113809.0	1215488806.0
6608958.0	1215490394.0
8602095.0	1215490405.0
3739805.0	1215490882.0
56007425.0	1215491214.0
41368152.0	1215491524.0
72102.0	1215491531.0
1342096.0	1215492700.0
51160121.0	1215493532.0
218335.0	1215493760.0
55947866.0	1215493763.0
6115546.0	1215493838.0
27155212.0	1215494238.0
55879944.0	1215494510.0
6430923.0	1215494677.0
55905861.0	1215494820.0
3530219.0	1215495036.0
2912572.0	1215495322.0
2173734.0	1215495503.0
3149410.0	1215495525.0
49419529.0	1215495558.0
385893.0	1215495806.0
11316356.0	1215496041.0
6361954.0	1215496155.0
3530219.0	1215496243.0
55694583.0	1215497052.0
590568.0	1215497117.0
4929521.0	1215497139.0
55793977.0	1215497503.0
206076.0	1215497581.0
8684897.0	1215497789.0
55973639.0	1215497813.0
56013004.0	1215497979.0
55936224.0	1215498169.0
6277963.0	1215498278.0
55793977.0	1215498329.0
1207817.0	1215499055.0
3844816.0	1215499221.0
1441917.0	1215499536.0
1441917.0	1215499544.0
10119955.0	1215499566.0
56009279.0	1215500252.0
7536668.0	1215500253.0
55827818.0	1215500345.0
51832989.0	1215500738.0
9080239.0	1215501155.0
7287262.0	1215501209.0
8283005.0	1215501535.0
14375994.0	1215502108.0
55950702.0	1215502180.0
55752801.0	1215502389.0
1854170.0	1215502424.0
55657876.0	1215502589.0
11727207.0	1215502812.0
51548974.0	1215502932.0
4019461.0	1215503162.0
2505468.0	1215503163.0
55958561.0	1215503223.0
11413891.0	1215503443.0
49175082.0	1215503459.0
55936224.0	1215504544.0
52353471.0	1215505001.0
3486821.0	1215505342.0
55958438.0	1215505506.0
51008606.0	1215506098.0
6916750.0	1215506885.0
71601.0	1215508006.0
5772471.0	1215508677.0
49419529.0	1215508716.0
8361877.0	1215508752.0
55974723.0	1215509750.0
31994618.0	1215509877.0
55979625.0	1215509915.0
55962285.0	1215510047.0
2174488.0	1215510866.0
56018623.0	1215510986.0
1697253.0	1215511673.0
275963.0	1215511775.0
8741785.0	1215511791.0
54738172.0	1215512434.0
7301197.0	1215513076.0
8684897.0	1215513491.0
6740849.0	1215513596.0
1063453.0	1215513963.0
1376608.0	1215513990.0
3225662.0	1215516351.0
52890019.0	1215517685.0
27571845.0	1215518134.0
55888178.0	1215519224.0
11891240.0	1215519532.0
55867985.0	1215520634.0
55721740.0	1215520855.0
3606518.0	1215522336.0
53087011.0	1215523919.0
34017492.0	1215524771.0
7629707.0	1215525101.0
53372548.0	1215525791.0
3121103.0	1215526041.0
6037590.0	1215527852.0
7533847.0	1215530943.0
3935876.0	1215530947.0
4271710.0	1215531129.0
51541112.0	1215535246.0
4204314.0	1215536100.0
55839667.0	1215540158.0
916708.0	1215543272.0
29520070.0	1215543511.0
11824993.0	1215545370.0
55677082.0	1215546709.0
9518695.0	1215548583.0
7301141.0	1215549313.0
227158.0	1215557787.0
55838362.0	1215562783.0
3881044.0	1215563630.0
55957465.0	1215564393.0
7209951.0	1215565949.0
5187787.0	1215566060.0
11857182.0	1215566190.0
55928145.0	1215570150.0
1980554.0	1215574420.0
4814960.0	1215575176.0
6404966.0	1215575767.0
9020655.0	1215576419.0
669369.0	1215576653.0
8729726.0	1215576750.0
54288101.0	1215576856.0
55842494.0	1215577250.0
46234183.0	1215577963.0
51744435.0	1215578150.0
5412366.0	1215578720.0
55842494.0	1215579388.0
54876198.0	1215579954.0
7097366.0	1215580240.0
51744435.0	1215580303.0
2216925.0	1215581283.0
34308682.0	1215582543.0
11662730.0	1215582589.0
9250997.0	1215582743.0
49368680.0	1215583133.0
8600465.0	1215584305.0
11257708.0	1215584597.0
34308682.0	1215585000.0
2108930.0	1215586574.0
34142159.0	1215586891.0
55690949.0	1215587770.0
38002598.0	1215590492.0
3144260.0	1215591141.0
48093445.0	1215593073.0
6561009.0	1215596510.0
5436584.0	1215597165.0
53131088.0	1215597685.0
7932588.0	1215599543.0
55938345.0	1215601345.0
8283378.0	1215601347.0
8101135.0	1215602424.0
55791453.0	1215605139.0
4992132.0	1215606505.0
55845719.0	1215607428.0
55857224.0	1215608981.0
11467127.0	1215609476.0
2959985.0	1215611659.0
55412752.0	1215616950.0
49279800.0	1215622070.0
55888713.0	1215622623.0
17398270.0	1215623553.0
55832421.0	1215624762.0
42043258.0	1215626427.0
55864668.0	1215626884.0
52492600.0	1215627589.0
8149970.0	1215629513.0
9423099.0	1215630059.0
55831294.0	1215630163.0
5183392.0	1215632538.0
9264078.0	1215641785.0
55821708.0	1215645208.0
55821708.0	1215645796.0
72954.0	1215647197.0
3284132.0	1215647537.0
52378149.0	1215653388.0
2108930.0	1215656565.0
6935319.0	1215660109.0
55704971.0	1215661212.0
3516695.0	1215661320.0
1824562.0	1215663589.0
3083996.0	1215665730.0
11638545.0	1215665779.0
50876351.0	1215668659.0
55903916.0	1215670012.0
1250223.0	1215670902.0
1237246.0	1215675424.0
6905673.0	1215677616.0
55965574.0	1215680259.0
34228989.0	1215681241.0
34228989.0	1215681482.0
34228989.0	1215681915.0
4820876.0	1215686406.0
285965.0	1215686676.0
1395946.0	1215686695.0
55663626.0	1215688253.0
34428222.0	1215693703.0
9253320.0	1215696069.0
10266206.0	1215698027.0
9423099.0	1215702453.0
178707.0	1215706424.0
22288506.0	1215708090.0
54939577.0	1215716152.0
7372981.0	1215716620.0
49440824.0	1215717786.0
11283041.0	1215719720.0
36212903.0	1215721590.0
38116871.0	1215736880.0
7433832.0	1215737675.0
55775526.0	1215740441.0
2736221.0	1215740447.0
40755951.0	1215741917.0
564002.0	1215742275.0
2360072.0	1215742289.0
1083172.0	1215743383.0
55828465.0	1215748408.0
193177.0	1215748632.0
20300831.0	1215750662.0
55794147.0	1215752068.0
45425810.0	1215754339.0
6877849.0	1215757083.0
55874661.0	1215757294.0
26997907.0	1215757393.0
615099.0	1215757458.0
29605066.0	1215761881.0
55816610.0	1215763216.0
6579526.0	1215770330.0
52890019.0	1215771227.0
55866535.0	1215771778.0
55872680.0	1215772630.0
45515440.0	1215777097.0
6702338.0	1215777316.0
903923.0	1215777638.0
10641765.0	1215777659.0
55823400.0	1215777963.0
55962571.0	1215778138.0
2983465.0	1215778367.0
