52159242.0	1183624490.0
55783932.0	1184591437.0
55974936.0	1206711221.0
2613185.0	1210050601.0
8684187.0	1211186315.0
9183094.0	1211402863.0
9781267.0	1211718490.0
8150260.0	1213800970.0
11766404.0	1215263155.0
10172365.0	1216205771.0
55749748.0	1217417040.0
52006893.0	1218647723.0
10504156.0	1219320004.0
11900977.0	1219823092.0
12981055.0	1219988334.0
55821098.0	1221708025.0
3690155.0	1223293834.0
55669557.0	1224137753.0
7478633.0	1224746270.0
192706.0	1225174311.0
17059957.0	1227257686.0
1546484.0	1228326871.0
13118562.0	1228674526.0
21561073.0	1228817284.0
46626533.0	1229173391.0
10003145.0	1229715443.0
15584334.0	1231411504.0
55885900.0	1231416903.0
15584334.0	1231454710.0
11513862.0	1231648541.0
7947900.0	1232350722.0
8024873.0	1232445673.0
8150910.0	1233081949.0
13238851.0	1233184616.0
25106667.0	1233217529.0
9131121.0	1233668420.0
36259464.0	1233680877.0
11078917.0	1233819538.0
17727143.0	1234299320.0
13537175.0	1234618497.0
3555994.0	1235378071.0
29511286.0	1235806323.0
25926788.0	1235981699.0
847611.0	1235990784.0
10903611.0	1236002560.0
28536344.0	1236055703.0
9423317.0	1236074152.0
204377.0	1236158546.0
13148461.0	1236171817.0
5819907.0	1236189456.0
11140517.0	1236197701.0
7294676.0	1236207515.0
55818434.0	1236249653.0
14853716.0	1236423185.0
12036932.0	1236512001.0
56025780.0	1236583754.0
55931454.0	1236584190.0
7137113.0	1236584587.0
18030816.0	1236587145.0
28518177.0	1236655384.0
25104743.0	1236680981.0
894731.0	1236754835.0
31204696.0	1236961256.0
30873448.0	1236963396.0
7202705.0	1237009648.0
7202705.0	1237011588.0
7202705.0	1237092826.0
55672735.0	1237126997.0
5102937.0	1237388985.0
5603876.0	1237389094.0
10523835.0	1237389276.0
11268125.0	1237389417.0
7562254.0	1237390372.0
21706233.0	1237391557.0
13584908.0	1237401099.0
23403346.0	1237401979.0
27578576.0	1237403203.0
8968730.0	1237405641.0
30597102.0	1237406113.0
33954829.0	1237468661.0
34450981.0	1237738929.0
52759328.0	1237790081.0
7990051.0	1237803544.0
8518036.0	1237889128.0
23380056.0	1237917432.0
23474299.0	1238097193.0
36021770.0	1238328253.0
48172377.0	1238328391.0
35530467.0	1238328574.0
21603191.0	1238329805.0
24677030.0	1238330769.0
35675016.0	1238330888.0
18704280.0	1238330927.0
11621114.0	1238331268.0
17702125.0	1238341131.0
36042788.0	1238341208.0
27557876.0	1238409617.0
7448019.0	1238474839.0
36007519.0	1238483059.0
29693644.0	1238556366.0
14222757.0	1238563700.0
2489095.0	1238593470.0
15501874.0	1238918185.0
76134.0	1239021686.0
11982262.0	1239285893.0
14603265.0	1239286552.0
55689966.0	1239423422.0
16438333.0	1239424664.0
23988634.0	1239445392.0
34337345.0	1239691884.0
10722460.0	1239788409.0
28868642.0	1239964790.0
54170973.0	1240191553.0
39778949.0	1240305505.0
38819285.0	1240306361.0
11320149.0	1240468148.0
936315.0	1240471790.0
23991061.0	1240757414.0
23737373.0	1240770669.0
51899868.0	1240819138.0
41606356.0	1240932121.0
9381266.0	1240934818.0
4936945.0	1240937121.0
25262266.0	1241253784.0
32182865.0	1241421972.0
30896666.0	1241449761.0
42431363.0	1241578535.0
27016192.0	1241683372.0
32212027.0	1241851716.0
35778042.0	1242029063.0
21545730.0	1242125442.0
38819887.0	1242127072.0
23812506.0	1242247636.0
7655180.0	1242306066.0
40110787.0	1242442761.0
26741724.0	1242546186.0
34157676.0	1242733439.0
55728838.0	1242899692.0
26610168.0	1242900471.0
15428205.0	1242986306.0
14172100.0	1243008414.0
33873930.0	1243178360.0
43594840.0	1243179362.0
27585327.0	1243181188.0
45182150.0	1243182138.0
16933093.0	1243191941.0
45003783.0	1243192923.0
41921978.0	1243193720.0
35924592.0	1243194489.0
11436937.0	1243194910.0
35229638.0	1243196109.0
17657080.0	1243202849.0
17657080.0	1243202975.0
29111759.0	1243206012.0
45003783.0	1243235699.0
31023098.0	1243237740.0
30003690.0	1243279151.0
54377264.0	1243366937.0
45614879.0	1243595830.0
15530137.0	1243625339.0
45241472.0	1243660633.0
45241472.0	1243693724.0
26749928.0	1243844886.0
45241472.0	1243887395.0
45241472.0	1243892328.0
45241472.0	1243975539.0
45241472.0	1243980806.0
45241472.0	1243981712.0
45241472.0	1243990582.0
45297004.0	1244027748.0
11825344.0	1244206575.0
28277633.0	1244451705.0
14322296.0	1244520878.0
17250198.0	1244561962.0
26425495.0	1244567770.0
34782176.0	1244700074.0
44308915.0	1244790963.0
16714644.0	1244822391.0
21412704.0	1244999865.0
55685518.0	1245079615.0
41131556.0	1245152971.0
33445049.0	1245153452.0
44091920.0	1245215599.0
19123866.0	1245240511.0
55862290.0	1245246371.0
40642803.0	1245246503.0
2373347.0	1245246514.0
19496625.0	1245251226.0
37474326.0	1245389130.0
13813738.0	1245409450.0
21806923.0	1245482314.0
42510287.0	1245491031.0
45686179.0	1245544443.0
37010800.0	1245571146.0
19068158.0	1245595761.0
32249491.0	1245661002.0
573219.0	1245706944.0
36379798.0	1245821745.0
24601605.0	1245953745.0
34053230.0	1245992429.0
35495753.0	1246123438.0
41302316.0	1246196243.0
23807386.0	1246375024.0
33703822.0	1246434382.0
34113642.0	1246473882.0
76215.0	1246486456.0
56007187.0	1246530154.0
76217.0	1246533726.0
38876956.0	1246534079.0
50831346.0	1246534182.0
49215958.0	1246534258.0
451462.0	1246546038.0
35495753.0	1246548374.0
36988365.0	1246580177.0
23830655.0	1246603257.0
20396824.0	1246604144.0
3311139.0	1246615657.0
5969127.0	1246616046.0
35055623.0	1246668177.0
43536397.0	1246678275.0
48126623.0	1246792501.0
4147241.0	1246815826.0
41686405.0	1246872522.0
55841892.0	1246932918.0
9944922.0	1246960437.0
38835094.0	1247488900.0
51178421.0	1247499423.0
27894619.0	1247543596.0
38996702.0	1247585494.0
21395072.0	1247661021.0
43030134.0	1247661416.0
44718619.0	1247668780.0
40743374.0	1248088821.0
2803100.0	1248196954.0
2784198.0	1248259084.0
34314634.0	1248262451.0
20573053.0	1248326086.0
20510115.0	1248326579.0
6759602.0	1248330924.0
26846148.0	1248337821.0
26606837.0	1248516190.0
26255305.0	1248616375.0
47932780.0	1248635182.0
25726085.0	1248706328.0
22692394.0	1248767996.0
41113385.0	1248779805.0
47768383.0	1248806612.0
36819568.0	1248842880.0
36819568.0	1248842992.0
5343479.0	1248844757.0
12463754.0	1248845354.0
34524687.0	1248867894.0
7938556.0	1248878015.0
55652362.0	1248969277.0
27011492.0	1249048842.0
35216882.0	1249088794.0
44807740.0	1249164835.0
51811988.0	1249206958.0
36029472.0	1249247571.0
27179790.0	1249278998.0
14903779.0	1249299228.0
8413591.0	1249310064.0
16435690.0	1249339214.0
42595253.0	1249437935.0
49365260.0	1249641298.0
49322871.0	1249778756.0
8753942.0	1249881796.0
22514263.0	1249891274.0
50960673.0	1249974041.0
55671238.0	1249999995.0
44238823.0	1250011066.0
38604552.0	1250011234.0
44238823.0	1250077280.0
28259882.0	1250133909.0
1802608.0	1250146234.0
43448671.0	1250181479.0
76275.0	1250238303.0
24480108.0	1250247842.0
6454462.0	1250777023.0
55164282.0	1250969909.0
746143.0	1251631104.0
18315907.0	1251813806.0
